episode_return,episode_length,total_steps
0,0,0
-9,9,9
3,7,16
-20,20,36
-5,5,41
-1,1,42
-5,15,57
7,3,60
-20,20,80
-20,20,100
0,10,110
8,2,112
6,4,116
-20,20,136
-20,20,156
5,5,161
0,10,171
-20,20,191
5,5,196
8,2,198
-20,20,218
1,9,227
-20,20,247
-20,20,267
5,5,272
-20,20,292
-10,20,312
-20,20,332
4,6,338
-1,11,349
-3,13,362
7,3,365
-3,13,378
4,6,384
4,6,390
0,10,400
-6,16,416
-14,14,430
8,2,432
6,4,436
9,1,437
-20,20,457
-20,20,477
-3,13,490
7,3,493
9,1,494
-20,20,514
-20,20,534
-9,9,543
-20,20,563
7,3,566
-4,4,570
6,4,574
7,3,577
-20,20,597
6,4,601
6,4,605
-20,20,625
0,10,635
4,6,641
5,5,646
8,2,648
-5,15,663
6,4,667
2,8,675
9,1,676
9,1,677
9,1,678
3,7,685
8,2,687
3,7,694
-5,5,699
-17,17,716
8,2,718
-5,15,733
8,2,735
-4,14,749
2,8,757
4,6,763
7,3,766
2,8,774
-2,2,776
7,3,779
-1,11,790
8,2,792
3,7,799
-1,1,800
7,3,803
9,1,804
7,3,807
-4,4,811
8,2,813
-14,14,827
9,1,828
9,1,829
5,5,834
-1,1,835
7,3,838
2,8,846
3,7,853
8,2,855
-1,1,856
9,1,857
8,2,859
9,1,860
5,5,865
6,4,869
-5,5,874
7,3,877
8,2,879
5,5,884
5,5,889
-8,8,897
7,3,900
8,2,902
6,4,906
5,5,911
7,3,914
8,2,916
3,7,923
8,2,925
3,7,932
6,4,936
9,1,937
7,3,940
9,1,941
9,1,942
9,1,943
5,5,948
-1,1,949
9,1,950
8,2,952
9,1,953
6,4,957
-2,2,959
9,1,960
-3,3,963
9,1,964
9,1,965
-2,12,977
5,5,982
6,4,986
-6,6,992
-20,20,1012
3,7,1019
-9,9,1028
7,3,1031
2,8,1039
-8,8,1047
-15,15,1062
-5,5,1067
-7,7,1074
7,3,1077
-3,3,1080
1,9,1089
8,2,1091
7,3,1094
8,2,1096
9,1,1097
8,2,1099
-3,3,1102
-20,20,1122
-4,4,1126
-5,15,1141
7,3,1144
3,7,1151
1,9,1160
3,7,1167
1,9,1176
8,2,1178
6,4,1182
6,4,1186
9,1,1187
8,2,1189
-1,11,1200
-5,15,1215
7,3,1218
6,4,1222
4,6,1228
-10,10,1238
8,2,1240
-20,20,1260
7,3,1263
7,3,1266
-20,20,1286
5,5,1291
7,3,1294
0,10,1304
8,2,1306
-16,16,1322
6,4,1326
6,4,1330
1,9,1339
-20,20,1359
9,1,1360
-7,17,1377
-2,2,1379
8,2,1381
2,8,1389
-3,13,1402
-5,5,1407
9,1,1408
-1,1,1409
-5,5,1414
7,3,1417
-20,20,1437
8,2,1439
9,1,1440
-1,11,1451
-19,19,1470
8,2,1472
2,8,1480
9,1,1481
-7,7,1488
-7,17,1505
5,5,1510
-1,11,1521
8,2,1523
8,2,1525
-20,20,1545
9,1,1546
9,1,1547
8,2,1549
-7,7,1556
6,4,1560
8,2,1562
9,1,1563
8,2,1565
-3,3,1568
6,4,1572
-20,20,1592
5,5,1597
8,2,1599
5,5,1604
7,3,1607
7,3,1610
-14,14,1624
9,1,1625
-2,2,1627
9,1,1628
-1,1,1629
-20,20,1649
-1,11,1660
8,2,1662
9,1,1663
-6,6,1669
8,2,1671
7,3,1674
9,1,1675
8,2,1677
-7,17,1694
-2,2,1696
8,2,1698
7,3,1701
-2,12,1713
0,10,1723
7,3,1726
6,4,1730
5,5,1735
4,6,1741
6,4,1745
5,5,1750
4,6,1756
-4,4,1760
7,3,1763
6,4,1767
-20,20,1787
6,4,1791
-1,11,1802
3,7,1809
8,2,1811
6,4,1815
8,2,1817
8,2,1819
-1,1,1820
-6,6,1826
-3,13,1839
8,2,1841
4,6,1847
8,2,1849
-8,18,1867
4,6,1873
9,1,1874
5,5,1879
-20,20,1899
-3,13,1912
-10,20,1932
-5,15,1947
9,1,1948
5,5,1953
-9,9,1962
-20,20,1982
8,2,1984
-6,16,2000
9,1,2001
-5,15,2016
3,7,2023
-3,3,2026
-20,20,2046
7,3,2049
-4,14,2063
-20,20,2083
-4,4,2087
6,4,2091
4,6,2097
8,2,2099
-20,20,2119
8,2,2121
-4,14,2135
9,1,2136
7,3,2139
3,7,2146
8,2,2148
6,4,2152
5,5,2157
5,5,2162
8,2,2164
7,3,2167
9,1,2168
8,2,2170
9,1,2171
9,1,2172
8,2,2174
9,1,2175
-13,13,2188
9,1,2189
-1,11,2200
5,5,2205
6,4,2209
1,9,2218
7,3,2221
6,4,2225
9,1,2226
-1,1,2227
9,1,2228
-5,15,2243
-1,11,2254
3,7,2261
5,5,2266
3,7,2273
-4,14,2287
9,1,2288
-2,12,2300
3,7,2307
2,8,2315
-2,12,2327
0,10,2337
6,4,2341
4,6,2347
7,3,2350
-2,12,2362
9,1,2363
-1,1,2364
9,1,2365
5,5,2370
9,1,2371
9,1,2372
6,4,2376
-1,11,2387
7,3,2390
9,1,2391
7,3,2394
-1,1,2395
9,1,2396
5,5,2401
-3,3,2404
8,2,2406
-20,20,2426
-20,20,2446
9,1,2447
-7,17,2464
7,3,2467
-3,3,2470
0,10,2480
6,4,2484
3,7,2491
8,2,2493
9,1,2494
8,2,2496
8,2,2498
-5,5,2503
2,8,2511
9,1,2512
7,3,2515
7,3,2518
8,2,2520
5,5,2525
8,2,2527
9,1,2528
5,5,2533
-20,20,2553
5,5,2558
9,1,2559
1,9,2568
2,8,2576
-1,1,2577
-4,14,2591
3,7,2598
-7,7,2605
6,4,2609
-7,7,2616
9,1,2617
9,1,2618
7,3,2621
-2,12,2633
5,5,2638
9,1,2639
0,10,2649
4,6,2655
-4,4,2659
9,1,2660
8,2,2662
8,2,2664
5,5,2669
9,1,2670
-5,15,2685
-3,3,2688
4,6,2694
8,2,2696
3,7,2703
8,2,2705
9,1,2706
-15,15,2721
3,7,2728
7,3,2731
7,3,2734
5,5,2739
-3,13,2752
0,10,2762
-20,20,2782
-20,20,2802
0,10,2812
-3,3,2815
9,1,2816
2,8,2824
6,4,2828
6,4,2832
9,1,2833
-6,16,2849
7,3,2852
9,1,2853
4,6,2859
-2,2,2861
-1,11,2872
8,2,2874
9,1,2875
9,1,2876
-3,13,2889
0,10,2899
9,1,2900
8,2,2902
3,7,2909
2,8,2917
-1,11,2928
-7,17,2945
-4,14,2959
7,3,2962
8,2,2964
-4,14,2978
9,1,2979
-20,20,2999
-2,2,3001
7,3,3004
9,1,3005
6,4,3009
3,7,3016
-8,8,3024
-20,20,3044
-6,16,3060
2,8,3068
9,1,3069
6,4,3073
-3,3,3076
9,1,3077
7,3,3080
5,5,3085
7,3,3088
-20,20,3108
7,3,3111
-5,5,3116
-4,14,3130
0,10,3140
7,3,3143
2,8,3151
-6,6,3157
8,2,3159
-13,13,3172
8,2,3174
5,5,3179
-20,20,3199
-20,20,3219
-20,20,3239
-3,3,3242
-3,3,3245
-20,20,3265
6,4,3269
7,3,3272
2,8,3280
8,2,3282
-12,12,3294
9,1,3295
-1,1,3296
3,7,3303
-1,1,3304
-8,18,3322
-7,7,3329
5,5,3334
7,3,3337
-3,13,3350
3,7,3357
7,3,3360
6,4,3364
-9,9,3373
-8,18,3391
-20,20,3411
5,5,3416
-2,12,3428
9,1,3429
9,1,3430
7,3,3433
-9,19,3452
3,7,3459
-20,20,3479
9,1,3480
7,3,3483
-20,20,3503
-20,20,3523
8,2,3525
-20,20,3545
-20,20,3565
4,6,3571
7,3,3574
-4,14,3588
8,2,3590
7,3,3593
4,6,3599
-10,20,3619
-20,20,3639
8,2,3641
8,2,3643
-4,14,3657
8,2,3659
-20,20,3679
4,6,3685
-5,5,3690
-2,2,3692
8,2,3694
6,4,3698
-1,11,3709
7,3,3712
-20,20,3732
7,3,3735
7,3,3738
3,7,3745
9,1,3746
1,9,3755
6,4,3759
4,6,3765
9,1,3766
7,3,3769
8,2,3771
9,1,3772
3,7,3779
6,4,3783
7,3,3786
-20,20,3806
-20,20,3826
7,3,3829
9,1,3830
-20,20,3850
8,2,3852
9,1,3853
-2,2,3855
-6,6,3861
-6,16,3877
7,3,3880
-20,20,3900
4,6,3906
7,3,3909
-10,20,3929
-2,12,3941
8,2,3943
-9,19,3962
9,1,3963
7,3,3966
9,1,3967
-20,20,3987
-4,4,3991
7,3,3994
7,3,3997
-1,11,4008
3,7,4015
-2,12,4027
-2,2,4029
8,2,4031
2,8,4039
8,2,4041
6,4,4045
9,1,4046
-10,20,4066
-1,11,4077
-1,1,4078
-20,20,4098
-20,20,4118
5,5,4123
9,1,4124
9,1,4125
9,1,4126
-2,2,4128
-2,12,4140
6,4,4144
-4,4,4148
-9,19,4167
-1,1,4168
-3,13,4181
4,6,4187
-4,14,4201
0,10,4211
-5,15,4226
7,3,4229
-20,20,4249
-1,1,4250
5,5,4255
-20,20,4275
-20,20,4295
6,4,4299
8,2,4301
6,4,4305
-20,20,4325
-1,11,4336
7,3,4339
-1,11,4350
8,2,4352
2,8,4360
-20,20,4380
5,5,4385
-2,12,4397
9,1,4398
9,1,4399
3,7,4406
8,2,4408
-3,3,4411
6,4,4415
4,6,4421
6,4,4425
-10,10,4435
5,5,4440
2,8,4448
6,4,4452
3,7,4459
6,4,4463
4,6,4469
-20,20,4489
5,5,4494
-10,20,4514
-6,16,4530
9,1,4531
-20,20,4551
-20,20,4571
9,1,4572
-9,19,4591
6,4,4595
8,2,4597
-20,20,4617
-1,1,4618
-3,3,4621
7,3,4624
8,2,4626
7,3,4629
-1,1,4630
-20,20,4650
-11,11,4661
8,2,4663
-20,20,4683
-1,11,4694
9,1,4695
6,4,4699
8,2,4701
7,3,4704
0,10,4714
7,3,4717
9,1,4718
7,3,4721
-4,4,4725
-20,20,4745
4,6,4751
-3,13,4764
-20,20,4784
9,1,4785
-19,19,4804
1,9,4813
8,2,4815
7,3,4818
9,1,4819
-2,12,4831
7,3,4834
4,6,4840
-13,13,4853
-11,11,4864
8,2,4866
-6,16,4882
-2,2,4884
-5,5,4889
9,1,4890
8,2,4892
8,2,4894
4,6,4900
-8,18,4918
6,4,4922
-20,20,4942
-3,3,4945
9,1,4946
9,1,4947
9,1,4948
-2,12,4960
-20,20,4980
-20,20,5000
8,2,5002
6,4,5006
-9,9,5015
5,5,5020
-20,20,5040
9,1,5041
6,4,5045
-10,10,5055
-20,20,5075
9,1,5076
-20,20,5096
7,3,5099
4,6,5105
-20,20,5125
-20,20,5145
-3,13,5158
9,1,5159
5,5,5164
7,3,5167
-20,20,5187
-3,13,5200
-3,13,5213
-2,12,5225
7,3,5228
7,3,5231
-20,20,5251
-20,20,5271
7,3,5274
-20,20,5294
1,9,5303
-20,20,5323
5,5,5328
6,4,5332
0,10,5342
9,1,5343
1,9,5352
3,7,5359
-20,20,5379
0,10,5389
3,7,5396
-9,9,5405
3,7,5412
8,2,5414
6,4,5418
8,2,5420
4,6,5426
4,6,5432
5,5,5437
-20,20,5457
9,1,5458
-20,20,5478
-20,20,5498
5,5,5503
6,4,5507
-20,20,5527
3,7,5534
6,4,5538
3,7,5545
5,5,5550
-20,20,5570
9,1,5571
9,1,5572
7,3,5575
-20,20,5595
-20,20,5615
-20,20,5635
9,1,5636
-2,2,5638
7,3,5641
9,1,5642
-7,7,5649
-14,14,5663
-20,20,5683
6,4,5687
6,4,5691
-20,20,5711
-20,20,5731
-20,20,5751
-5,15,5766
-7,7,5773
-20,20,5793
-7,7,5800
-7,17,5817
-20,20,5837
-1,11,5848
8,2,5850
-3,13,5863
-20,20,5883
-20,20,5903
-20,20,5923
5,5,5928
-20,20,5948
9,1,5949
-1,11,5960
8,2,5962
-1,1,5963
8,2,5965
7,3,5968
7,3,5971
-20,20,5991
5,5,5996
3,7,6003
-1,1,6004
9,1,6005
-2,12,6017
-20,20,6037
-5,5,6042
-20,20,6062
1,9,6071
7,3,6074
8,2,6076
-20,20,6096
-20,20,6116
-20,20,6136
7,3,6139
4,6,6145
-1,1,6146
9,1,6147
-1,11,6158
-9,19,6177
7,3,6180
9,1,6181
7,3,6184
-1,11,6195
-9,19,6214
7,3,6217
9,1,6218
2,8,6226
8,2,6228
8,2,6230
6,4,6234
9,1,6235
9,1,6236
-8,18,6254
-2,2,6256
-4,4,6260
-1,1,6261
-2,2,6263
6,4,6267
6,4,6271
-3,13,6284
1,9,6293
6,4,6297
-3,3,6300
9,1,6301
-9,19,6320
4,6,6326
8,2,6328
8,2,6330
-2,2,6332
9,1,6333
-20,20,6353
8,2,6355
7,3,6358
-4,14,6372
9,1,6373
9,1,6374
-20,20,6394
0,0,0
0,0,0
5,5,5
0,10,15
9,1,16
9,1,17
-20,20,37
-20,20,57
9,1,58
-7,17,75
8,2,77
-20,20,97
-20,20,117
-4,4,121
-20,20,141
-4,14,155
-3,13,168
2,8,176
-20,20,196
-20,20,216
0,10,226
8,2,228
2,8,236
2,8,244
9,1,245
-6,16,261
0,10,271
7,3,274
5,5,279
-7,7,286
4,6,292
-2,2,294
8,2,296
-5,5,301
-20,20,321
-20,20,341
-5,15,356
9,1,357
4,6,363
8,2,365
7,3,368
-20,20,388
6,4,392
-3,3,395
-8,8,403
8,2,405
5,5,410
6,4,414
-1,11,425
-20,20,445
4,6,451
-20,20,471
2,8,479
-3,3,482
-4,4,486
-16,16,502
-3,13,515
-17,17,532
5,5,537
-20,20,557
-20,20,577
-20,20,597
0,10,607
-3,3,610
-1,1,611
-20,20,631
-8,8,639
4,6,645
8,2,647
8,2,649
-8,8,657
-20,20,677
-6,16,693
0,10,703
8,2,705
-6,6,711
2,8,719
9,1,720
9,1,721
2,8,729
3,7,736
6,4,740
2,8,748
4,6,754
7,3,757
3,7,764
8,2,766
4,6,772
-8,18,790
-2,2,792
3,7,799
3,7,806
5,5,811
7,3,814
6,4,818
4,6,824
4,6,830
7,3,833
-20,20,853
9,1,854
7,3,857
9,1,858
8,2,860
9,1,861
-4,14,875
5,5,880
9,1,881
-4,4,885
9,1,886
4,6,892
-20,20,912
8,2,914
-20,20,934
-2,12,946
3,7,953
-20,20,973
8,2,975
-20,20,995
9,1,996
9,1,997
2,8,1005
-8,18,1023
1,9,1032
9,1,1033
9,1,1034
-2,2,1036
9,1,1037
-5,5,1042
2,8,1050
2,8,1058
-6,16,1074
-2,2,1076
4,6,1082
6,4,1086
5,5,1091
9,1,1092
-10,20,1112
-1,1,1113
9,1,1114
-7,7,1121
-7,7,1128
2,8,1136
-3,13,1149
-6,16,1165
5,5,1170
-5,15,1185
5,5,1190
5,5,1195
-20,20,1215
6,4,1219
8,2,1221
9,1,1222
-20,20,1242
-8,18,1260
-20,20,1280
-3,3,1283
-9,9,1292
8,2,1294
-8,8,1302
-4,14,1316
-1,1,1317
9,1,1318
-3,3,1321
9,1,1322
-20,20,1342
8,2,1344
6,4,1348
-10,20,1368
6,4,1372
4,6,1378
6,4,1382
8,2,1384
8,2,1386
3,7,1393
6,4,1397
-4,4,1401
-4,4,1405
5,5,1410
7,3,1413
3,7,1420
-6,16,1436
-3,3,1439
8,2,1441
-2,12,1453
7,3,1456
9,1,1457
9,1,1458
8,2,1460
-20,20,1480
0,10,1490
5,5,1495
7,3,1498
9,1,1499
4,6,1505
-3,3,1508
-7,17,1525
9,1,1526
9,1,1527
5,5,1532
8,2,1534
-1,1,1535
8,2,1537
-3,3,1540
-2,2,1542
-2,2,1544
4,6,1550
9,1,1551
1,9,1560
-8,8,1568
-4,4,1572
9,1,1573
9,1,1574
-2,2,1576
7,3,1579
-8,8,1587
9,1,1588
-1,11,1599
8,2,1601
3,7,1608
-3,3,1611
7,3,1614
1,9,1623
-2,2,1625
-6,6,1631
9,1,1632
-7,7,1639
9,1,1640
7,3,1643
8,2,1645
-12,12,1657
-9,9,1666
-1,11,1677
3,7,1684
9,1,1685
5,5,1690
-13,13,1703
9,1,1704
-1,1,1705
5,5,1710
7,3,1713
-6,16,1729
3,7,1736
-20,20,1756
3,7,1763
6,4,1767
-2,2,1769
-1,1,1770
1,9,1779
-3,3,1782
9,1,1783
-1,11,1794
-1,1,1795
9,1,1796
0,10,1806
-1,1,1807
-1,11,1818
-2,2,1820
9,1,1821
6,4,1825
-1,1,1826
9,1,1827
2,8,1835
-1,1,1836
9,1,1837
-3,3,1840
9,1,1841
8,2,1843
7,3,1846
-3,3,1849
7,3,1852
-2,2,1854
8,2,1856
-1,1,1857
7,3,1860
7,3,1863
-20,20,1883
-20,20,1903
-20,20,1923
7,3,1926
-5,15,1941
6,4,1945
-20,20,1965
1,9,1974
-1,1,1975
-20,20,1995
9,1,1996
8,2,1998
-20,20,2018
-3,13,2031
-1,11,2042
6,4,2046
-2,2,2048
8,2,2050
-20,20,2070
-3,13,2083
-4,4,2087
9,1,2088
-2,2,2090
3,7,2097
-20,20,2117
9,1,2118
9,1,2119
-11,11,2130
-2,12,2142
6,4,2146
-10,10,2156
9,1,2157
-20,20,2177
-6,16,2193
-1,1,2194
8,2,2196
9,1,2197
9,1,2198
9,1,2199
-20,20,2219
9,1,2220
-8,18,2238
9,1,2239
-4,4,2243
9,1,2244
8,2,2246
6,4,2250
3,7,2257
9,1,2258
-6,6,2264
-20,20,2284
-20,20,2304
-3,3,2307
-13,13,2320
-20,20,2340
-14,14,2354
8,2,2356
6,4,2360
9,1,2361
-1,1,2362
3,7,2369
9,1,2370
-7,7,2377
-5,15,2392
-6,6,2398
3,7,2405
7,3,2408
9,1,2409
-20,20,2429
-20,20,2449
9,1,2450
4,6,2456
-5,5,2461
8,2,2463
-2,2,2465
6,4,2469
7,3,2472
9,1,2473
-20,20,2493
-3,3,2496
8,2,2498
-1,1,2499
2,8,2507
9,1,2508
8,2,2510
-20,20,2530
-20,20,2550
6,4,2554
-20,20,2574
7,3,2577
-20,20,2597
9,1,2598
-5,15,2613
-15,15,2628
9,1,2629
1,9,2638
-7,7,2645
-20,20,2665
-20,20,2685
-4,4,2689
9,1,2690
9,1,2691
-4,4,2695
9,1,2696
-15,15,2711
-20,20,2731
8,2,2733
-20,20,2753
7,3,2756
-20,20,2776
7,3,2779
-1,1,2780
-20,20,2800
-5,15,2815
-20,20,2835
8,2,2837
5,5,2842
6,4,2846
8,2,2848
-3,3,2851
8,2,2853
6,4,2857
9,1,2858
9,1,2859
1,9,2868
-5,5,2873
-11,11,2884
-1,1,2885
9,1,2886
9,1,2887
-5,5,2892
-20,20,2912
-7,17,2929
-20,20,2949
-20,20,2969
5,5,2974
-2,12,2986
5,5,2991
8,2,2993
-6,16,3009
-20,20,3029
5,5,3034
-1,1,3035
-9,9,3044
-6,6,3050
-7,17,3067
9,1,3068
-13,13,3081
-1,1,3082
9,1,3083
-20,20,3103
9,1,3104
-20,20,3124
-5,5,3129
-4,14,3143
-3,3,3146
8,2,3148
9,1,3149
-20,20,3169
-7,7,3176
-9,9,3185
-1,1,3186
-17,17,3203
-2,2,3205
-6,6,3211
-1,1,3212
-2,2,3214
-20,20,3234
-4,14,3248
8,2,3250
-20,20,3270
-2,2,3272
7,3,3275
8,2,3277
-1,1,3278
8,2,3280
-7,17,3297
-20,20,3317
-20,20,3337
1,9,3346
7,3,3349
-1,1,3350
-9,19,3369
-1,1,3370
8,2,3372
9,1,3373
-1,1,3374
9,1,3375
-1,1,3376
-3,13,3389
6,4,3393
-20,20,3413
-2,12,3425
-20,20,3445
9,1,3446
-1,1,3447
2,8,3455
-4,4,3459
9,1,3460
8,2,3462
-1,1,3463
-5,15,3478
5,5,3483
8,2,3485
-20,20,3505
-20,20,3525
-20,20,3545
9,1,3546
9,1,3547
-4,4,3551
8,2,3553
-20,20,3573
2,8,3581
-3,13,3594
-5,5,3599
9,1,3600
0,10,3610
8,2,3612
9,1,3613
-7,7,3620
-5,15,3635
-1,1,3636
-4,14,3650
-1,11,3661
-9,19,3680
9,1,3681
-20,20,3701
-1,1,3702
-1,1,3703
9,1,3704
0,10,3714
0,10,3724
-13,13,3737
8,2,3739
8,2,3741
7,3,3744
7,3,3747
2,8,3755
-1,1,3756
-20,20,3776
-1,1,3777
-2,2,3779
-6,16,3795
7,3,3798
-7,17,3815
4,6,3821
9,1,3822
9,1,3823
7,3,3826
-20,20,3846
-20,20,3866
9,1,3867
8,2,3869
7,3,3872
9,1,3873
-1,1,3874
9,1,3875
-4,14,3889
-1,1,3890
6,4,3894
8,2,3896
9,1,3897
9,1,3898
6,4,3902
5,5,3907
9,1,3908
-2,2,3910
-17,17,3927
9,1,3928
8,2,3930
4,6,3936
9,1,3937
-1,1,3938
9,1,3939
-1,1,3940
9,1,3941
-7,7,3948
9,1,3949
9,1,3950
7,3,3953
9,1,3954
-20,20,3974
9,1,3975
-6,6,3981
-1,1,3982
8,2,3984
-5,5,3989
9,1,3990
8,2,3992
-20,20,4012
-20,20,4032
-20,20,4052
8,2,4054
9,1,4055
-20,20,4075
7,3,4078
-11,11,4089
8,2,4091
9,1,4092
9,1,4093
-20,20,4113
-2,2,4115
-2,2,4117
-2,12,4129
-1,1,4130
-20,20,4150
-1,1,4151
-9,19,4170
9,1,4171
8,2,4173
4,6,4179
-1,1,4180
-5,15,4195
-4,4,4199
9,1,4200
-2,12,4212
7,3,4215
-1,1,4216
-2,2,4218
6,4,4222
-20,20,4242
-2,2,4244
-20,20,4264
-2,2,4266
-1,11,4277
-4,14,4291
9,1,4292
-20,20,4312
-20,20,4332
-20,20,4352
9,1,4353
7,3,4356
8,2,4358
8,2,4360
1,9,4369
4,6,4375
4,6,4381
8,2,4383
4,6,4389
-2,2,4391
8,2,4393
7,3,4396
9,1,4397
-4,4,4401
-2,2,4403
8,2,4405
8,2,4407
-20,20,4427
5,5,4432
8,2,4434
9,1,4435
-1,11,4446
6,4,4450
9,1,4451
-3,13,4464
-20,20,4484
-1,1,4485
8,2,4487
-10,20,4507
-1,1,4508
-2,2,4510
8,2,4512
6,4,4516
8,2,4518
7,3,4521
-3,3,4524
-2,2,4526
9,1,4527
-5,5,4532
-8,8,4540
-2,2,4542
5,5,4547
-1,1,4548
-6,16,4564
-8,18,4582
-2,2,4584
9,1,4585
8,2,4587
-20,20,4607
-4,4,4611
-20,20,4631
-1,1,4632
6,4,4636
4,6,4642
-4,4,4646
4,6,4652
8,2,4654
9,1,4655
-20,20,4675
6,4,4679
-20,20,4699
7,3,4702
8,2,4704
-1,1,4705
-1,1,4706
-13,13,4719
6,4,4723
7,3,4726
-11,11,4737
-3,3,4740
-4,4,4744
-20,20,4764
1,9,4773
7,3,4776
9,1,4777
8,2,4779
4,6,4785
-20,20,4805
8,2,4807
5,5,4812
-1,1,4813
9,1,4814
9,1,4815
8,2,4817
-1,1,4818
7,3,4821
6,4,4825
9,1,4826
-3,13,4839
9,1,4840
-2,12,4852
9,1,4853
3,7,4860
-20,20,4880
-1,1,4881
-4,14,4895
8,2,4897
-2,12,4909
8,2,4911
-8,18,4929
9,1,4930
8,2,4932
6,4,4936
-3,3,4939
-2,2,4941
-1,1,4942
-4,14,4956
9,1,4957
-5,5,4962
-20,20,4982
8,2,4984
9,1,4985
9,1,4986
6,4,4990
-1,1,4991
4,6,4997
7,3,5000
4,6,5006
6,4,5010
9,1,5011
-20,20,5031
6,4,5035
-1,1,5036
9,1,5037
-4,4,5041
8,2,5043
9,1,5044
8,2,5046
8,2,5048
9,1,5049
5,5,5054
-20,20,5074
9,1,5075
6,4,5079
8,2,5081
9,1,5082
3,7,5089
-2,2,5091
9,1,5092
9,1,5093
8,2,5095
8,2,5097
-20,20,5117
8,2,5119
9,1,5120
-4,4,5124
-20,20,5144
-1,1,5145
8,2,5147
8,2,5149
-20,20,5169
-20,20,5189
-2,12,5201
9,1,5202
6,4,5206
5,5,5211
-1,1,5212
8,2,5214
8,2,5216
-14,14,5230
-20,20,5250
-20,20,5270
4,6,5276
-2,2,5278
8,2,5280
-2,2,5282
-20,20,5302
-20,20,5322
7,3,5325
7,3,5328
3,7,5335
9,1,5336
-2,2,5338
-1,1,5339
7,3,5342
9,1,5343
-1,11,5354
-20,20,5374
9,1,5375
9,1,5376
-1,1,5377
-19,19,5396
9,1,5397
5,5,5402
9,1,5403
8,2,5405
-20,20,5425
-2,2,5427
9,1,5428
7,3,5431
9,1,5432
8,2,5434
8,2,5436
-1,1,5437
-2,2,5439
9,1,5440
-2,2,5442
-1,1,5443
7,3,5446
9,1,5447
-20,20,5467
7,3,5470
-20,20,5490
-1,1,5491
9,1,5492
8,2,5494
7,3,5497
-20,20,5517
8,2,5519
-20,20,5539
-1,1,5540
8,2,5542
9,1,5543
6,4,5547
-3,3,5550
9,1,5551
-2,2,5553
9,1,5554
8,2,5556
-1,1,5557
9,1,5558
-8,18,5576
-9,19,5595
9,1,5596
9,1,5597
9,1,5598
-1,1,5599
-20,20,5619
8,2,5621
8,2,5623
-20,20,5643
6,4,5647
-2,2,5649
7,3,5652
-3,3,5655
7,3,5658
-2,2,5660
9,1,5661
-1,1,5662
9,1,5663
-4,4,5667
9,1,5668
8,2,5670
-1,1,5671
-10,20,5691
9,1,5692
9,1,5693
9,1,5694
-20,20,5714
9,1,5715
6,4,5719
-2,2,5721
7,3,5724
9,1,5725
9,1,5726
-1,1,5727
8,2,5729
1,9,5738
-3,13,5751
-8,18,5769
-20,20,5789
9,1,5790
9,1,5791
-2,2,5793
5,5,5798
5,5,5803
9,1,5804
-4,14,5818
-8,18,5836
6,4,5840
-10,10,5850
-3,3,5853
-3,3,5856
-20,20,5876
-1,1,5877
8,2,5879
0,10,5889
7,3,5892
8,2,5894
-1,1,5895
6,4,5899
8,2,5901
9,1,5902
-3,13,5915
9,1,5916
8,2,5918
-1,1,5919
9,1,5920
4,6,5926
-20,20,5946
-4,14,5960
9,1,5961
-6,6,5967
7,3,5970
0,10,5980
-2,2,5982
8,2,5984
7,3,5987
8,2,5989
5,5,5994
-10,20,6014
2,8,6022
9,1,6023
9,1,6024
-20,20,6044
7,3,6047
-4,4,6051
9,1,6052
9,1,6053
9,1,6054
-2,2,6056
7,3,6059
6,4,6063
9,1,6064
8,2,6066
-2,2,6068
-20,20,6088
8,2,6090
-5,5,6095
-5,5,6100
-1,1,6101
7,3,6104
6,4,6108
9,1,6109
9,1,6110
4,6,6116
9,1,6117
8,2,6119
4,6,6125
-4,14,6139
1,9,6148
-1,1,6149
-20,20,6169
9,1,6170
7,3,6173
7,3,6176
-1,1,6177
-20,20,6197
7,3,6200
-1,1,6201
9,1,6202
9,1,6203
5,5,6208
6,4,6212
9,1,6213
9,1,6214
9,1,6215
9,1,6216
3,7,6223
6,4,6227
8,2,6229
-5,5,6234
9,1,6235
9,1,6236
9,1,6237
8,2,6239
-20,20,6259
7,3,6262
4,6,6268
-3,13,6281
7,3,6284
9,1,6285
-20,20,6305
9,1,6306
-1,1,6307
9,1,6308
7,3,6311
6,4,6315
9,1,6316
9,1,6317
8,2,6319
9,1,6320
4,6,6326
7,3,6329
-12,12,6341
5,5,6346
-1,1,6347
-2,2,6349
-6,16,6365
7,3,6368
-1,1,6369
9,1,6370
5,5,6375
-2,2,6377
-1,1,6378
8,2,6380
-20,20,6400
7,3,6403
3,7,6410
8,2,6412
-13,13,6425
-1,1,6426
7,3,6429
8,2,6431
5,5,6436
8,2,6438
-7,7,6445
-1,1,6446
9,1,6447
-6,6,6453
-20,20,6473
-1,1,6474
8,2,6476
-20,20,6496
9,1,6497
9,1,6498
8,2,6500
-3,3,6503
5,5,6508
-20,20,6528
-1,1,6529
-1,1,6530
-1,1,6531
-8,18,6549
8,2,6551
-1,1,6552
9,1,6553
9,1,6554
9,1,6555
-17,17,6572
7,3,6575
-4,4,6579
-1,1,6580
9,1,6581
8,2,6583
7,3,6586
8,2,6588
-9,19,6607
8,2,6609
-2,2,6611
-6,6,6617
9,1,6618
-1,1,6619
9,1,6620
9,1,6621
8,2,6623
-12,12,6635
-3,3,6638
9,1,6639
-4,4,6643
-20,20,6663
7,3,6666
8,2,6668
8,2,6670
9,1,6671
9,1,6672
-1,1,6673
5,5,6678
8,2,6680
8,2,6682
8,2,6684
9,1,6685
9,1,6686
8,2,6688
-5,5,6693
9,1,6694
9,1,6695
-8,18,6713
7,3,6716
9,1,6717
8,2,6719
2,8,6727
-1,1,6728
-3,3,6731
7,3,6734
-20,20,6754
-7,17,6771
8,2,6773
1,9,6782
-2,2,6784
-4,14,6798
3,7,6805
9,1,6806
9,1,6807
3,7,6814
9,1,6815
8,2,6817
4,6,6823
9,1,6824
9,1,6825
5,5,6830
9,1,6831
9,1,6832
4,6,6838
-3,3,6841
-7,17,6858
2,8,6866
9,1,6867
-1,11,6878
9,1,6879
-1,1,6880
-1,1,6881
9,1,6882
-20,20,6902
9,1,6903
8,2,6905
-20,20,6925
9,1,6926
-4,4,6930
-1,1,6931
9,1,6932
9,1,6933
-3,3,6936
-2,12,6948
9,1,6949
9,1,6950
7,3,6953
9,1,6954
3,7,6961
6,4,6965
-4,14,6979
-2,2,6981
-10,10,6991
-8,8,6999
-2,2,7001
8,2,7003
9,1,7004
9,1,7005
-2,2,7007
-1,1,7008
9,1,7009
-20,20,7029
-1,1,7030
2,8,7038
-1,1,7039
9,1,7040
-20,20,7060
-7,7,7067
9,1,7068
7,3,7071
7,3,7074
-5,15,7089
4,6,7095
2,8,7103
-2,2,7105
5,5,7110
7,3,7113
7,3,7116
8,2,7118
-1,1,7119
-1,1,7120
9,1,7121
-5,5,7126
-1,1,7127
-20,20,7147
8,2,7149
-1,1,7150
7,3,7153
-2,12,7165
9,1,7166
9,1,7167
-6,6,7173
-20,20,7193
7,3,7196
9,1,7197
7,3,7200
9,1,7201
6,4,7205
4,6,7211
9,1,7212
8,2,7214
-1,1,7215
9,1,7216
9,1,7217
-20,20,7237
-20,20,7257
9,1,7258
6,4,7262
8,2,7264
9,1,7265
7,3,7268
9,1,7269
9,1,7270
-4,4,7274
-5,15,7289
7,3,7292
8,2,7294
-6,6,7300
7,3,7303
9,1,7304
9,1,7305
8,2,7307
-1,1,7308
-6,16,7324
8,2,7326
9,1,7327
9,1,7328
5,5,7333
3,7,7340
-20,20,7360
9,1,7361
8,2,7363
9,1,7364
9,1,7365
5,5,7370
7,3,7373
-1,1,7374
8,2,7376
-20,20,7396
9,1,7397
2,8,7405
9,1,7406
1,9,7415
-2,2,7417
3,7,7424
-18,18,7442
-20,20,7462
9,1,7463
-20,20,7483
3,7,7490
-20,20,7510
7,3,7513
9,1,7514
-6,6,7520
9,1,7521
-4,4,7525
9,1,7526
9,1,7527
7,3,7530
-1,1,7531
-1,1,7532
8,2,7534
8,2,7536
9,1,7537
9,1,7538
-1,1,7539
8,2,7541
7,3,7544
-20,20,7564
7,3,7567
8,2,7569
6,4,7573
-2,2,7575
9,1,7576
8,2,7578
7,3,7581
5,5,7586
-2,2,7588
9,1,7589
-1,1,7590
8,2,7592
-1,1,7593
7,3,7596
8,2,7598
8,2,7600
6,4,7604
7,3,7607
9,1,7608
9,1,7609
7,3,7612
8,2,7614
8,2,7616
9,1,7617
8,2,7619
6,4,7623
9,1,7624
9,1,7625
9,1,7626
8,2,7628
9,1,7629
-2,2,7631
-1,1,7632
1,9,7641
7,3,7644
-10,10,7654
9,1,7655
4,6,7661
2,8,7669
5,5,7674
3,7,7681
-2,2,7683
-4,4,7687
5,5,7692
-1,1,7693
7,3,7696
9,1,7697
-3,3,7700
-10,10,7710
8,2,7712
7,3,7715
9,1,7716
-1,1,7717
-2,12,7729
6,4,7733
-2,2,7735
-20,20,7755
8,2,7757
-1,1,7758
-1,1,7759
9,1,7760
9,1,7761
7,3,7764
9,1,7765
-1,1,7766
8,2,7768
9,1,7769
9,1,7770
8,2,7772
7,3,7775
9,1,7776
7,3,7779
-20,20,7799
7,3,7802
-6,16,7818
8,2,7820
9,1,7821
7,3,7824
-2,2,7826
-2,2,7828
-2,2,7830
3,7,7837
8,2,7839
9,1,7840
4,6,7846
9,1,7847
8,2,7849
9,1,7850
9,1,7851
2,8,7859
9,1,7860
-1,1,7861
9,1,7862
8,2,7864
-1,1,7865
-2,2,7867
-10,20,7887
-1,1,7888
7,3,7891
-2,2,7893
4,6,7899
8,2,7901
7,3,7904
9,1,7905
9,1,7906
9,1,7907
-12,12,7919
7,3,7922
5,5,7927
9,1,7928
-1,1,7929
-3,3,7932
9,1,7933
9,1,7934
3,7,7941
9,1,7942
7,3,7945
9,1,7946
0,10,7956
8,2,7958
9,1,7959
9,1,7960
-3,3,7963
7,3,7966
-2,2,7968
9,1,7969
9,1,7970
9,1,7971
8,2,7973
8,2,7975
8,2,7977
-1,1,7978
5,5,7983
9,1,7984
7,3,7987
-1,1,7988
9,1,7989
9,1,7990
8,2,7992
6,4,7996
9,1,7997
6,4,8001
8,2,8003
9,1,8004
8,2,8006
9,1,8007
4,6,8013
8,2,8015
8,2,8017
8,2,8019
7,3,8022
-6,6,8028
9,1,8029
-20,20,8049
-4,14,8063
3,7,8070
9,1,8071
8,2,8073
8,2,8075
-4,4,8079
-1,1,8080
8,2,8082
-9,19,8101
9,1,8102
-2,2,8104
8,2,8106
-3,3,8109
0,10,8119
-2,2,8121
-4,4,8125
7,3,8128
9,1,8129
9,1,8130
-8,18,8148
-11,11,8159
-1,1,8160
-2,2,8162
-9,9,8171
8,2,8173
8,2,8175
4,6,8181
-2,2,8183
8,2,8185
7,3,8188
-3,3,8191
9,1,8192
-1,1,8193
-20,20,8213
5,5,8218
9,1,8219
-3,13,8232
-6,16,8248
9,1,8249
9,1,8250
7,3,8253
5,5,8258
9,1,8259
-20,20,8279
-1,1,8280
-2,2,8282
-5,5,8287
8,2,8289
9,1,8290
6,4,8294
-1,1,8295
6,4,8299
-1,1,8300
6,4,8304
-6,6,8310
8,2,8312
8,2,8314
9,1,8315
-1,1,8316
8,2,8318
8,2,8320
-1,1,8321
5,5,8326
-3,3,8329
7,3,8332
-2,2,8334
7,3,8337
8,2,8339
-3,13,8352
9,1,8353
-1,1,8354
9,1,8355
7,3,8358
-1,1,8359
8,2,8361
9,1,8362
9,1,8363
8,2,8365
7,3,8368
9,1,8369
-1,1,8370
6,4,8374
-2,2,8376
7,3,8379
8,2,8381
3,7,8388
-1,1,8389
-3,3,8392
9,1,8393
8,2,8395
8,2,8397
7,3,8400
-2,2,8402
9,1,8403
4,6,8409
-16,16,8425
2,8,8433
-20,20,8453
-1,1,8454
-2,2,8456
8,2,8458
-20,20,8478
-3,3,8481
3,7,8488
9,1,8489
9,1,8490
8,2,8492
-2,2,8494
8,2,8496
8,2,8498
9,1,8499
8,2,8501
3,7,8508
-2,2,8510
-1,1,8511
-20,20,8531
9,1,8532
9,1,8533
-2,12,8545
9,1,8546
9,1,8547
8,2,8549
2,8,8557
-11,11,8568
7,3,8571
6,4,8575
8,2,8577
9,1,8578
-4,4,8582
-1,1,8583
2,8,8591
2,8,8599
-4,4,8603
5,5,8608
5,5,8613
1,9,8622
6,4,8626
-1,1,8627
-1,1,8628
3,7,8635
7,3,8638
7,3,8641
9,1,8642
7,3,8645
6,4,8649
3,7,8656
8,2,8658
9,1,8659
-1,1,8660
9,1,8661
6,4,8665
9,1,8666
8,2,8668
8,2,8670
9,1,8671
-1,1,8672
-1,1,8673
4,6,8679
9,1,8680
9,1,8681
3,7,8688
-9,9,8697
9,1,8698
9,1,8699
-1,1,8700
-18,18,8718
7,3,8721
6,4,8725
-1,1,8726
8,2,8728
9,1,8729
-19,19,8748
9,1,8749
6,4,8753
8,2,8755
9,1,8756
9,1,8757
9,1,8758
9,1,8759
9,1,8760
-1,1,8761
-2,2,8763
8,2,8765
-1,1,8766
-1,1,8767
9,1,8768
9,1,8769
9,1,8770
9,1,8771
8,2,8773
8,2,8775
9,1,8776
-3,3,8779
8,2,8781
-3,3,8784
-2,2,8786
8,2,8788
-6,16,8804
-1,1,8805
-2,2,8807
8,2,8809
-2,2,8811
9,1,8812
9,1,8813
8,2,8815
7,3,8818
-1,1,8819
-8,8,8827
6,4,8831
9,1,8832
9,1,8833
8,2,8835
8,2,8837
9,1,8838
7,3,8841
-5,15,8856
-20,20,8876
9,1,8877
0,10,8887
6,4,8891
8,2,8893
3,7,8900
9,1,8901
-8,8,8909
-20,20,8929
7,3,8932
8,2,8934
9,1,8935
-20,20,8955
5,5,8960
1,9,8969
-1,1,8970
5,5,8975
9,1,8976
9,1,8977
4,6,8983
3,7,8990
8,2,8992
7,3,8995
-4,4,8999
9,1,9000
5,5,9005
6,4,9009
9,1,9010
9,1,9011
9,1,9012
9,1,9013
1,9,9022
9,1,9023
-2,2,9025
7,3,9028
-1,11,9039
7,3,9042
-20,20,9062
-1,11,9073
7,3,9076
9,1,9077
9,1,9078
9,1,9079
9,1,9080
8,2,9082
5,5,9087
8,2,9089
9,1,9090
9,1,9091
5,5,9096
6,4,9100
3,7,9107
6,4,9111
9,1,9112
9,1,9113
7,3,9116
5,5,9121
9,1,9122
8,2,9124
9,1,9125
6,4,9129
9,1,9130
9,1,9131
7,3,9134
7,3,9137
9,1,9138
-1,1,9139
9,1,9140
8,2,9142
-10,20,9162
6,4,9166
9,1,9167
8,2,9169
-1,1,9170
9,1,9171
9,1,9172
9,1,9173
-2,2,9175
-20,20,9195
-4,4,9199
8,2,9201
8,2,9203
9,1,9204
9,1,9205
9,1,9206
4,6,9212
5,5,9217
9,1,9218
-1,1,9219
4,6,9225
9,1,9226
8,2,9228
9,1,9229
7,3,9232
9,1,9233
7,3,9236
7,3,9239
2,8,9247
8,2,9249
7,3,9252
1,9,9261
9,1,9262
9,1,9263
8,2,9265
-1,1,9266
9,1,9267
7,3,9270
9,1,9271
9,1,9272
6,4,9276
8,2,9278
-1,1,9279
9,1,9280
-1,1,9281
-1,1,9282
7,3,9285
-3,3,9288
9,1,9289
9,1,9290
-20,20,9310
7,3,9313
-3,3,9316
9,1,9317
9,1,9318
8,2,9320
4,6,9326
9,1,9327
9,1,9328
5,5,9333
9,1,9334
6,4,9338
6,4,9342
8,2,9344
-2,2,9346
5,5,9351
9,1,9352
6,4,9356
-20,20,9376
7,3,9379
8,2,9381
-2,2,9383
9,1,9384
9,1,9385
-1,1,9386
8,2,9388
9,1,9389
8,2,9391
8,2,9393
9,1,9394
9,1,9395
6,4,9399
9,1,9400
-1,1,9401
9,1,9402
8,2,9404
7,3,9407
-1,1,9408
-1,1,9409
-2,2,9411
-1,1,9412
-20,20,9432
4,6,9438
-1,1,9439
9,1,9440
1,9,9449
8,2,9451
-5,15,9466
-20,20,9486
4,6,9492
9,1,9493
7,3,9496
0,10,9506
-15,15,9521
3,7,9528
9,1,9529
9,1,9530
-1,1,9531
9,1,9532
1,9,9541
8,2,9543
4,6,9549
-1,1,9550
-1,1,9551
8,2,9553
6,4,9557
9,1,9558
5,5,9563
7,3,9566
8,2,9568
9,1,9569
9,1,9570
-1,1,9571
9,1,9572
9,1,9573
9,1,9574
8,2,9576
-1,1,9577
9,1,9578
5,5,9583
-14,14,9597
9,1,9598
-20,20,9618
1,9,9627
8,2,9629
-1,1,9630
9,1,9631
9,1,9632
6,4,9636
8,2,9638
9,1,9639
9,1,9640
8,2,9642
-1,1,9643
9,1,9644
2,8,9652
8,2,9654
-1,1,9655
9,1,9656
9,1,9657
9,1,9658
3,7,9665
7,3,9668
-2,2,9670
9,1,9671
-3,3,9674
-10,20,9694
8,2,9696
9,1,9697
-2,2,9699
7,3,9702
2,8,9710
-4,4,9714
8,2,9716
9,1,9717
-1,1,9718
-7,7,9725
2,8,9733
9,1,9734
-1,1,9735
9,1,9736
-3,3,9739
-4,4,9743
-20,20,9763
9,1,9764
-2,2,9766
9,1,9767
-2,2,9769
-3,3,9772
3,7,9779
-3,3,9782
-1,1,9783
4,6,9789
-20,20,9809
1,9,9818
-1,1,9819
-1,1,9820
9,1,9821
9,1,9822
9,1,9823
7,3,9826
9,1,9827
5,5,9832
9,1,9833
1,9,9842
7,3,9845
9,1,9846
9,1,9847
-20,20,9867
9,1,9868
9,1,9869
9,1,9870
9,1,9871
7,3,9874
8,2,9876
-2,2,9878
9,1,9879
8,2,9881
6,4,9885
-5,15,9900
-3,3,9903
8,2,9905
9,1,9906
-1,11,9917
-2,2,9919
8,2,9921
-10,20,9941
9,1,9942
-1,1,9943
7,3,9946
9,1,9947
8,2,9949
8,2,9951
9,1,9952
6,4,9956
-3,3,9959
9,1,9960
4,6,9966
-2,2,9968
8,2,9970
8,2,9972
0,10,9982
-4,14,9996
4,6,10002
8,2,10004
5,5,10009
9,1,10010
8,2,10012
9,1,10013
8,2,10015
9,1,10016
9,1,10017
8,2,10019
9,1,10020
8,2,10022
7,3,10025
5,5,10030
9,1,10031
8,2,10033
9,1,10034
1,9,10043
-1,1,10044
8,2,10046
9,1,10047
8,2,10049
9,1,10050
9,1,10051
9,1,10052
-1,1,10053
4,6,10059
9,1,10060
8,2,10062
9,1,10063
1,9,10072
7,3,10075
9,1,10076
9,1,10077
9,1,10078
9,1,10079
9,1,10080
8,2,10082
4,6,10088
2,8,10096
9,1,10097
9,1,10098
9,1,10099
9,1,10100
-1,1,10101
5,5,10106
9,1,10107
8,2,10109
-5,5,10114
1,9,10123
9,1,10124
9,1,10125
-2,2,10127
7,3,10130
9,1,10131
9,1,10132
9,1,10133
8,2,10135
7,3,10138
9,1,10139
-1,1,10140
5,5,10145
-20,20,10165
7,3,10168
5,5,10173
-3,3,10176
-3,3,10179
-1,1,10180
5,5,10185
5,5,10190
7,3,10193
7,3,10196
8,2,10198
8,2,10200
9,1,10201
-1,1,10202
-1,1,10203
-2,2,10205
9,1,10206
-2,2,10208
9,1,10209
2,8,10217
8,2,10219
8,2,10221
8,2,10223
-4,4,10227
8,2,10229
9,1,10230
3,7,10237
3,7,10244
7,3,10247
8,2,10249
-1,1,10250
-2,2,10252
9,1,10253
8,2,10255
-5,5,10260
-3,3,10263
-2,2,10265
8,2,10267
9,1,10268
8,2,10270
-1,1,10271
9,1,10272
5,5,10277
9,1,10278
-8,8,10286
9,1,10287
6,4,10291
7,3,10294
8,2,10296
-2,12,10308
-3,3,10311
9,1,10312
9,1,10313
8,2,10315
9,1,10316
-20,20,10336
1,9,10345
5,5,10350
8,2,10352
-4,4,10356
7,3,10359
5,5,10364
7,3,10367
6,4,10371
-1,1,10372
9,1,10373
9,1,10374
8,2,10376
9,1,10377
-9,19,10396
-1,1,10397
-2,2,10399
7,3,10402
9,1,10403
1,9,10412
4,6,10418
-3,3,10421
7,3,10424
9,1,10425
9,1,10426
4,6,10432
9,1,10433
8,2,10435
-2,2,10437
6,4,10441
8,2,10443
9,1,10444
9,1,10445
-1,1,10446
-20,20,10466
8,2,10468
8,2,10470
9,1,10471
8,2,10473
8,2,10475
9,1,10476
8,2,10478
8,2,10480
5,5,10485
1,9,10494
-3,3,10497
6,4,10501
4,6,10507
7,3,10510
-9,19,10529
8,2,10531
8,2,10533
-2,2,10535
6,4,10539
7,3,10542
7,3,10545
6,4,10549
6,4,10553
7,3,10556
9,1,10557
9,1,10558
9,1,10559
-3,3,10562
-6,6,10568
4,6,10574
9,1,10575
-20,20,10595
6,4,10599
7,3,10602
9,1,10603
9,1,10604
0,10,10614
9,1,10615
-1,1,10616
-4,4,10620
7,3,10623
-2,12,10635
9,1,10636
7,3,10639
9,1,10640
9,1,10641
-1,1,10642
9,1,10643
7,3,10646
9,1,10647
8,2,10649
8,2,10651
9,1,10652
8,2,10654
-7,17,10671
-20,20,10691
8,2,10693
9,1,10694
4,6,10700
-10,10,10710
5,5,10715
8,2,10717
-5,5,10722
8,2,10724
6,4,10728
9,1,10729
8,2,10731
-6,6,10737
-2,2,10739
9,1,10740
9,1,10741
-12,12,10753
5,5,10758
9,1,10759
9,1,10760
-2,12,10772
9,1,10773
-1,1,10774
4,6,10780
5,5,10785
9,1,10786
-2,2,10788
4,6,10794
-1,11,10805
8,2,10807
-1,1,10808
9,1,10809
9,1,10810
9,1,10811
8,2,10813
9,1,10814
8,2,10816
9,1,10817
8,2,10819
9,1,10820
9,1,10821
-1,1,10822
9,1,10823
6,4,10827
3,7,10834
9,1,10835
-4,4,10839
9,1,10840
9,1,10841
8,2,10843
9,1,10844
-1,1,10845
9,1,10846
-1,1,10847
8,2,10849
-1,1,10850
9,1,10851
9,1,10852
9,1,10853
9,1,10854
9,1,10855
9,1,10856
-3,3,10859
9,1,10860
7,3,10863
9,1,10864
8,2,10866
-12,12,10878
4,6,10884
-1,1,10885
6,4,10889
9,1,10890
-5,5,10895
9,1,10896
-2,2,10898
-3,13,10911
7,3,10914
9,1,10915
8,2,10917
8,2,10919
9,1,10920
-3,3,10923
-1,1,10924
8,2,10926
9,1,10927
2,8,10935
-4,4,10939
4,6,10945
-4,14,10959
-1,1,10960
9,1,10961
5,5,10966
8,2,10968
6,4,10972
-1,1,10973
8,2,10975
9,1,10976
9,1,10977
-1,1,10978
6,4,10982
7,3,10985
-20,20,11005
6,4,11009
8,2,11011
7,3,11014
7,3,11017
8,2,11019
4,6,11025
7,3,11028
9,1,11029
-4,4,11033
8,2,11035
8,2,11037
8,2,11039
-1,1,11040
5,5,11045
7,3,11048
8,2,11050
-2,2,11052
8,2,11054
-15,15,11069
9,1,11070
-1,1,11071
8,2,11073
-2,2,11075
8,2,11077
-1,1,11078
-3,3,11081
8,2,11083
-1,11,11094
9,1,11095
6,4,11099
8,2,11101
-2,2,11103
8,2,11105
-3,3,11108
-12,12,11120
9,1,11121
8,2,11123
8,2,11125
9,1,11126
9,1,11127
9,1,11128
9,1,11129
9,1,11130
8,2,11132
8,2,11134
7,3,11137
9,1,11138
-2,2,11140
4,6,11146
9,1,11147
9,1,11148
6,4,11152
1,9,11161
9,1,11162
9,1,11163
6,4,11167
-20,20,11187
8,2,11189
9,1,11190
-3,3,11193
-1,1,11194
7,3,11197
9,1,11198
9,1,11199
-20,20,11219
-1,1,11220
9,1,11221
6,4,11225
-20,20,11245
9,1,11246
-2,2,11248
7,3,11251
4,6,11257
-3,3,11260
-2,2,11262
6,4,11266
9,1,11267
1,9,11276
-3,3,11279
3,7,11286
9,1,11287
-2,2,11289
9,1,11290
9,1,11291
4,6,11297
8,2,11299
9,1,11300
7,3,11303
8,2,11305
9,1,11306
4,6,11312
-2,2,11314
9,1,11315
-10,20,11335
8,2,11337
9,1,11338
-4,4,11342
7,3,11345
9,1,11346
8,2,11348
9,1,11349
-20,20,11369
-3,3,11372
8,2,11374
9,1,11375
8,2,11377
8,2,11379
7,3,11382
7,3,11385
9,1,11386
9,1,11387
8,2,11389
9,1,11390
8,2,11392
9,1,11393
5,5,11398
7,3,11401
-3,3,11404
6,4,11408
9,1,11409
7,3,11412
-4,4,11416
-20,20,11436
7,3,11439
9,1,11440
-1,1,11441
5,5,11446
-1,1,11447
8,2,11449
8,2,11451
7,3,11454
7,3,11457
8,2,11459
7,3,11462
6,4,11466
9,1,11467
9,1,11468
9,1,11469
9,1,11470
8,2,11472
6,4,11476
-1,1,11477
9,1,11478
8,2,11480
9,1,11481
9,1,11482
-1,1,11483
9,1,11484
7,3,11487
8,2,11489
9,1,11490
8,2,11492
8,2,11494
9,1,11495
7,3,11498
5,5,11503
7,3,11506
9,1,11507
9,1,11508
-1,1,11509
9,1,11510
9,1,11511
5,5,11516
-1,1,11517
8,2,11519
9,1,11520
-2,2,11522
9,1,11523
-1,1,11524
9,1,11525
-1,1,11526
9,1,11527
-4,4,11531
-2,2,11533
9,1,11534
7,3,11537
9,1,11538
9,1,11539
9,1,11540
9,1,11541
-1,1,11542
-3,3,11545
9,1,11546
8,2,11548
-2,2,11550
1,9,11559
7,3,11562
-3,3,11565
9,1,11566
-1,1,11567
4,6,11573
8,2,11575
9,1,11576
9,1,11577
5,5,11582
-2,2,11584
8,2,11586
9,1,11587
8,2,11589
9,1,11590
5,5,11595
8,2,11597
6,4,11601
5,5,11606
-20,20,11626
9,1,11627
8,2,11629
-1,1,11630
8,2,11632
6,4,11636
6,4,11640
0,10,11650
5,5,11655
-6,6,11661
-3,3,11664
9,1,11665
6,4,11669
-20,20,11689
5,5,11694
9,1,11695
9,1,11696
9,1,11697
9,1,11698
-2,2,11700
9,1,11701
4,6,11707
6,4,11711
6,4,11715
0,10,11725
4,6,11731
-20,20,11751
-20,20,11771
9,1,11772
8,2,11774
8,2,11776
-1,1,11777
7,3,11780
-20,20,11800
-1,1,11801
8,2,11803
-1,1,11804
8,2,11806
-2,2,11808
-2,2,11810
7,3,11813
6,4,11817
8,2,11819
7,3,11822
7,3,11825
9,1,11826
-2,2,11828
9,1,11829
9,1,11830
6,4,11834
7,3,11837
-5,5,11842
-1,1,11843
7,3,11846
9,1,11847
1,9,11856
7,3,11859
9,1,11860
5,5,11865
9,1,11866
-3,13,11879
8,2,11881
-9,19,11900
9,1,11901
8,2,11903
9,1,11904
9,1,11905
-11,11,11916
8,2,11918
-2,2,11920
-1,1,11921
7,3,11924
9,1,11925
8,2,11927
4,6,11933
9,1,11934
3,7,11941
9,1,11942
6,4,11946
9,1,11947
7,3,11950
7,3,11953
9,1,11954
9,1,11955
9,1,11956
-1,1,11957
3,7,11964
8,2,11966
6,4,11970
0,10,11980
9,1,11981
8,2,11983
8,2,11985
-20,20,12005
9,1,12006
9,1,12007
3,7,12014
-5,15,12029
7,3,12032
9,1,12033
9,1,12034
7,3,12037
9,1,12038
9,1,12039
7,3,12042
9,1,12043
-2,2,12045
5,5,12050
9,1,12051
9,1,12052
-4,4,12056
9,1,12057
8,2,12059
9,1,12060
9,1,12061
9,1,12062
9,1,12063
8,2,12065
8,2,12067
-1,1,12068
9,1,12069
-10,20,12089
-3,3,12092
8,2,12094
8,2,12096
-6,16,12112
-1,1,12113
7,3,12116
9,1,12117
7,3,12120
3,7,12127
6,4,12131
9,1,12132
8,2,12134
7,3,12137
-3,13,12150
9,1,12151
9,1,12152
6,4,12156
9,1,12157
8,2,12159
-1,1,12160
7,3,12163
8,2,12165
9,1,12166
-1,1,12167
9,1,12168
8,2,12170
9,1,12171
9,1,12172
8,2,12174
7,3,12177
-1,1,12178
9,1,12179
-1,1,12180
-2,12,12192
8,2,12194
8,2,12196
-3,3,12199
3,7,12206
6,4,12210
8,2,12212
9,1,12213
7,3,12216
-5,5,12221
8,2,12223
9,1,12224
7,3,12227
7,3,12230
-3,3,12233
-6,6,12239
8,2,12241
-4,14,12255
-1,1,12256
-14,14,12270
-2,2,12272
9,1,12273
9,1,12274
-9,9,12283
8,2,12285
0,10,12295
9,1,12296
9,1,12297
7,3,12300
6,4,12304
9,1,12305
-1,1,12306
9,1,12307
7,3,12310
-3,3,12313
-2,2,12315
6,4,12319
8,2,12321
9,1,12322
-1,1,12323
8,2,12325
3,7,12332
8,2,12334
-18,18,12352
9,1,12353
9,1,12354
9,1,12355
9,1,12356
9,1,12357
9,1,12358
5,5,12363
6,4,12367
8,2,12369
9,1,12370
9,1,12371
-1,1,12372
6,4,12376
7,3,12379
9,1,12380
7,3,12383
4,6,12389
9,1,12390
-1,11,12401
-2,2,12403
-2,12,12415
-1,1,12416
-1,1,12417
9,1,12418
2,8,12426
-1,1,12427
6,4,12431
9,1,12432
9,1,12433
-18,18,12451
-2,2,12453
8,2,12455
-2,2,12457
9,1,12458
7,3,12461
7,3,12464
-20,20,12484
9,1,12485
7,3,12488
-2,2,12490
9,1,12491
-1,1,12492
9,1,12493
6,4,12497
8,2,12499
-3,3,12502
8,2,12504
7,3,12507
7,3,12510
-1,1,12511
6,4,12515
7,3,12518
9,1,12519
5,5,12524
-1,1,12525
9,1,12526
5,5,12531
-2,2,12533
3,7,12540
-20,20,12560
9,1,12561
-1,1,12562
8,2,12564
-3,3,12567
9,1,12568
3,7,12575
4,6,12581
7,3,12584
-3,13,12597
8,2,12599
-1,1,12600
6,4,12604
9,1,12605
7,3,12608
9,1,12609
7,3,12612
2,8,12620
7,3,12623
-20,20,12643
-6,16,12659
9,1,12660
6,4,12664
3,7,12671
9,1,12672
9,1,12673
5,5,12678
-1,1,12679
-2,2,12681
9,1,12682
9,1,12683
3,7,12690
-8,8,12698
8,2,12700
8,2,12702
9,1,12703
-2,2,12705
-2,2,12707
9,1,12708
1,9,12717
9,1,12718
8,2,12720
-1,1,12721
-20,20,12741
9,1,12742
9,1,12743
8,2,12745
8,2,12747
-1,1,12748
6,4,12752
-1,1,12753
8,2,12755
7,3,12758
5,5,12763
6,4,12767
8,2,12769
9,1,12770
9,1,12771
7,3,12774
-3,3,12777
-1,11,12788
7,3,12791
-5,15,12806
-1,1,12807
9,1,12808
7,3,12811
-4,4,12815
-16,16,12831
-2,2,12833
9,1,12834
9,1,12835
9,1,12836
9,1,12837
2,8,12845
9,1,12846
-3,3,12849
-2,2,12851
6,4,12855
-1,11,12866
6,4,12870
-1,1,12871
-5,15,12886
6,4,12890
-6,6,12896
6,4,12900
-4,4,12904
-1,1,12905
9,1,12906
8,2,12908
6,4,12912
-5,5,12917
6,4,12921
9,1,12922
-1,1,12923
7,3,12926
9,1,12927
7,3,12930
-1,1,12931
8,2,12933
-20,20,12953
8,2,12955
-3,3,12958
9,1,12959
9,1,12960
7,3,12963
8,2,12965
9,1,12966
9,1,12967
9,1,12968
9,1,12969
9,1,12970
9,1,12971
9,1,12972
2,8,12980
-2,2,12982
-1,1,12983
9,1,12984
9,1,12985
6,4,12989
7,3,12992
3,7,12999
-1,1,13000
-1,1,13001
9,1,13002
4,6,13008
7,3,13011
9,1,13012
8,2,13014
-1,1,13015
9,1,13016
-1,1,13017
-20,20,13037
8,2,13039
9,1,13040
-1,1,13041
6,4,13045
8,2,13047
8,2,13049
-7,7,13056
9,1,13057
6,4,13061
3,7,13068
6,4,13072
5,5,13077
9,1,13078
6,4,13082
-2,2,13084
8,2,13086
-20,20,13106
-1,1,13107
1,9,13116
7,3,13119
3,7,13126
8,2,13128
8,2,13130
9,1,13131
7,3,13134
-1,1,13135
9,1,13136
7,3,13139
9,1,13140
9,1,13141
8,2,13143
9,1,13144
6,4,13148
8,2,13150
9,1,13151
1,9,13160
7,3,13163
6,4,13167
7,3,13170
-20,20,13190
6,4,13194
8,2,13196
-1,1,13197
6,4,13201
-6,16,13217
-2,2,13219
7,3,13222
6,4,13226
8,2,13228
8,2,13230
-1,1,13231
-1,1,13232
-3,3,13235
7,3,13238
-2,2,13240
-6,6,13246
-2,2,13248
9,1,13249
8,2,13251
-2,2,13253
9,1,13254
-2,2,13256
-20,20,13276
-7,7,13283
-4,4,13287
8,2,13289
9,1,13290
-2,2,13292
9,1,13293
-13,13,13306
9,1,13307
-3,3,13310
9,1,13311
6,4,13315
8,2,13317
5,5,13322
-3,3,13325
7,3,13328
8,2,13330
9,1,13331
9,1,13332
9,1,13333
-3,13,13346
9,1,13347
9,1,13348
-1,1,13349
9,1,13350
-20,20,13370
6,4,13374
9,1,13375
9,1,13376
9,1,13377
6,4,13381
-1,1,13382
6,4,13386
8,2,13388
9,1,13389
6,4,13393
9,1,13394
8,2,13396
7,3,13399
9,1,13400
7,3,13403
9,1,13404
9,1,13405
6,4,13409
-1,1,13410
-1,1,13411
6,4,13415
-5,5,13420
9,1,13421
8,2,13423
-4,4,13427
-1,1,13428
7,3,13431
9,1,13432
-2,2,13434
8,2,13436
9,1,13437
9,1,13438
5,5,13443
9,1,13444
6,4,13448
0,10,13458
9,1,13459
8,2,13461
6,4,13465
9,1,13466
-7,7,13473
9,1,13474
6,4,13478
9,1,13479
-2,2,13481
8,2,13483
9,1,13484
-1,1,13485
8,2,13487
9,1,13488
6,4,13492
8,2,13494
6,4,13498
9,1,13499
9,1,13500
6,4,13504
9,1,13505
5,5,13510
9,1,13511
8,2,13513
9,1,13514
9,1,13515
9,1,13516
9,1,13517
9,1,13518
8,2,13520
-2,2,13522
1,9,13531
9,1,13532
2,8,13540
5,5,13545
7,3,13548
8,2,13550
7,3,13553
-1,1,13554
-3,13,13567
7,3,13570
-20,20,13590
9,1,13591
8,2,13593
8,2,13595
8,2,13597
8,2,13599
9,1,13600
9,1,13601
7,3,13604
9,1,13605
-7,7,13612
-20,20,13632
9,1,13633
8,2,13635
8,2,13637
9,1,13638
-6,16,13654
-2,2,13656
-2,2,13658
9,1,13659
-3,3,13662
-4,4,13666
-1,1,13667
9,1,13668
-3,3,13671
-1,1,13672
5,5,13677
-1,1,13678
-1,1,13679
8,2,13681
-20,20,13701
9,1,13702
9,1,13703
9,1,13704
9,1,13705
5,5,13710
5,5,13715
6,4,13719
7,3,13722
-20,20,13742
9,1,13743
9,1,13744
9,1,13745
8,2,13747
9,1,13748
8,2,13750
4,6,13756
8,2,13758
4,6,13764
7,3,13767
7,3,13770
3,7,13777
6,4,13781
9,1,13782
-1,1,13783
7,3,13786
8,2,13788
5,5,13793
-1,1,13794
9,1,13795
9,1,13796
9,1,13797
9,1,13798
-3,13,13811
8,2,13813
-20,20,13833
-1,1,13834
7,3,13837
-6,16,13853
9,1,13854
8,2,13856
4,6,13862
-20,20,13882
8,2,13884
9,1,13885
9,1,13886
-1,1,13887
-1,1,13888
9,1,13889
9,1,13890
-1,1,13891
9,1,13892
9,1,13893
9,1,13894
9,1,13895
-4,4,13899
8,2,13901
-2,2,13903
8,2,13905
9,1,13906
-7,7,13913
8,2,13915
5,5,13920
-4,4,13924
-2,2,13926
-2,12,13938
3,7,13945
8,2,13947
9,1,13948
-1,1,13949
-1,1,13950
-20,20,13970
-1,1,13971
8,2,13973
9,1,13974
9,1,13975
9,1,13976
7,3,13979
-2,2,13981
8,2,13983
-1,1,13984
8,2,13986
-2,2,13988
9,1,13989
8,2,13991
9,1,13992
9,1,13993
8,2,13995
9,1,13996
8,2,13998
7,3,14001
8,2,14003
-1,1,14004
8,2,14006
9,1,14007
9,1,14008
8,2,14010
9,1,14011
9,1,14012
8,2,14014
9,1,14015
9,1,14016
9,1,14017
9,1,14018
0,10,14028
9,1,14029
-1,1,14030
9,1,14031
9,1,14032
8,2,14034
-20,20,14054
9,1,14055
6,4,14059
9,1,14060
6,4,14064
8,2,14066
9,1,14067
9,1,14068
9,1,14069
-1,11,14080
9,1,14081
4,6,14087
6,4,14091
6,4,14095
8,2,14097
9,1,14098
8,2,14100
8,2,14102
-2,2,14104
8,2,14106
9,1,14107
7,3,14110
6,4,14114
9,1,14115
9,1,14116
-20,20,14136
5,5,14141
6,4,14145
-20,20,14165
8,2,14167
7,3,14170
-3,3,14173
-12,12,14185
-1,1,14186
9,1,14187
4,6,14193
-20,20,14213
9,1,14214
9,1,14215
-6,6,14221
-15,15,14236
-1,1,14237
9,1,14238
9,1,14239
-20,20,14259
6,4,14263
-3,3,14266
-1,1,14267
9,1,14268
8,2,14270
9,1,14271
9,1,14272
7,3,14275
7,3,14278
7,3,14281
9,1,14282
-1,1,14283
9,1,14284
4,6,14290
9,1,14291
8,2,14293
6,4,14297
6,4,14301
4,6,14307
-20,20,14327
-4,4,14331
8,2,14333
8,2,14335
8,2,14337
8,2,14339
-2,2,14341
9,1,14342
8,2,14344
-1,1,14345
9,1,14346
-20,20,14366
8,2,14368
8,2,14370
6,4,14374
-1,1,14375
9,1,14376
9,1,14377
9,1,14378
9,1,14379
9,1,14380
8,2,14382
-20,20,14402
9,1,14403
-3,3,14406
-20,20,14426
-20,20,14446
8,2,14448
9,1,14449
-1,1,14450
9,1,14451
7,3,14454
4,6,14460
7,3,14463
9,1,14464
-2,2,14466
8,2,14468
-10,20,14488
5,5,14493
6,4,14497
5,5,14502
8,2,14504
8,2,14506
8,2,14508
-3,3,14511
4,6,14517
9,1,14518
9,1,14519
7,3,14522
8,2,14524
8,2,14526
9,1,14527
9,1,14528
8,2,14530
8,2,14532
-1,1,14533
9,1,14534
8,2,14536
7,3,14539
8,2,14541
-2,2,14543
-1,1,14544
-1,1,14545
-3,3,14548
7,3,14551
5,5,14556
-1,1,14557
8,2,14559
7,3,14562
-3,13,14575
9,1,14576
4,6,14582
8,2,14584
-3,3,14587
-2,2,14589
7,3,14592
-5,15,14607
-1,1,14608
8,2,14610
8,2,14612
-4,14,14626
9,1,14627
6,4,14631
5,5,14636
8,2,14638
2,8,14646
8,2,14648
7,3,14651
-2,12,14663
9,1,14664
5,5,14669
-3,3,14672
8,2,14674
6,4,14678
9,1,14679
9,1,14680
7,3,14683
-3,3,14686
-2,2,14688
-20,20,14708
9,1,14709
-6,16,14725
-1,1,14726
9,1,14727
-5,5,14732
-12,12,14744
7,3,14747
9,1,14748
-12,12,14760
7,3,14763
-4,14,14777
7,3,14780
-3,3,14783
8,2,14785
7,3,14788
8,2,14790
-1,1,14791
8,2,14793
8,2,14795
9,1,14796
6,4,14800
-3,3,14803
5,5,14808
1,9,14817
9,1,14818
9,1,14819
-3,3,14822
-7,17,14839
-1,1,14840
9,1,14841
9,1,14842
9,1,14843
-2,2,14845
6,4,14849
9,1,14850
9,1,14851
9,1,14852
8,2,14854
-2,2,14856
8,2,14858
9,1,14859
6,4,14863
9,1,14864
7,3,14867
-3,3,14870
5,5,14875
4,6,14881
4,6,14887
8,2,14889
-3,3,14892
-6,16,14908
-1,1,14909
6,4,14913
9,1,14914
-1,1,14915
5,5,14920
8,2,14922
9,1,14923
6,4,14927
8,2,14929
8,2,14931
8,2,14933
-13,13,14946
8,2,14948
-1,1,14949
7,3,14952
8,2,14954
6,4,14958
9,1,14959
9,1,14960
9,1,14961
9,1,14962
-1,1,14963
9,1,14964
8,2,14966
-4,4,14970
9,1,14971
8,2,14973
9,1,14974
8,2,14976
4,6,14982
6,4,14986
6,4,14990
-2,2,14992
8,2,14994
4,6,15000
9,1,15001
9,1,15002
8,2,15004
-2,2,15006
4,6,15012
9,1,15013
9,1,15014
7,3,15017
9,1,15018
8,2,15020
8,2,15022
9,1,15023
9,1,15024
5,5,15029
4,6,15035
6,4,15039
8,2,15041
8,2,15043
0,10,15053
2,8,15061
-1,1,15062
7,3,15065
7,3,15068
-2,2,15070
9,1,15071
-8,18,15089
2,8,15097
6,4,15101
-20,20,15121
8,2,15123
9,1,15124
9,1,15125
-2,12,15137
-1,1,15138
-5,5,15143
-3,3,15146
8,2,15148
9,1,15149
-1,11,15160
9,1,15161
-2,2,15163
8,2,15165
5,5,15170
9,1,15171
-2,2,15173
8,2,15175
7,3,15178
-3,3,15181
1,9,15190
4,6,15196
-20,20,15216
8,2,15218
8,2,15220
7,3,15223
8,2,15225
9,1,15226
9,1,15227
7,3,15230
-1,1,15231
9,1,15232
-1,1,15233
-1,1,15234
8,2,15236
4,6,15242
8,2,15244
9,1,15245
9,1,15246
2,8,15254
8,2,15256
-1,1,15257
6,4,15261
9,1,15262
4,6,15268
7,3,15271
7,3,15274
6,4,15278
9,1,15279
9,1,15280
5,5,15285
8,2,15287
8,2,15289
-20,20,15309
-3,3,15312
9,1,15313
9,1,15314
5,5,15319
8,2,15321
6,4,15325
4,6,15331
8,2,15333
8,2,15335
9,1,15336
-1,1,15337
6,4,15341
-2,2,15343
-20,20,15363
9,1,15364
8,2,15366
9,1,15367
-1,1,15368
7,3,15371
8,2,15373
9,1,15374
7,3,15377
8,2,15379
7,3,15382
8,2,15384
5,5,15389
-1,1,15390
7,3,15393
8,2,15395
9,1,15396
8,2,15398
8,2,15400
9,1,15401
8,2,15403
-2,2,15405
7,3,15408
9,1,15409
9,1,15410
-3,3,15413
8,2,15415
9,1,15416
7,3,15419
9,1,15420
9,1,15421
9,1,15422
-1,1,15423
8,2,15425
-1,1,15426
9,1,15427
3,7,15434
-20,20,15454
8,2,15456
8,2,15458
9,1,15459
4,6,15465
-2,2,15467
8,2,15469
9,1,15470
-1,1,15471
8,2,15473
5,5,15478
-4,14,15492
9,1,15493
2,8,15501
7,3,15504
9,1,15505
6,4,15509
9,1,15510
9,1,15511
9,1,15512
7,3,15515
1,9,15524
9,1,15525
8,2,15527
5,5,15532
-1,1,15533
9,1,15534
8,2,15536
2,8,15544
9,1,15545
9,1,15546
9,1,15547
9,1,15548
9,1,15549
9,1,15550
7,3,15553
-6,16,15569
9,1,15570
8,2,15572
8,2,15574
8,2,15576
7,3,15579
9,1,15580
6,4,15584
9,1,15585
9,1,15586
-1,1,15587
-3,3,15590
-1,1,15591
3,7,15598
9,1,15599
8,2,15601
9,1,15602
-20,20,15622
9,1,15623
-2,2,15625
9,1,15626
9,1,15627
5,5,15632
8,2,15634
8,2,15636
8,2,15638
9,1,15639
8,2,15641
9,1,15642
9,1,15643
7,3,15646
9,1,15647
6,4,15651
9,1,15652
4,6,15658
-1,1,15659
8,2,15661
7,3,15664
-1,11,15675
-1,1,15676
8,2,15678
-1,1,15679
9,1,15680
8,2,15682
8,2,15684
7,3,15687
3,7,15694
8,2,15696
8,2,15698
9,1,15699
-3,3,15702
-3,3,15705
4,6,15711
6,4,15715
9,1,15716
8,2,15718
9,1,15719
8,2,15721
5,5,15726
8,2,15728
6,4,15732
9,1,15733
9,1,15734
9,1,15735
-3,13,15748
9,1,15749
-8,8,15757
9,1,15758
9,1,15759
-1,1,15760
9,1,15761
5,5,15766
1,9,15775
5,5,15780
9,1,15781
9,1,15782
-20,20,15802
-7,17,15819
8,2,15821
1,9,15830
8,2,15832
9,1,15833
6,4,15837
-4,4,15841
9,1,15842
-2,2,15844
8,2,15846
9,1,15847
5,5,15852
-20,20,15872
4,6,15878
-1,1,15879
-20,20,15899
2,8,15907
-20,20,15927
9,1,15928
4,6,15934
6,4,15938
-8,18,15956
-1,1,15957
-2,2,15959
6,4,15963
7,3,15966
9,1,15967
9,1,15968
6,4,15972
9,1,15973
8,2,15975
-1,1,15976
7,3,15979
8,2,15981
8,2,15983
7,3,15986
9,1,15987
8,2,15989
7,3,15992
7,3,15995
9,1,15996
9,1,15997
9,1,15998
2,8,16006
6,4,16010
9,1,16011
8,2,16013
4,6,16019
9,1,16020
7,3,16023
3,7,16030
-20,20,16050
8,2,16052
8,2,16054
8,2,16056
9,1,16057
9,1,16058
8,2,16060
5,5,16065
-2,2,16067
-3,13,16080
9,1,16081
9,1,16082
8,2,16084
6,4,16088
9,1,16089
9,1,16090
8,2,16092
9,1,16093
9,1,16094
5,5,16099
-1,1,16100
9,1,16101
8,2,16103
8,2,16105
7,3,16108
9,1,16109
9,1,16110
-3,3,16113
9,1,16114
-1,1,16115
9,1,16116
9,1,16117
9,1,16118
-4,4,16122
-1,1,16123
9,1,16124
-1,1,16125
9,1,16126
7,3,16129
3,7,16136
9,1,16137
8,2,16139
9,1,16140
-10,10,16150
-2,2,16152
7,3,16155
9,1,16156
9,1,16157
8,2,16159
9,1,16160
5,5,16165
3,7,16172
8,2,16174
5,5,16179
9,1,16180
9,1,16181
3,7,16188
8,2,16190
9,1,16191
4,6,16197
9,1,16198
7,3,16201
9,1,16202
5,5,16207
8,2,16209
6,4,16213
8,2,16215
8,2,16217
9,1,16218
9,1,16219
8,2,16221
-2,2,16223
9,1,16224
5,5,16229
7,3,16232
5,5,16237
9,1,16238
8,2,16240
8,2,16242
9,1,16243
9,1,16244
7,3,16247
8,2,16249
7,3,16252
8,2,16254
9,1,16255
7,3,16258
9,1,16259
-2,2,16261
8,2,16263
9,1,16264
-1,1,16265
9,1,16266
9,1,16267
-3,3,16270
9,1,16271
6,4,16275
5,5,16280
8,2,16282
-4,4,16286
9,1,16287
9,1,16288
0,10,16298
7,3,16301
7,3,16304
8,2,16306
8,2,16308
9,1,16309
8,2,16311
9,1,16312
8,2,16314
-1,1,16315
-1,1,16316
9,1,16317
7,3,16320
9,1,16321
7,3,16324
6,4,16328
7,3,16331
5,5,16336
9,1,16337
9,1,16338
7,3,16341
5,5,16346
8,2,16348
9,1,16349
7,3,16352
8,2,16354
9,1,16355
9,1,16356
9,1,16357
9,1,16358
-20,20,16378
9,1,16379
8,2,16381
7,3,16384
8,2,16386
9,1,16387
8,2,16389
8,2,16391
8,2,16393
-1,1,16394
8,2,16396
8,2,16398
9,1,16399
0,10,16409
8,2,16411
6,4,16415
0,10,16425
-3,3,16428
9,1,16429
9,1,16430
9,1,16431
8,2,16433
8,2,16435
-3,3,16438
7,3,16441
7,3,16444
9,1,16445
9,1,16446
9,1,16447
9,1,16448
7,3,16451
8,2,16453
8,2,16455
9,1,16456
7,3,16459
9,1,16460
8,2,16462
-3,13,16475
8,2,16477
9,1,16478
9,1,16479
1,9,16488
-3,13,16501
3,7,16508
7,3,16511
7,3,16514
9,1,16515
9,1,16516
9,1,16517
9,1,16518
-1,1,16519
8,2,16521
9,1,16522
9,1,16523
-2,2,16525
3,7,16532
7,3,16535
9,1,16536
8,2,16538
4,6,16544
7,3,16547
8,2,16549
9,1,16550
7,3,16553
8,2,16555
6,4,16559
7,3,16562
8,2,16564
8,2,16566
9,1,16567
9,1,16568
9,1,16569
8,2,16571
9,1,16572
9,1,16573
9,1,16574
7,3,16577
-1,1,16578
7,3,16581
-5,5,16586
8,2,16588
-1,1,16589
8,2,16591
-1,1,16592
9,1,16593
3,7,16600
3,7,16607
9,1,16608
-2,2,16610
9,1,16611
9,1,16612
-3,13,16625
-1,1,16626
7,3,16629
8,2,16631
7,3,16634
4,6,16640
4,6,16646
7,3,16649
9,1,16650
9,1,16651
7,3,16654
9,1,16655
9,1,16656
-20,20,16676
7,3,16679
7,3,16682
-1,1,16683
9,1,16684
9,1,16685
-5,15,16700
6,4,16704
9,1,16705
7,3,16708
5,5,16713
-2,2,16715
8,2,16717
3,7,16724
8,2,16726
9,1,16727
4,6,16733
5,5,16738
8,2,16740
9,1,16741
8,2,16743
-1,1,16744
-1,1,16745
9,1,16746
-5,5,16751
9,1,16752
-4,4,16756
8,2,16758
7,3,16761
9,1,16762
8,2,16764
9,1,16765
9,1,16766
-20,20,16786
-1,1,16787
9,1,16788
7,3,16791
9,1,16792
2,8,16800
4,6,16806
9,1,16807
8,2,16809
9,1,16810
8,2,16812
-3,3,16815
5,5,16820
-1,1,16821
9,1,16822
-8,18,16840
8,2,16842
2,8,16850
5,5,16855
9,1,16856
-5,5,16861
9,1,16862
-3,3,16865
-3,3,16868
8,2,16870
2,8,16878
9,1,16879
7,3,16882
9,1,16883
9,1,16884
7,3,16887
-1,1,16888
5,5,16893
-1,1,16894
7,3,16897
-9,19,16916
-20,20,16936
-4,4,16940
1,9,16949
0,10,16959
7,3,16962
5,5,16967
-3,3,16970
4,6,16976
-1,1,16977
9,1,16978
9,1,16979
8,2,16981
8,2,16983
7,3,16986
4,6,16992
-20,20,17012
8,2,17014
-1,1,17015
4,6,17021
-11,11,17032
-1,1,17033
9,1,17034
-2,2,17036
8,2,17038
-20,20,17058
9,1,17059
8,2,17061
9,1,17062
4,6,17068
3,7,17075
4,6,17081
8,2,17083
4,6,17089
-1,1,17090
9,1,17091
9,1,17092
8,2,17094
3,7,17101
0,10,17111
-1,1,17112
1,9,17121
-3,3,17124
-4,4,17128
8,2,17130
9,1,17131
4,6,17137
8,2,17139
9,1,17140
-3,3,17143
2,8,17151
-5,15,17166
7,3,17169
9,1,17170
3,7,17177
9,1,17178
-4,4,17182
9,1,17183
7,3,17186
9,1,17187
9,1,17188
7,3,17191
-11,11,17202
7,3,17205
7,3,17208
-1,1,17209
-1,1,17210
9,1,17211
8,2,17213
9,1,17214
9,1,17215
6,4,17219
-1,1,17220
9,1,17221
-20,20,17241
5,5,17246
9,1,17247
6,4,17251
9,1,17252
-3,3,17255
8,2,17257
8,2,17259
8,2,17261
6,4,17265
7,3,17268
8,2,17270
-3,3,17273
-20,20,17293
8,2,17295
-4,14,17309
9,1,17310
9,1,17311
8,2,17313
2,8,17321
9,1,17322
9,1,17323
8,2,17325
4,6,17331
8,2,17333
5,5,17338
7,3,17341
-5,5,17346
9,1,17347
9,1,17348
5,5,17353
7,3,17356
7,3,17359
9,1,17360
7,3,17363
-1,1,17364
-1,1,17365
9,1,17366
-3,3,17369
8,2,17371
8,2,17373
6,4,17377
8,2,17379
9,1,17380
7,3,17383
9,1,17384
9,1,17385
7,3,17388
9,1,17389
8,2,17391
-2,2,17393
9,1,17394
8,2,17396
-20,20,17416
9,1,17417
-20,20,17437
7,3,17440
7,3,17443
2,8,17451
-20,20,17471
8,2,17473
-3,13,17486
-2,2,17488
7,3,17491
9,1,17492
8,2,17494
9,1,17495
-4,4,17499
9,1,17500
9,1,17501
9,1,17502
-20,20,17522
0,10,17532
8,2,17534
9,1,17535
6,4,17539
-1,1,17540
8,2,17542
8,2,17544
8,2,17546
7,3,17549
9,1,17550
7,3,17553
9,1,17554
9,1,17555
8,2,17557
7,3,17560
-20,20,17580
9,1,17581
-2,2,17583
9,1,17584
7,3,17587
-1,1,17588
9,1,17589
9,1,17590
9,1,17591
-1,1,17592
6,4,17596
-3,13,17609
8,2,17611
9,1,17612
9,1,17613
6,4,17617
-3,3,17620
9,1,17621
-20,20,17641
-7,17,17658
9,1,17659
8,2,17661
8,2,17663
9,1,17664
6,4,17668
-6,6,17674
-20,20,17694
4,6,17700
5,5,17705
-2,2,17707
9,1,17708
9,1,17709
-2,2,17711
9,1,17712
9,1,17713
-2,2,17715
4,6,17721
5,5,17726
8,2,17728
5,5,17733
9,1,17734
6,4,17738
8,2,17740
8,2,17742
9,1,17743
9,1,17744
-4,4,17748
-1,1,17749
-1,11,17760
6,4,17764
9,1,17765
8,2,17767
9,1,17768
8,2,17770
7,3,17773
6,4,17777
6,4,17781
7,3,17784
9,1,17785
9,1,17786
-20,20,17806
9,1,17807
3,7,17814
7,3,17817
9,1,17818
-20,20,17838
-1,1,17839
9,1,17840
-2,2,17842
8,2,17844
-2,2,17846
5,5,17851
8,2,17853
7,3,17856
7,3,17859
5,5,17864
8,2,17866
9,1,17867
6,4,17871
9,1,17872
9,1,17873
-2,2,17875
6,4,17879
8,2,17881
9,1,17882
-8,8,17890
7,3,17893
9,1,17894
-11,11,17905
7,3,17908
-9,9,17917
2,8,17925
-6,16,17941
9,1,17942
5,5,17947
7,3,17950
8,2,17952
7,3,17955
-1,1,17956
4,6,17962
7,3,17965
-1,11,17976
-5,5,17981
-20,20,18001
5,5,18006
4,6,18012
9,1,18013
7,3,18016
7,3,18019
8,2,18021
9,1,18022
9,1,18023
-5,5,18028
9,1,18029
-1,1,18030
5,5,18035
6,4,18039
7,3,18042
9,1,18043
9,1,18044
9,1,18045
8,2,18047
9,1,18048
7,3,18051
9,1,18052
9,1,18053
5,5,18058
8,2,18060
7,3,18063
5,5,18068
9,1,18069
9,1,18070
8,2,18072
9,1,18073
-20,20,18093
9,1,18094
9,1,18095
9,1,18096
7,3,18099
9,1,18100
9,1,18101
7,3,18104
6,4,18108
7,3,18111
7,3,18114
8,2,18116
7,3,18119
-4,14,18133
9,1,18134
8,2,18136
-1,1,18137
6,4,18141
9,1,18142
7,3,18145
9,1,18146
9,1,18147
6,4,18151
8,2,18153
9,1,18154
7,3,18157
9,1,18158
-8,8,18166
8,2,18168
9,1,18169
8,2,18171
9,1,18172
8,2,18174
7,3,18177
-20,20,18197
-2,2,18199
9,1,18200
9,1,18201
4,6,18207
9,1,18208
9,1,18209
8,2,18211
9,1,18212
9,1,18213
6,4,18217
9,1,18218
9,1,18219
3,7,18226
8,2,18228
-1,1,18229
-2,2,18231
-20,20,18251
9,1,18252
7,3,18255
8,2,18257
9,1,18258
7,3,18261
9,1,18262
3,7,18269
-1,1,18270
-1,1,18271
9,1,18272
8,2,18274
8,2,18276
6,4,18280
8,2,18282
9,1,18283
8,2,18285
0,10,18295
7,3,18298
-1,1,18299
9,1,18300
8,2,18302
-8,8,18310
-3,13,18323
-1,1,18324
7,3,18327
8,2,18329
9,1,18330
8,2,18332
7,3,18335
8,2,18337
5,5,18342
9,1,18343
9,1,18344
-7,7,18351
9,1,18352
9,1,18353
9,1,18354
4,6,18360
-7,17,18377
-20,20,18397
9,1,18398
9,1,18399
9,1,18400
5,5,18405
9,1,18406
5,5,18411
7,3,18414
8,2,18416
3,7,18423
9,1,18424
9,1,18425
-2,2,18427
8,2,18429
8,2,18431
3,7,18438
9,1,18439
-5,5,18444
9,1,18445
5,5,18450
8,2,18452
-20,20,18472
8,2,18474
5,5,18479
7,3,18482
6,4,18486
-1,1,18487
8,2,18489
9,1,18490
5,5,18495
-6,6,18501
8,2,18503
-4,14,18517
7,3,18520
8,2,18522
-20,20,18542
9,1,18543
8,2,18545
4,6,18551
9,1,18552
9,1,18553
6,4,18557
-1,1,18558
8,2,18560
8,2,18562
5,5,18567
7,3,18570
9,1,18571
9,1,18572
-17,17,18589
9,1,18590
6,4,18594
9,1,18595
8,2,18597
5,5,18602
9,1,18603
8,2,18605
8,2,18607
7,3,18610
-1,1,18611
9,1,18612
7,3,18615
7,3,18618
8,2,18620
9,1,18621
1,9,18630
5,5,18635
7,3,18638
9,1,18639
8,2,18641
6,4,18645
8,2,18647
-1,11,18658
9,1,18659
-20,20,18679
9,1,18680
4,6,18686
-4,4,18690
1,9,18699
9,1,18700
9,1,18701
7,3,18704
9,1,18705
8,2,18707
-5,15,18722
5,5,18727
8,2,18729
9,1,18730
7,3,18733
8,2,18735
7,3,18738
8,2,18740
9,1,18741
7,3,18744
-1,1,18745
9,1,18746
8,2,18748
7,3,18751
9,1,18752
8,2,18754
-20,20,18774
-10,10,18784
9,1,18785
9,1,18786
8,2,18788
9,1,18789
7,3,18792
9,1,18793
8,2,18795
8,2,18797
9,1,18798
7,3,18801
9,1,18802
7,3,18805
-1,1,18806
6,4,18810
8,2,18812
-6,6,18818
9,1,18819
-2,2,18821
8,2,18823
8,2,18825
1,9,18834
-1,1,18835
-2,2,18837
8,2,18839
8,2,18841
4,6,18847
9,1,18848
8,2,18850
8,2,18852
7,3,18855
-2,2,18857
9,1,18858
8,2,18860
6,4,18864
6,4,18868
9,1,18869
-5,15,18884
8,2,18886
7,3,18889
9,1,18890
8,2,18892
9,1,18893
8,2,18895
-20,20,18915
8,2,18917
-1,1,18918
9,1,18919
9,1,18920
9,1,18921
9,1,18922
6,4,18926
9,1,18927
9,1,18928
-1,1,18929
9,1,18930
-1,1,18931
9,1,18932
5,5,18937
6,4,18941
3,7,18948
9,1,18949
5,5,18954
8,2,18956
6,4,18960
7,3,18963
8,2,18965
3,7,18972
9,1,18973
8,2,18975
9,1,18976
9,1,18977
9,1,18978
8,2,18980
8,2,18982
7,3,18985
9,1,18986
9,1,18987
9,1,18988
6,4,18992
5,5,18997
9,1,18998
-1,1,18999
9,1,19000
8,2,19002
4,6,19008
8,2,19010
8,2,19012
8,2,19014
9,1,19015
7,3,19018
-1,1,19019
9,1,19020
6,4,19024
8,2,19026
7,3,19029
9,1,19030
-1,1,19031
8,2,19033
9,1,19034
8,2,19036
4,6,19042
5,5,19047
8,2,19049
1,9,19058
9,1,19059
-3,3,19062
7,3,19065
6,4,19069
9,1,19070
8,2,19072
5,5,19077
7,3,19080
-5,5,19085
-4,14,19099
2,8,19107
-20,20,19127
9,1,19128
5,5,19133
9,1,19134
7,3,19137
9,1,19138
8,2,19140
8,2,19142
9,1,19143
-14,14,19157
-4,4,19161
9,1,19162
8,2,19164
-3,3,19167
-6,6,19173
-20,20,19193
8,2,19195
6,4,19199
5,5,19204
9,1,19205
9,1,19206
-2,2,19208
-1,1,19209
8,2,19211
8,2,19213
9,1,19214
4,6,19220
9,1,19221
-1,1,19222
-1,1,19223
8,2,19225
7,3,19228
-2,2,19230
-8,8,19238
-5,5,19243
6,4,19247
-1,1,19248
7,3,19251
9,1,19252
5,5,19257
9,1,19258
8,2,19260
7,3,19263
5,5,19268
6,4,19272
-1,1,19273
8,2,19275
8,2,19277
8,2,19279
4,6,19285
9,1,19286
9,1,19287
7,3,19290
7,3,19293
3,7,19300
9,1,19301
-2,2,19303
9,1,19304
9,1,19305
9,1,19306
8,2,19308
3,7,19315
9,1,19316
8,2,19318
9,1,19319
9,1,19320
-2,2,19322
-20,20,19342
6,4,19346
1,9,19355
4,6,19361
9,1,19362
9,1,19363
-20,20,19383
6,4,19387
-1,1,19388
-1,11,19399
9,1,19400
9,1,19401
-6,6,19407
9,1,19408
0,10,19418
9,1,19419
5,5,19424
4,6,19430
9,1,19431
9,1,19432
9,1,19433
-5,15,19448
8,2,19450
-2,2,19452
8,2,19454
9,1,19455
6,4,19459
6,4,19463
7,3,19466
8,2,19468
9,1,19469
-2,2,19471
9,1,19472
-3,13,19485
5,5,19490
9,1,19491
9,1,19492
9,1,19493
-20,20,19513
-1,1,19514
7,3,19517
5,5,19522
9,1,19523
8,2,19525
3,7,19532
4,6,19538
7,3,19541
5,5,19546
8,2,19548
8,2,19550
4,6,19556
7,3,19559
7,3,19562
6,4,19566
-9,19,19585
9,1,19586
8,2,19588
7,3,19591
-20,20,19611
5,5,19616
9,1,19617
9,1,19618
9,1,19619
8,2,19621
8,2,19623
1,9,19632
7,3,19635
7,3,19638
8,2,19640
9,1,19641
-10,10,19651
6,4,19655
-2,12,19667
9,1,19668
8,2,19670
6,4,19674
8,2,19676
9,1,19677
-1,1,19678
9,1,19679
9,1,19680
-1,1,19681
-14,14,19695
5,5,19700
6,4,19704
7,3,19707
8,2,19709
4,6,19715
8,2,19717
9,1,19718
7,3,19721
-20,20,19741
-1,1,19742
-1,1,19743
-10,20,19763
9,1,19764
9,1,19765
8,2,19767
-4,4,19771
9,1,19772
8,2,19774
8,2,19776
7,3,19779
0,10,19789
6,4,19793
7,3,19796
7,3,19799
9,1,19800
7,3,19803
9,1,19804
9,1,19805
9,1,19806
8,2,19808
-2,2,19810
9,1,19811
9,1,19812
9,1,19813
9,1,19814
-1,11,19825
9,1,19826
8,2,19828
-20,20,19848
-2,2,19850
9,1,19851
4,6,19857
4,6,19863
-4,4,19867
8,2,19869
7,3,19872
9,1,19873
9,1,19874
-20,20,19894
8,2,19896
8,2,19898
-1,1,19899
9,1,19900
2,8,19908
3,7,19915
8,2,19917
9,1,19918
8,2,19920
8,2,19922
-5,5,19927
9,1,19928
6,4,19932
9,1,19933
9,1,19934
-5,15,19949
6,4,19953
9,1,19954
9,1,19955
8,2,19957
9,1,19958
9,1,19959
-20,20,19979
-4,4,19983
8,2,19985
8,2,19987
9,1,19988
9,1,19989
7,3,19992
-6,6,19998
-9,19,20017
9,1,20018
9,1,20019
7,3,20022
-3,13,20035
6,4,20039
6,4,20043
5,5,20048
9,1,20049
4,6,20055
9,1,20056
9,1,20057
-20,20,20077
-1,1,20078
-1,1,20079
9,1,20080
7,3,20083
8,2,20085
8,2,20087
4,6,20093
-4,14,20107
-2,2,20109
8,2,20111
9,1,20112
3,7,20119
9,1,20120
-1,1,20121
-10,20,20141
9,1,20142
8,2,20144
-1,1,20145
7,3,20148
9,1,20149
4,6,20155
8,2,20157
7,3,20160
9,1,20161
9,1,20162
6,4,20166
-1,1,20167
9,1,20168
5,5,20173
7,3,20176
9,1,20177
9,1,20178
9,1,20179
8,2,20181
9,1,20182
8,2,20184
9,1,20185
-2,2,20187
-2,2,20189
6,4,20193
9,1,20194
8,2,20196
8,2,20198
3,7,20205
8,2,20207
6,4,20211
-1,1,20212
5,5,20217
-1,1,20218
7,3,20221
7,3,20224
7,3,20227
6,4,20231
8,2,20233
-20,20,20253
7,3,20256
7,3,20259
9,1,20260
2,8,20268
8,2,20270
7,3,20273
9,1,20274
9,1,20275
2,8,20283
7,3,20286
6,4,20290
5,5,20295
9,1,20296
1,9,20305
6,4,20309
8,2,20311
-3,3,20314
-5,5,20319
7,3,20322
9,1,20323
9,1,20324
4,6,20330
9,1,20331
5,5,20336
1,9,20345
5,5,20350
4,6,20356
9,1,20357
9,1,20358
9,1,20359
8,2,20361
9,1,20362
6,4,20366
9,1,20367
-6,16,20383
9,1,20384
9,1,20385
9,1,20386
9,1,20387
-4,14,20401
2,8,20409
9,1,20410
9,1,20411
4,6,20417
-7,17,20434
5,5,20439
7,3,20442
9,1,20443
-1,11,20454
9,1,20455
-20,20,20475
8,2,20477
9,1,20478
7,3,20481
-1,1,20482
8,2,20484
9,1,20485
8,2,20487
8,2,20489
9,1,20490
4,6,20496
9,1,20497
8,2,20499
9,1,20500
9,1,20501
3,7,20508
6,4,20512
-1,1,20513
9,1,20514
7,3,20517
7,3,20520
4,6,20526
8,2,20528
8,2,20530
4,6,20536
9,1,20537
8,2,20539
7,3,20542
9,1,20543
8,2,20545
8,2,20547
9,1,20548
9,1,20549
9,1,20550
7,3,20553
6,4,20557
5,5,20562
6,4,20566
9,1,20567
9,1,20568
-4,4,20572
9,1,20573
4,6,20579
9,1,20580
9,1,20581
4,6,20587
8,2,20589
9,1,20590
3,7,20597
9,1,20598
9,1,20599
9,1,20600
4,6,20606
-4,4,20610
8,2,20612
5,5,20617
8,2,20619
8,2,20621
-1,1,20622
9,1,20623
5,5,20628
-20,20,20648
7,3,20651
4,6,20657
9,1,20658
9,1,20659
9,1,20660
8,2,20662
9,1,20663
9,1,20664
9,1,20665
-20,20,20685
9,1,20686
8,2,20688
4,6,20694
-2,2,20696
-6,6,20702
8,2,20704
5,5,20709
8,2,20711
9,1,20712
2,8,20720
-6,6,20726
9,1,20727
9,1,20728
7,3,20731
4,6,20737
-9,19,20756
6,4,20760
8,2,20762
9,1,20763
6,4,20767
2,8,20775
7,3,20778
8,2,20780
9,1,20781
-20,20,20801
8,2,20803
7,3,20806
-6,16,20822
-20,20,20842
4,6,20848
9,1,20849
6,4,20853
3,7,20860
9,1,20861
9,1,20862
9,1,20863
9,1,20864
8,2,20866
7,3,20869
2,8,20877
4,6,20883
8,2,20885
6,4,20889
8,2,20891
6,4,20895
4,6,20901
9,1,20902
8,2,20904
1,9,20913
8,2,20915
8,2,20917
-10,20,20937
8,2,20939
8,2,20941
8,2,20943
7,3,20946
7,3,20949
7,3,20952
4,6,20958
9,1,20959
9,1,20960
5,5,20965
7,3,20968
9,1,20969
9,1,20970
9,1,20971
9,1,20972
-9,9,20981
8,2,20983
-1,1,20984
8,2,20986
4,6,20992
7,3,20995
-1,1,20996
5,5,21001
-1,1,21002
8,2,21004
9,1,21005
-2,2,21007
8,2,21009
9,1,21010
9,1,21011
8,2,21013
9,1,21014
2,8,21022
6,4,21026
8,2,21028
9,1,21029
6,4,21033
9,1,21034
8,2,21036
9,1,21037
7,3,21040
9,1,21041
7,3,21044
8,2,21046
-3,3,21049
8,2,21051
6,4,21055
5,5,21060
9,1,21061
8,2,21063
4,6,21069
8,2,21071
8,2,21073
7,3,21076
8,2,21078
9,1,21079
-2,2,21081
9,1,21082
9,1,21083
9,1,21084
8,2,21086
7,3,21089
8,2,21091
9,1,21092
9,1,21093
9,1,21094
9,1,21095
6,4,21099
-7,7,21106
6,4,21110
7,3,21113
9,1,21114
-14,14,21128
9,1,21129
-1,1,21130
9,1,21131
9,1,21132
8,2,21134
3,7,21141
9,1,21142
-2,2,21144
7,3,21147
8,2,21149
9,1,21150
9,1,21151
7,3,21154
8,2,21156
-3,13,21169
6,4,21173
3,7,21180
7,3,21183
-5,5,21188
9,1,21189
9,1,21190
8,2,21192
7,3,21195
9,1,21196
8,2,21198
8,2,21200
9,1,21201
9,1,21202
-6,6,21208
7,3,21211
9,1,21212
-2,12,21224
5,5,21229
-2,2,21231
3,7,21238
-20,20,21258
9,1,21259
8,2,21261
-1,1,21262
9,1,21263
9,1,21264
-20,20,21284
9,1,21285
9,1,21286
8,2,21288
-6,6,21294
7,3,21297
8,2,21299
8,2,21301
9,1,21302
-5,5,21307
-20,20,21327
2,8,21335
9,1,21336
9,1,21337
9,1,21338
9,1,21339
-2,2,21341
1,9,21350
8,2,21352
9,1,21353
-1,1,21354
4,6,21360
-1,1,21361
8,2,21363
-1,1,21364
-1,1,21365
9,1,21366
-1,1,21367
-12,12,21379
2,8,21387
8,2,21389
8,2,21391
3,7,21398
5,5,21403
7,3,21406
8,2,21408
9,1,21409
8,2,21411
2,8,21419
8,2,21421
9,1,21422
7,3,21425
8,2,21427
8,2,21429
3,7,21436
-1,1,21437
8,2,21439
8,2,21441
6,4,21445
7,3,21448
8,2,21450
2,8,21458
5,5,21463
8,2,21465
-4,4,21469
8,2,21471
-3,13,21484
8,2,21486
-1,1,21487
-1,1,21488
5,5,21493
9,1,21494
9,1,21495
8,2,21497
8,2,21499
7,3,21502
-1,1,21503
9,1,21504
9,1,21505
8,2,21507
5,5,21512
-1,1,21513
1,9,21522
-2,12,21534
8,2,21536
-5,15,21551
9,1,21552
9,1,21553
7,3,21556
3,7,21563
8,2,21565
8,2,21567
9,1,21568
9,1,21569
1,9,21578
9,1,21579
-13,13,21592
9,1,21593
-6,6,21599
9,1,21600
7,3,21603
9,1,21604
9,1,21605
1,9,21614
9,1,21615
-1,11,21626
8,2,21628
6,4,21632
-20,20,21652
9,1,21653
7,3,21656
7,3,21659
7,3,21662
8,2,21664
0,10,21674
6,4,21678
8,2,21680
8,2,21682
6,4,21686
-1,1,21687
5,5,21692
-1,1,21693
9,1,21694
9,1,21695
9,1,21696
9,1,21697
1,9,21706
7,3,21709
9,1,21710
9,1,21711
-1,1,21712
9,1,21713
9,1,21714
6,4,21718
-1,1,21719
8,2,21721
8,2,21723
9,1,21724
7,3,21727
-3,13,21740
0,10,21750
6,4,21754
8,2,21756
8,2,21758
-1,1,21759
9,1,21760
9,1,21761
-1,1,21762
6,4,21766
-1,1,21767
-4,4,21771
8,2,21773
9,1,21774
9,1,21775
8,2,21777
9,1,21778
4,6,21784
-2,2,21786
8,2,21788
5,5,21793
9,1,21794
4,6,21800
7,3,21803
7,3,21806
9,1,21807
9,1,21808
7,3,21811
8,2,21813
9,1,21814
7,3,21817
9,1,21818
4,6,21824
9,1,21825
9,1,21826
-12,12,21838
7,3,21841
4,6,21847
8,2,21849
0,10,21859
6,4,21863
8,2,21865
9,1,21866
-2,2,21868
2,8,21876
7,3,21879
9,1,21880
8,2,21882
5,5,21887
-1,1,21888
8,2,21890
7,3,21893
9,1,21894
8,2,21896
6,4,21900
9,1,21901
-20,20,21921
9,1,21922
8,2,21924
7,3,21927
8,2,21929
2,8,21937
8,2,21939
5,5,21944
1,9,21953
8,2,21955
7,3,21958
9,1,21959
9,1,21960
5,5,21965
9,1,21966
8,2,21968
-3,13,21981
8,2,21983
-1,1,21984
8,2,21986
7,3,21989
-9,19,22008
9,1,22009
5,5,22014
-1,1,22015
6,4,22019
9,1,22020
9,1,22021
8,2,22023
6,4,22027
6,4,22031
-5,5,22036
8,2,22038
8,2,22040
-1,1,22041
8,2,22043
-1,1,22044
-1,1,22045
-5,15,22060
8,2,22062
8,2,22064
9,1,22065
5,5,22070
9,1,22071
6,4,22075
-1,1,22076
-2,2,22078
4,6,22084
-20,20,22104
-5,15,22119
-6,16,22135
1,9,22144
8,2,22146
2,8,22154
8,2,22156
8,2,22158
9,1,22159
9,1,22160
9,1,22161
-4,4,22165
9,1,22166
-1,1,22167
7,3,22170
8,2,22172
8,2,22174
9,1,22175
9,1,22176
8,2,22178
5,5,22183
-2,2,22185
5,5,22190
8,2,22192
6,4,22196
-1,1,22197
8,2,22199
9,1,22200
3,7,22207
6,4,22211
7,3,22214
7,3,22217
-1,1,22218
-4,4,22222
9,1,22223
8,2,22225
7,3,22228
9,1,22229
8,2,22231
6,4,22235
9,1,22236
-1,1,22237
9,1,22238
9,1,22239
9,1,22240
9,1,22241
-20,20,22261
-1,1,22262
6,4,22266
4,6,22272
6,4,22276
-1,1,22277
-1,1,22278
6,4,22282
9,1,22283
8,2,22285
9,1,22286
8,2,22288
7,3,22291
9,1,22292
-2,2,22294
9,1,22295
9,1,22296
8,2,22298
5,5,22303
9,1,22304
9,1,22305
8,2,22307
9,1,22308
4,6,22314
9,1,22315
9,1,22316
9,1,22317
8,2,22319
1,9,22328
7,3,22331
9,1,22332
-5,5,22337
7,3,22340
8,2,22342
-5,15,22357
-1,1,22358
7,3,22361
9,1,22362
3,7,22369
8,2,22371
9,1,22372
7,3,22375
8,2,22377
9,1,22378
4,6,22384
8,2,22386
9,1,22387
6,4,22391
9,1,22392
8,2,22394
9,1,22395
9,1,22396
7,3,22399
8,2,22401
9,1,22402
0,10,22412
6,4,22416
-1,1,22417
8,2,22419
-9,19,22438
7,3,22441
9,1,22442
-2,2,22444
9,1,22445
9,1,22446
-2,2,22448
8,2,22450
7,3,22453
4,6,22459
-1,1,22460
9,1,22461
8,2,22463
7,3,22466
-1,1,22467
8,2,22469
8,2,22471
9,1,22472
5,5,22477
9,1,22478
9,1,22479
7,3,22482
3,7,22489
9,1,22490
5,5,22495
9,1,22496
9,1,22497
8,2,22499
7,3,22502
9,1,22503
7,3,22506
9,1,22507
7,3,22510
9,1,22511
8,2,22513
-1,1,22514
-20,20,22534
9,1,22535
6,4,22539
9,1,22540
9,1,22541
9,1,22542
9,1,22543
7,3,22546
9,1,22547
8,2,22549
7,3,22552
0,10,22562
-8,18,22580
7,3,22583
8,2,22585
7,3,22588
8,2,22590
9,1,22591
8,2,22593
3,7,22600
6,4,22604
4,6,22610
7,3,22613
9,1,22614
7,3,22617
-1,1,22618
9,1,22619
-1,1,22620
6,4,22624
8,2,22626
7,3,22629
8,2,22631
9,1,22632
8,2,22634
7,3,22637
6,4,22641
8,2,22643
-2,2,22645
7,3,22648
6,4,22652
9,1,22653
9,1,22654
5,5,22659
8,2,22661
9,1,22662
-20,20,22682
9,1,22683
9,1,22684
7,3,22687
9,1,22688
8,2,22690
2,8,22698
-1,1,22699
9,1,22700
6,4,22704
8,2,22706
9,1,22707
9,1,22708
7,3,22711
8,2,22713
9,1,22714
7,3,22717
7,3,22720
9,1,22721
4,6,22727
9,1,22728
7,3,22731
9,1,22732
-3,3,22735
3,7,22742
-2,2,22744
9,1,22745
8,2,22747
-1,1,22748
8,2,22750
9,1,22751
5,5,22756
9,1,22757
9,1,22758
3,7,22765
9,1,22766
7,3,22769
5,5,22774
8,2,22776
9,1,22777
-3,3,22780
6,4,22784
9,1,22785
9,1,22786
8,2,22788
-19,19,22807
9,1,22808
8,2,22810
9,1,22811
-1,1,22812
-6,16,22828
9,1,22829
4,6,22835
9,1,22836
9,1,22837
4,6,22843
8,2,22845
9,1,22846
9,1,22847
8,2,22849
-1,1,22850
8,2,22852
7,3,22855
-4,4,22859
9,1,22860
9,1,22861
9,1,22862
5,5,22867
7,3,22870
9,1,22871
6,4,22875
7,3,22878
8,2,22880
6,4,22884
4,6,22890
-1,1,22891
8,2,22893
9,1,22894
-2,2,22896
8,2,22898
9,1,22899
8,2,22901
8,2,22903
9,1,22904
9,1,22905
9,1,22906
-3,3,22909
-3,3,22912
9,1,22913
8,2,22915
-3,3,22918
9,1,22919
-1,1,22920
8,2,22922
9,1,22923
9,1,22924
8,2,22926
8,2,22928
9,1,22929
9,1,22930
9,1,22931
8,2,22933
3,7,22940
7,3,22943
6,4,22947
9,1,22948
8,2,22950
9,1,22951
8,2,22953
9,1,22954
3,7,22961
-1,1,22962
4,6,22968
9,1,22969
9,1,22970
9,1,22971
5,5,22976
9,1,22977
8,2,22979
8,2,22981
8,2,22983
9,1,22984
5,5,22989
9,1,22990
7,3,22993
7,3,22996
3,7,23003
8,2,23005
-5,5,23010
5,5,23015
6,4,23019
7,3,23022
8,2,23024
5,5,23029
8,2,23031
-4,4,23035
-1,1,23036
7,3,23039
5,5,23044
8,2,23046
0,10,23056
8,2,23058
9,1,23059
8,2,23061
9,1,23062
7,3,23065
9,1,23066
8,2,23068
9,1,23069
4,6,23075
6,4,23079
9,1,23080
9,1,23081
9,1,23082
8,2,23084
7,3,23087
9,1,23088
8,2,23090
4,6,23096
-1,1,23097
8,2,23099
-1,1,23100
8,2,23102
-1,1,23103
8,2,23105
8,2,23107
8,2,23109
7,3,23112
7,3,23115
9,1,23116
6,4,23120
6,4,23124
7,3,23127
9,1,23128
-1,11,23139
7,3,23142
9,1,23143
8,2,23145
8,2,23147
6,4,23151
9,1,23152
7,3,23155
4,6,23161
-2,2,23163
4,6,23169
9,1,23170
9,1,23171
8,2,23173
-2,2,23175
-2,2,23177
9,1,23178
8,2,23180
-6,16,23196
4,6,23202
2,8,23210
7,3,23213
9,1,23214
8,2,23216
9,1,23217
8,2,23219
8,2,23221
8,2,23223
9,1,23224
-1,1,23225
6,4,23229
8,2,23231
-1,1,23232
8,2,23234
7,3,23237
-2,2,23239
-11,11,23250
9,1,23251
-12,12,23263
7,3,23266
3,7,23273
9,1,23274
9,1,23275
7,3,23278
0,10,23288
9,1,23289
-2,2,23291
9,1,23292
9,1,23293
-4,4,23297
8,2,23299
9,1,23300
9,1,23301
8,2,23303
9,1,23304
8,2,23306
6,4,23310
9,1,23311
3,7,23318
9,1,23319
8,2,23321
8,2,23323
9,1,23324
9,1,23325
9,1,23326
9,1,23327
8,2,23329
8,2,23331
5,5,23336
8,2,23338
7,3,23341
9,1,23342
9,1,23343
8,2,23345
7,3,23348
9,1,23349
9,1,23350
6,4,23354
9,1,23355
9,1,23356
-1,1,23357
9,1,23358
6,4,23362
8,2,23364
5,5,23369
9,1,23370
6,4,23374
5,5,23379
9,1,23380
8,2,23382
9,1,23383
8,2,23385
8,2,23387
9,1,23388
8,2,23390
7,3,23393
8,2,23395
4,6,23401
9,1,23402
6,4,23406
3,7,23413
6,4,23417
-1,1,23418
8,2,23420
9,1,23421
8,2,23423
9,1,23424
8,2,23426
8,2,23428
9,1,23429
9,1,23430
-3,13,23443
-1,1,23444
7,3,23447
8,2,23449
9,1,23450
9,1,23451
9,1,23452
9,1,23453
9,1,23454
7,3,23457
6,4,23461
-1,11,23472
-20,20,23492
-7,7,23499
9,1,23500
9,1,23501
9,1,23502
9,1,23503
9,1,23504
9,1,23505
-2,2,23507
-20,20,23527
-6,6,23533
8,2,23535
-1,1,23536
5,5,23541
7,3,23544
6,4,23548
8,2,23550
-2,2,23552
-5,5,23557
8,2,23559
5,5,23564
9,1,23565
8,2,23567
8,2,23569
9,1,23570
9,1,23571
6,4,23575
8,2,23577
-1,1,23578
7,3,23581
9,1,23582
8,2,23584
9,1,23585
-4,14,23599
-2,12,23611
6,4,23615
6,4,23619
8,2,23621
9,1,23622
8,2,23624
8,2,23626
8,2,23628
4,6,23634
9,1,23635
5,5,23640
9,1,23641
9,1,23642
4,6,23648
9,1,23649
8,2,23651
8,2,23653
7,3,23656
9,1,23657
6,4,23661
-6,6,23667
9,1,23668
9,1,23669
9,1,23670
9,1,23671
7,3,23674
-19,19,23693
8,2,23695
9,1,23696
8,2,23698
9,1,23699
9,1,23700
9,1,23701
6,4,23705
9,1,23706
9,1,23707
1,9,23716
8,2,23718
9,1,23719
1,9,23728
8,2,23730
9,1,23731
6,4,23735
-7,17,23752
0,10,23762
9,1,23763
9,1,23764
8,2,23766
8,2,23768
2,8,23776
6,4,23780
8,2,23782
9,1,23783
-3,3,23786
9,1,23787
9,1,23788
7,3,23791
6,4,23795
9,1,23796
9,1,23797
-1,1,23798
-5,15,23813
8,2,23815
8,2,23817
-1,1,23818
9,1,23819
9,1,23820
8,2,23822
7,3,23825
-2,2,23827
6,4,23831
8,2,23833
8,2,23835
7,3,23838
9,1,23839
8,2,23841
7,3,23844
-1,1,23845
7,3,23848
8,2,23850
8,2,23852
-20,20,23872
9,1,23873
7,3,23876
8,2,23878
9,1,23879
9,1,23880
4,6,23886
-5,15,23901
8,2,23903
8,2,23905
4,6,23911
7,3,23914
6,4,23918
6,4,23922
9,1,23923
-3,3,23926
7,3,23929
-3,13,23942
9,1,23943
9,1,23944
9,1,23945
5,5,23950
0,10,23960
4,6,23966
-4,14,23980
3,7,23987
9,1,23988
9,1,23989
-3,3,23992
2,8,24000
5,5,24005
8,2,24007
8,2,24009
7,3,24012
9,1,24013
9,1,24014
-2,2,24016
7,3,24019
9,1,24020
-1,1,24021
5,5,24026
8,2,24028
7,3,24031
8,2,24033
9,1,24034
4,6,24040
8,2,24042
9,1,24043
7,3,24046
4,6,24052
9,1,24053
-1,11,24064
8,2,24066
8,2,24068
8,2,24070
8,2,24072
-1,1,24073
9,1,24074
8,2,24076
4,6,24082
9,1,24083
9,1,24084
-1,1,24085
9,1,24086
-3,3,24089
9,1,24090
-20,20,24110
9,1,24111
8,2,24113
9,1,24114
8,2,24116
9,1,24117
6,4,24121
6,4,24125
-1,1,24126
9,1,24127
-20,20,24147
9,1,24148
6,4,24152
9,1,24153
8,2,24155
9,1,24156
9,1,24157
9,1,24158
8,2,24160
9,1,24161
9,1,24162
8,2,24164
-20,20,24184
9,1,24185
3,7,24192
8,2,24194
8,2,24196
7,3,24199
8,2,24201
5,5,24206
8,2,24208
8,2,24210
7,3,24213
9,1,24214
6,4,24218
9,1,24219
9,1,24220
9,1,24221
5,5,24226
6,4,24230
8,2,24232
8,2,24234
7,3,24237
9,1,24238
9,1,24239
4,6,24245
9,1,24246
-2,2,24248
9,1,24249
8,2,24251
9,1,24252
8,2,24254
6,4,24258
8,2,24260
6,4,24264
8,2,24266
-1,1,24267
-1,1,24268
6,4,24272
6,4,24276
9,1,24277
9,1,24278
9,1,24279
9,1,24280
8,2,24282
7,3,24285
9,1,24286
7,3,24289
5,5,24294
-1,1,24295
9,1,24296
9,1,24297
9,1,24298
8,2,24300
7,3,24303
9,1,24304
-2,2,24306
6,4,24310
9,1,24311
-1,1,24312
-2,2,24314
7,3,24317
9,1,24318
9,1,24319
5,5,24324
9,1,24325
8,2,24327
9,1,24328
9,1,24329
9,1,24330
6,4,24334
7,3,24337
5,5,24342
8,2,24344
8,2,24346
8,2,24348
9,1,24349
8,2,24351
4,6,24357
9,1,24358
9,1,24359
9,1,24360
-3,3,24363
8,2,24365
2,8,24373
6,4,24377
9,1,24378
9,1,24379
4,6,24385
-2,2,24387
-5,5,24392
9,1,24393
9,1,24394
9,1,24395
1,9,24404
9,1,24405
9,1,24406
8,2,24408
-2,2,24410
7,3,24413
9,1,24414
9,1,24415
8,2,24417
9,1,24418
5,5,24423
5,5,24428
9,1,24429
3,7,24436
9,1,24437
5,5,24442
-1,11,24453
9,1,24454
7,3,24457
8,2,24459
7,3,24462
9,1,24463
8,2,24465
-2,2,24467
6,4,24471
4,6,24477
7,3,24480
-7,7,24487
-20,20,24507
9,1,24508
9,1,24509
5,5,24514
9,1,24515
9,1,24516
-1,1,24517
2,8,24525
9,1,24526
8,2,24528
8,2,24530
9,1,24531
7,3,24534
8,2,24536
9,1,24537
8,2,24539
9,1,24540
-4,4,24544
8,2,24546
-2,2,24548
8,2,24550
-2,2,24552
9,1,24553
-1,1,24554
7,3,24557
9,1,24558
6,4,24562
-11,11,24573
-1,1,24574
8,2,24576
-8,8,24584
-6,6,24590
-20,20,24610
9,1,24611
7,3,24614
9,1,24615
9,1,24616
9,1,24617
9,1,24618
9,1,24619
9,1,24620
9,1,24621
8,2,24623
-10,10,24633
-4,4,24637
9,1,24638
7,3,24641
8,2,24643
-5,15,24658
8,2,24660
9,1,24661
7,3,24664
5,5,24669
-20,20,24689
7,3,24692
8,2,24694
-2,2,24696
-6,6,24702
9,1,24703
7,3,24706
4,6,24712
9,1,24713
9,1,24714
6,4,24718
-20,20,24738
9,1,24739
9,1,24740
1,9,24749
1,9,24758
6,4,24762
8,2,24764
7,3,24767
7,3,24770
9,1,24771
9,1,24772
8,2,24774
9,1,24775
8,2,24777
6,4,24781
9,1,24782
7,3,24785
9,1,24786
1,9,24795
6,4,24799
9,1,24800
6,4,24804
9,1,24805
-1,1,24806
9,1,24807
8,2,24809
8,2,24811
7,3,24814
6,4,24818
9,1,24819
-20,20,24839
9,1,24840
9,1,24841
9,1,24842
8,2,24844
9,1,24845
5,5,24850
9,1,24851
-1,11,24862
8,2,24864
9,1,24865
9,1,24866
9,1,24867
7,3,24870
9,1,24871
9,1,24872
8,2,24874
7,3,24877
2,8,24885
8,2,24887
9,1,24888
9,1,24889
-2,2,24891
7,3,24894
9,1,24895
9,1,24896
-1,1,24897
9,1,24898
9,1,24899
1,9,24908
7,3,24911
9,1,24912
9,1,24913
9,1,24914
8,2,24916
8,2,24918
-3,3,24921
8,2,24923
-1,1,24924
6,4,24928
7,3,24931
9,1,24932
1,9,24941
9,1,24942
9,1,24943
9,1,24944
9,1,24945
7,3,24948
-9,9,24957
8,2,24959
9,1,24960
-4,4,24964
7,3,24967
8,2,24969
8,2,24971
9,1,24972
-4,4,24976
-7,7,24983
9,1,24984
9,1,24985
3,7,24992
9,1,24993
9,1,24994
9,1,24995
9,1,24996
-10,20,25016
6,4,25020
8,2,25022
8,2,25024
7,3,25027
9,1,25028
-3,3,25031
6,4,25035
3,7,25042
8,2,25044
-1,1,25045
8,2,25047
7,3,25050
9,1,25051
8,2,25053
9,1,25054
7,3,25057
-3,3,25060
9,1,25061
9,1,25062
9,1,25063
7,3,25066
6,4,25070
8,2,25072
9,1,25073
-3,3,25076
7,3,25079
2,8,25087
7,3,25090
9,1,25091
7,3,25094
9,1,25095
9,1,25096
8,2,25098
-1,1,25099
8,2,25101
9,1,25102
6,4,25106
7,3,25109
6,4,25113
9,1,25114
9,1,25115
9,1,25116
-1,1,25117
6,4,25121
9,1,25122
-1,1,25123
-1,1,25124
2,8,25132
2,8,25140
7,3,25143
-1,1,25144
9,1,25145
9,1,25146
-3,3,25149
6,4,25153
8,2,25155
7,3,25158
2,8,25166
8,2,25168
-1,1,25169
7,3,25172
-2,12,25184
9,1,25185
4,6,25191
5,5,25196
9,1,25197
9,1,25198
5,5,25203
-1,1,25204
8,2,25206
9,1,25207
9,1,25208
9,1,25209
6,4,25213
4,6,25219
8,2,25221
-1,1,25222
9,1,25223
3,7,25230
7,3,25233
9,1,25234
8,2,25236
9,1,25237
9,1,25238
7,3,25241
-20,20,25261
3,7,25268
-2,2,25270
9,1,25271
8,2,25273
8,2,25275
-5,15,25290
-1,1,25291
9,1,25292
7,3,25295
9,1,25296
0,10,25306
8,2,25308
4,6,25314
6,4,25318
9,1,25319
-3,3,25322
9,1,25323
8,2,25325
-1,1,25326
8,2,25328
7,3,25331
9,1,25332
9,1,25333
7,3,25336
-4,4,25340
9,1,25341
7,3,25344
9,1,25345
9,1,25346
9,1,25347
-6,6,25353
8,2,25355
9,1,25356
7,3,25359
-1,11,25370
9,1,25371
6,4,25375
8,2,25377
-3,13,25390
8,2,25392
9,1,25393
8,2,25395
8,2,25397
-3,13,25410
4,6,25416
6,4,25420
9,1,25421
-8,8,25429
9,1,25430
9,1,25431
6,4,25435
7,3,25438
5,5,25443
6,4,25447
2,8,25455
7,3,25458
9,1,25459
9,1,25460
6,4,25464
8,2,25466
9,1,25467
8,2,25469
8,2,25471
9,1,25472
6,4,25476
6,4,25480
-1,1,25481
-6,6,25487
6,4,25491
-1,1,25492
9,1,25493
7,3,25496
9,1,25497
8,2,25499
-20,20,25519
9,1,25520
6,4,25524
-2,2,25526
8,2,25528
8,2,25530
9,1,25531
-9,19,25550
0,10,25560
9,1,25561
7,3,25564
9,1,25565
4,6,25571
8,2,25573
9,1,25574
9,1,25575
8,2,25577
8,2,25579
9,1,25580
6,4,25584
8,2,25586
-7,17,25603
-1,1,25604
-2,2,25606
9,1,25607
-4,4,25611
6,4,25615
8,2,25617
-7,17,25634
3,7,25641
9,1,25642
-9,9,25651
-6,6,25657
-13,13,25670
9,1,25671
9,1,25672
-1,1,25673
8,2,25675
1,9,25684
7,3,25687
9,1,25688
9,1,25689
9,1,25690
8,2,25692
5,5,25697
8,2,25699
-1,1,25700
7,3,25703
9,1,25704
8,2,25706
8,2,25708
-3,3,25711
8,2,25713
9,1,25714
-4,4,25718
9,1,25719
3,7,25726
-3,13,25739
9,1,25740
8,2,25742
7,3,25745
7,3,25748
9,1,25749
3,7,25756
9,1,25757
6,4,25761
9,1,25762
3,7,25769
-2,2,25771
9,1,25772
8,2,25774
9,1,25775
8,2,25777
8,2,25779
9,1,25780
9,1,25781
6,4,25785
8,2,25787
9,1,25788
5,5,25793
8,2,25795
7,3,25798
-2,2,25800
7,3,25803
-3,3,25806
6,4,25810
9,1,25811
9,1,25812
9,1,25813
-2,12,25825
9,1,25826
7,3,25829
9,1,25830
7,3,25833
8,2,25835
-1,1,25836
9,1,25837
9,1,25838
7,3,25841
-1,1,25842
9,1,25843
9,1,25844
9,1,25845
8,2,25847
6,4,25851
-2,2,25853
6,4,25857
8,2,25859
4,6,25865
8,2,25867
5,5,25872
7,3,25875
9,1,25876
-1,11,25887
-3,3,25890
2,8,25898
9,1,25899
9,1,25900
9,1,25901
9,1,25902
8,2,25904
9,1,25905
-1,1,25906
8,2,25908
8,2,25910
9,1,25911
8,2,25913
8,2,25915
7,3,25918
-5,15,25933
8,2,25935
8,2,25937
9,1,25938
-1,1,25939
8,2,25941
9,1,25942
6,4,25946
6,4,25950
9,1,25951
7,3,25954
7,3,25957
-1,1,25958
-1,11,25969
8,2,25971
6,4,25975
8,2,25977
9,1,25978
9,1,25979
2,8,25987
-5,15,26002
8,2,26004
9,1,26005
-20,20,26025
5,5,26030
8,2,26032
9,1,26033
4,6,26039
5,5,26044
9,1,26045
1,9,26054
9,1,26055
7,3,26058
8,2,26060
8,2,26062
7,3,26065
8,2,26067
9,1,26068
-1,1,26069
-16,16,26085
6,4,26089
5,5,26094
-2,2,26096
9,1,26097
-6,16,26113
-5,5,26118
9,1,26119
9,1,26120
-1,1,26121
-3,3,26124
7,3,26127
9,1,26128
7,3,26131
7,3,26134
9,1,26135
5,5,26140
6,4,26144
8,2,26146
8,2,26148
8,2,26150
-1,1,26151
9,1,26152
9,1,26153
-1,1,26154
9,1,26155
8,2,26157
8,2,26159
0,10,26169
9,1,26170
8,2,26172
8,2,26174
7,3,26177
9,1,26178
7,3,26181
-6,6,26187
8,2,26189
9,1,26190
-1,1,26191
-20,20,26211
9,1,26212
7,3,26215
9,1,26216
9,1,26217
9,1,26218
6,4,26222
9,1,26223
9,1,26224
8,2,26226
8,2,26228
7,3,26231
7,3,26234
9,1,26235
9,1,26236
9,1,26237
9,1,26238
8,2,26240
9,1,26241
9,1,26242
-2,12,26254
8,2,26256
9,1,26257
1,9,26266
9,1,26267
-1,11,26278
6,4,26282
7,3,26285
-2,2,26287
8,2,26289
9,1,26290
-2,2,26292
9,1,26293
9,1,26294
8,2,26296
9,1,26297
9,1,26298
9,1,26299
-5,5,26304
7,3,26307
-2,2,26309
9,1,26310
7,3,26313
9,1,26314
-2,2,26316
9,1,26317
3,7,26324
-5,5,26329
9,1,26330
9,1,26331
8,2,26333
5,5,26338
2,8,26346
9,1,26347
-2,2,26349
8,2,26351
8,2,26353
6,4,26357
7,3,26360
9,1,26361
-1,1,26362
9,1,26363
9,1,26364
8,2,26366
6,4,26370
9,1,26371
7,3,26374
8,2,26376
5,5,26381
9,1,26382
9,1,26383
6,4,26387
-20,20,26407
9,1,26408
7,3,26411
6,4,26415
-1,1,26416
9,1,26417
-20,20,26437
-1,1,26438
9,1,26439
6,4,26443
8,2,26445
8,2,26447
9,1,26448
-2,2,26450
9,1,26451
8,2,26453
9,1,26454
9,1,26455
3,7,26462
8,2,26464
9,1,26465
9,1,26466
0,10,26476
7,3,26479
-1,1,26480
7,3,26483
8,2,26485
9,1,26486
1,9,26495
5,5,26500
9,1,26501
9,1,26502
2,8,26510
8,2,26512
9,1,26513
9,1,26514
3,7,26521
9,1,26522
5,5,26527
9,1,26528
-1,1,26529
-4,4,26533
7,3,26536
9,1,26537
9,1,26538
8,2,26540
7,3,26543
9,1,26544
8,2,26546
8,2,26548
8,2,26550
-4,4,26554
9,1,26555
-3,13,26568
7,3,26571
7,3,26574
3,7,26581
9,1,26582
9,1,26583
9,1,26584
7,3,26587
9,1,26588
3,7,26595
8,2,26597
9,1,26598
9,1,26599
9,1,26600
8,2,26602
8,2,26604
8,2,26606
8,2,26608
-1,1,26609
9,1,26610
9,1,26611
-20,20,26631
-1,1,26632
9,1,26633
7,3,26636
6,4,26640
9,1,26641
6,4,26645
8,2,26647
9,1,26648
7,3,26651
9,1,26652
9,1,26653
9,1,26654
8,2,26656
8,2,26658
8,2,26660
9,1,26661
9,1,26662
9,1,26663
9,1,26664
5,5,26669
8,2,26671
-19,19,26690
-4,4,26694
8,2,26696
9,1,26697
6,4,26701
8,2,26703
9,1,26704
9,1,26705
7,3,26708
3,7,26715
9,1,26716
9,1,26717
6,4,26721
7,3,26724
-20,20,26744
7,3,26747
7,3,26750
7,3,26753
8,2,26755
8,2,26757
9,1,26758
9,1,26759
9,1,26760
0,10,26770
-3,3,26773
9,1,26774
7,3,26777
8,2,26779
9,1,26780
9,1,26781
4,6,26787
6,4,26791
9,1,26792
-20,20,26812
6,4,26816
9,1,26817
8,2,26819
9,1,26820
8,2,26822
5,5,26827
8,2,26829
9,1,26830
9,1,26831
8,2,26833
8,2,26835
9,1,26836
6,4,26840
6,4,26844
8,2,26846
8,2,26848
9,1,26849
9,1,26850
9,1,26851
9,1,26852
9,1,26853
-20,20,26873
6,4,26877
8,2,26879
-3,3,26882
9,1,26883
8,2,26885
-3,3,26888
7,3,26891
7,3,26894
9,1,26895
-3,3,26898
9,1,26899
8,2,26901
-3,3,26904
8,2,26906
9,1,26907
9,1,26908
5,5,26913
8,2,26915
9,1,26916
9,1,26917
9,1,26918
8,2,26920
9,1,26921
9,1,26922
9,1,26923
6,4,26927
9,1,26928
9,1,26929
-1,1,26930
8,2,26932
7,3,26935
7,3,26938
-20,20,26958
-20,20,26978
9,1,26979
-2,2,26981
9,1,26982
6,4,26986
8,2,26988
7,3,26991
8,2,26993
1,9,27002
-1,1,27003
9,1,27004
-20,20,27024
9,1,27025
8,2,27027
7,3,27030
8,2,27032
8,2,27034
9,1,27035
8,2,27037
7,3,27040
6,4,27044
9,1,27045
7,3,27048
8,2,27050
9,1,27051
8,2,27053
6,4,27057
9,1,27058
9,1,27059
9,1,27060
8,2,27062
8,2,27064
-1,1,27065
8,2,27067
9,1,27068
9,1,27069
8,2,27071
5,5,27076
9,1,27077
6,4,27081
7,3,27084
9,1,27085
9,1,27086
8,2,27088
-1,1,27089
-4,14,27103
8,2,27105
5,5,27110
9,1,27111
5,5,27116
-1,1,27117
9,1,27118
9,1,27119
8,2,27121
7,3,27124
8,2,27126
-2,2,27128
3,7,27135
9,1,27136
-2,2,27138
-6,16,27154
6,4,27158
6,4,27162
9,1,27163
9,1,27164
-8,8,27172
5,5,27177
8,2,27179
9,1,27180
9,1,27181
8,2,27183
9,1,27184
-1,11,27195
9,1,27196
6,4,27200
8,2,27202
6,4,27206
9,1,27207
-2,2,27209
9,1,27210
9,1,27211
7,3,27214
9,1,27215
3,7,27222
8,2,27224
5,5,27229
8,2,27231
2,8,27239
9,1,27240
8,2,27242
9,1,27243
7,3,27246
9,1,27247
9,1,27248
-2,12,27260
5,5,27265
8,2,27267
5,5,27272
3,7,27279
9,1,27280
6,4,27284
7,3,27287
9,1,27288
7,3,27291
9,1,27292
9,1,27293
9,1,27294
9,1,27295
9,1,27296
8,2,27298
8,2,27300
8,2,27302
6,4,27306
9,1,27307
7,3,27310
7,3,27313
8,2,27315
-2,2,27317
9,1,27318
8,2,27320
8,2,27322
-1,1,27323
8,2,27325
-1,1,27326
6,4,27330
9,1,27331
-3,13,27344
8,2,27346
9,1,27347
8,2,27349
9,1,27350
9,1,27351
9,1,27352
9,1,27353
7,3,27356
8,2,27358
8,2,27360
8,2,27362
9,1,27363
9,1,27364
7,3,27367
-2,2,27369
8,2,27371
9,1,27372
9,1,27373
9,1,27374
9,1,27375
8,2,27377
9,1,27378
0,10,27388
8,2,27390
8,2,27392
7,3,27395
-1,1,27396
8,2,27398
7,3,27401
9,1,27402
8,2,27404
9,1,27405
5,5,27410
8,2,27412
-1,1,27413
7,3,27416
8,2,27418
7,3,27421
7,3,27424
9,1,27425
8,2,27427
-1,1,27428
6,4,27432
9,1,27433
1,9,27442
5,5,27447
-5,15,27462
8,2,27464
3,7,27471
9,1,27472
9,1,27473
7,3,27476
8,2,27478
-3,3,27481
9,1,27482
8,2,27484
9,1,27485
-4,4,27489
9,1,27490
7,3,27493
-8,18,27511
5,5,27516
7,3,27519
6,4,27523
9,1,27524
9,1,27525
7,3,27528
-3,3,27531
9,1,27532
9,1,27533
-1,1,27534
4,6,27540
8,2,27542
9,1,27543
9,1,27544
9,1,27545
6,4,27549
3,7,27556
6,4,27560
9,1,27561
-3,3,27564
4,6,27570
7,3,27573
8,2,27575
9,1,27576
-3,3,27579
4,6,27585
8,2,27587
9,1,27588
6,4,27592
9,1,27593
9,1,27594
7,3,27597
6,4,27601
4,6,27607
-4,4,27611
7,3,27614
9,1,27615
9,1,27616
2,8,27624
8,2,27626
9,1,27627
8,2,27629
7,3,27632
9,1,27633
8,2,27635
8,2,27637
-4,4,27641
9,1,27642
5,5,27647
8,2,27649
7,3,27652
9,1,27653
8,2,27655
8,2,27657
8,2,27659
9,1,27660
-2,2,27662
7,3,27665
8,2,27667
4,6,27673
7,3,27676
-1,1,27677
9,1,27678
9,1,27679
-20,20,27699
9,1,27700
9,1,27701
9,1,27702
5,5,27707
9,1,27708
9,1,27709
8,2,27711
9,1,27712
8,2,27714
1,9,27723
9,1,27724
8,2,27726
8,2,27728
-12,12,27740
9,1,27741
-1,11,27752
1,9,27761
9,1,27762
8,2,27764
8,2,27766
6,4,27770
6,4,27774
6,4,27778
7,3,27781
8,2,27783
9,1,27784
8,2,27786
9,1,27787
9,1,27788
7,3,27791
-3,13,27804
9,1,27805
9,1,27806
7,3,27809
-1,1,27810
5,5,27815
9,1,27816
-1,1,27817
5,5,27822
8,2,27824
2,8,27832
6,4,27836
9,1,27837
7,3,27840
8,2,27842
9,1,27843
9,1,27844
8,2,27846
9,1,27847
-1,11,27858
8,2,27860
9,1,27861
9,1,27862
-1,1,27863
9,1,27864
8,2,27866
8,2,27868
-2,2,27870
-20,20,27890
9,1,27891
9,1,27892
8,2,27894
-1,1,27895
-2,2,27897
8,2,27899
6,4,27903
4,6,27909
8,2,27911
3,7,27918
5,5,27923
8,2,27925
9,1,27926
9,1,27927
8,2,27929
8,2,27931
5,5,27936
8,2,27938
7,3,27941
6,4,27945
3,7,27952
8,2,27954
-1,1,27955
-1,1,27956
7,3,27959
9,1,27960
4,6,27966
6,4,27970
4,6,27976
-1,1,27977
7,3,27980
7,3,27983
8,2,27985
9,1,27986
9,1,27987
8,2,27989
9,1,27990
8,2,27992
9,1,27993
7,3,27996
7,3,27999
9,1,28000
9,1,28001
9,1,28002
9,1,28003
-1,1,28004
6,4,28008
7,3,28011
7,3,28014
-4,14,28028
9,1,28029
9,1,28030
5,5,28035
-8,18,28053
8,2,28055
-9,19,28074
9,1,28075
2,8,28083
9,1,28084
8,2,28086
8,2,28088
8,2,28090
-2,2,28092
7,3,28095
9,1,28096
7,3,28099
9,1,28100
7,3,28103
9,1,28104
-5,5,28109
9,1,28110
8,2,28112
8,2,28114
8,2,28116
-1,1,28117
9,1,28118
6,4,28122
-2,12,28134
1,9,28143
9,1,28144
8,2,28146
7,3,28149
9,1,28150
-20,20,28170
9,1,28171
9,1,28172
8,2,28174
8,2,28176
6,4,28180
4,6,28186
-3,13,28199
9,1,28200
8,2,28202
7,3,28205
2,8,28213
9,1,28214
5,5,28219
8,2,28221
8,2,28223
8,2,28225
7,3,28228
8,2,28230
7,3,28233
9,1,28234
7,3,28237
6,4,28241
9,1,28242
8,2,28244
8,2,28246
8,2,28248
8,2,28250
9,1,28251
6,4,28255
2,8,28263
9,1,28264
-9,19,28283
7,3,28286
-1,1,28287
8,2,28289
9,1,28290
-2,2,28292
9,1,28293
9,1,28294
7,3,28297
9,1,28298
8,2,28300
-2,2,28302
9,1,28303
0,10,28313
9,1,28314
-20,20,28334
8,2,28336
-3,3,28339
7,3,28342
5,5,28347
-10,20,28367
0,10,28377
9,1,28378
8,2,28380
9,1,28381
-2,2,28383
7,3,28386
0,10,28396
-2,12,28408
7,3,28411
9,1,28412
-4,4,28416
2,8,28424
2,8,28432
-20,20,28452
9,1,28453
7,3,28456
9,1,28457
7,3,28460
-4,4,28464
9,1,28465
8,2,28467
9,1,28468
-6,16,28484
8,2,28486
8,2,28488
6,4,28492
8,2,28494
3,7,28501
9,1,28502
-1,1,28503
-2,2,28505
7,3,28508
5,5,28513
9,1,28514
6,4,28518
9,1,28519
9,1,28520
9,1,28521
8,2,28523
-5,15,28538
8,2,28540
0,10,28550
6,4,28554
-1,1,28555
7,3,28558
9,1,28559
-1,1,28560
8,2,28562
7,3,28565
7,3,28568
7,3,28571
9,1,28572
4,6,28578
9,1,28579
4,6,28585
8,2,28587
9,1,28588
5,5,28593
9,1,28594
8,2,28596
9,1,28597
8,2,28599
9,1,28600
9,1,28601
2,8,28609
8,2,28611
-7,17,28628
9,1,28629
9,1,28630
7,3,28633
9,1,28634
7,3,28637
8,2,28639
9,1,28640
9,1,28641
8,2,28643
8,2,28645
7,3,28648
-2,2,28650
8,2,28652
9,1,28653
9,1,28654
8,2,28656
9,1,28657
8,2,28659
9,1,28660
9,1,28661
9,1,28662
9,1,28663
9,1,28664
8,2,28666
-6,6,28672
8,2,28674
9,1,28675
8,2,28677
8,2,28679
6,4,28683
9,1,28684
7,3,28687
-3,3,28690
7,3,28693
9,1,28694
8,2,28696
9,1,28697
8,2,28699
-2,2,28701
8,2,28703
-4,4,28707
7,3,28710
4,6,28716
6,4,28720
9,1,28721
8,2,28723
-1,1,28724
8,2,28726
9,1,28727
6,4,28731
8,2,28733
8,2,28735
9,1,28736
9,1,28737
8,2,28739
-2,2,28741
9,1,28742
8,2,28744
7,3,28747
8,2,28749
8,2,28751
9,1,28752
9,1,28753
9,1,28754
9,1,28755
8,2,28757
-2,2,28759
-5,5,28764
9,1,28765
6,4,28769
7,3,28772
9,1,28773
7,3,28776
-1,1,28777
6,4,28781
9,1,28782
8,2,28784
9,1,28785
-6,6,28791
-2,2,28793
-20,20,28813
2,8,28821
6,4,28825
6,4,28829
8,2,28831
9,1,28832
8,2,28834
9,1,28835
8,2,28837
7,3,28840
9,1,28841
6,4,28845
-5,5,28850
9,1,28851
9,1,28852
9,1,28853
8,2,28855
7,3,28858
8,2,28860
7,3,28863
9,1,28864
8,2,28866
9,1,28867
9,1,28868
7,3,28871
9,1,28872
9,1,28873
8,2,28875
8,2,28877
9,1,28878
9,1,28879
9,1,28880
9,1,28881
9,1,28882
-1,1,28883
-3,3,28886
-5,15,28901
-1,1,28902
9,1,28903
9,1,28904
8,2,28906
9,1,28907
9,1,28908
8,2,28910
9,1,28911
9,1,28912
8,2,28914
8,2,28916
6,4,28920
7,3,28923
6,4,28927
0,10,28937
-2,2,28939
-8,8,28947
8,2,28949
8,2,28951
7,3,28954
8,2,28956
5,5,28961
9,1,28962
9,1,28963
6,4,28967
-3,3,28970
-6,6,28976
9,1,28977
9,1,28978
6,4,28982
3,7,28989
6,4,28993
6,4,28997
9,1,28998
9,1,28999
9,1,29000
9,1,29001
9,1,29002
5,5,29007
-1,1,29008
9,1,29009
8,2,29011
4,6,29017
9,1,29018
9,1,29019
7,3,29022
9,1,29023
2,8,29031
7,3,29034
8,2,29036
9,1,29037
7,3,29040
6,4,29044
2,8,29052
9,1,29053
9,1,29054
8,2,29056
-1,1,29057
8,2,29059
8,2,29061
9,1,29062
7,3,29065
2,8,29073
7,3,29076
5,5,29081
9,1,29082
8,2,29084
8,2,29086
8,2,29088
7,3,29091
-3,3,29094
8,2,29096
4,6,29102
8,2,29104
8,2,29106
-4,4,29110
4,6,29116
-1,1,29117
9,1,29118
9,1,29119
8,2,29121
9,1,29122
8,2,29124
9,1,29125
9,1,29126
9,1,29127
-3,3,29130
7,3,29133
8,2,29135
1,9,29144
8,2,29146
9,1,29147
9,1,29148
8,2,29150
-8,8,29158
9,1,29159
7,3,29162
9,1,29163
8,2,29165
8,2,29167
9,1,29168
7,3,29171
9,1,29172
9,1,29173
8,2,29175
9,1,29176
3,7,29183
9,1,29184
7,3,29187
9,1,29188
-1,1,29189
9,1,29190
6,4,29194
9,1,29195
9,1,29196
7,3,29199
8,2,29201
8,2,29203
9,1,29204
9,1,29205
9,1,29206
-1,1,29207
8,2,29209
6,4,29213
7,3,29216
9,1,29217
8,2,29219
9,1,29220
9,1,29221
6,4,29225
9,1,29226
9,1,29227
-3,3,29230
5,5,29235
8,2,29237
-4,4,29241
6,4,29245
5,5,29250
8,2,29252
9,1,29253
9,1,29254
9,1,29255
7,3,29258
9,1,29259
9,1,29260
9,1,29261
7,3,29264
9,1,29265
8,2,29267
8,2,29269
3,7,29276
8,2,29278
8,2,29280
5,5,29285
7,3,29288
4,6,29294
7,3,29297
-2,2,29299
-2,2,29301
5,5,29306
9,1,29307
9,1,29308
8,2,29310
9,1,29311
-2,2,29313
9,1,29314
5,5,29319
8,2,29321
1,9,29330
9,1,29331
7,3,29334
9,1,29335
8,2,29337
-1,1,29338
5,5,29343
-1,1,29344
7,3,29347
9,1,29348
9,1,29349
-20,20,29369
9,1,29370
-4,4,29374
-1,1,29375
2,8,29383
6,4,29387
9,1,29388
-2,2,29390
9,1,29391
8,2,29393
9,1,29394
9,1,29395
9,1,29396
8,2,29398
8,2,29400
-20,20,29420
1,9,29429
7,3,29432
9,1,29433
2,8,29441
6,4,29445
8,2,29447
8,2,29449
9,1,29450
8,2,29452
2,8,29460
8,2,29462
7,3,29465
7,3,29468
9,1,29469
9,1,29470
6,4,29474
9,1,29475
-2,2,29477
9,1,29478
-20,20,29498
-20,20,29518
9,1,29519
8,2,29521
9,1,29522
6,4,29526
-1,1,29527
6,4,29531
-1,1,29532
9,1,29533
7,3,29536
7,3,29539
9,1,29540
-20,20,29560
9,1,29561
8,2,29563
9,1,29564
4,6,29570
9,1,29571
7,3,29574
8,2,29576
9,1,29577
8,2,29579
9,1,29580
9,1,29581
9,1,29582
8,2,29584
-3,3,29587
7,3,29590
8,2,29592
9,1,29593
-2,2,29595
8,2,29597
9,1,29598
8,2,29600
9,1,29601
9,1,29602
-2,12,29614
9,1,29615
3,7,29622
-3,3,29625
8,2,29627
9,1,29628
-2,2,29630
-5,5,29635
8,2,29637
9,1,29638
8,2,29640
9,1,29641
9,1,29642
6,4,29646
9,1,29647
8,2,29649
8,2,29651
8,2,29653
8,2,29655
8,2,29657
-1,1,29658
9,1,29659
-2,2,29661
6,4,29665
-1,1,29666
9,1,29667
3,7,29674
9,1,29675
8,2,29677
-7,7,29684
6,4,29688
9,1,29689
6,4,29693
7,3,29696
5,5,29701
-4,4,29705
8,2,29707
7,3,29710
9,1,29711
7,3,29714
8,2,29716
6,4,29720
9,1,29721
9,1,29722
8,2,29724
8,2,29726
8,2,29728
8,2,29730
8,2,29732
9,1,29733
9,1,29734
-1,1,29735
9,1,29736
9,1,29737
-5,5,29742
8,2,29744
8,2,29746
-2,2,29748
8,2,29750
9,1,29751
9,1,29752
9,1,29753
-2,2,29755
8,2,29757
9,1,29758
9,1,29759
9,1,29760
7,3,29763
9,1,29764
9,1,29765
8,2,29767
9,1,29768
6,4,29772
9,1,29773
9,1,29774
-1,1,29775
9,1,29776
6,4,29780
9,1,29781
9,1,29782
7,3,29785
-3,3,29788
7,3,29791
9,1,29792
-20,20,29812
8,2,29814
3,7,29821
8,2,29823
-9,9,29832
8,2,29834
9,1,29835
9,1,29836
8,2,29838
5,5,29843
9,1,29844
-2,2,29846
6,4,29850
2,8,29858
-2,2,29860
6,4,29864
8,2,29866
9,1,29867
9,1,29868
-1,1,29869
9,1,29870
8,2,29872
8,2,29874
9,1,29875
6,4,29879
8,2,29881
8,2,29883
8,2,29885
7,3,29888
8,2,29890
9,1,29891
2,8,29899
7,3,29902
-2,2,29904
9,1,29905
9,1,29906
9,1,29907
9,1,29908
4,6,29914
-1,1,29915
8,2,29917
9,1,29918
9,1,29919
7,3,29922
-1,1,29923
-4,4,29927
7,3,29930
1,9,29939
9,1,29940
5,5,29945
-2,2,29947
8,2,29949
8,2,29951
7,3,29954
8,2,29956
9,1,29957
-4,4,29961
8,2,29963
-1,1,29964
9,1,29965
9,1,29966
8,2,29968
7,3,29971
9,1,29972
7,3,29975
6,4,29979
1,9,29988
9,1,29989
5,5,29994
7,3,29997
7,3,30000
9,1,30001
8,2,30003
9,1,30004
9,1,30005
-1,1,30006
9,1,30007
7,3,30010
8,2,30012
8,2,30014
9,1,30015
9,1,30016
9,1,30017
-1,1,30018
6,4,30022
6,4,30026
8,2,30028
8,2,30030
7,3,30033
7,3,30036
9,1,30037
1,9,30046
8,2,30048
9,1,30049
9,1,30050
8,2,30052
7,3,30055
8,2,30057
9,1,30058
8,2,30060
9,1,30061
9,1,30062
8,2,30064
7,3,30067
9,1,30068
9,1,30069
7,3,30072
7,3,30075
9,1,30076
9,1,30077
9,1,30078
9,1,30079
9,1,30080
3,7,30087
5,5,30092
5,5,30097
9,1,30098
9,1,30099
9,1,30100
9,1,30101
8,2,30103
9,1,30104
7,3,30107
9,1,30108
7,3,30111
9,1,30112
8,2,30114
-1,1,30115
9,1,30116
6,4,30120
7,3,30123
7,3,30126
8,2,30128
8,2,30130
2,8,30138
8,2,30140
8,2,30142
7,3,30145
9,1,30146
8,2,30148
8,2,30150
-4,4,30154
8,2,30156
6,4,30160
9,1,30161
-1,1,30162
9,1,30163
4,6,30169
8,2,30171
-5,5,30176
8,2,30178
-3,3,30181
9,1,30182
9,1,30183
9,1,30184
9,1,30185
-7,7,30192
8,2,30194
9,1,30195
9,1,30196
6,4,30200
9,1,30201
-2,2,30203
9,1,30204
7,3,30207
9,1,30208
9,1,30209
9,1,30210
8,2,30212
9,1,30213
5,5,30218
8,2,30220
-1,1,30221
9,1,30222
9,1,30223
9,1,30224
9,1,30225
-20,20,30245
8,2,30247
-1,1,30248
4,6,30254
6,4,30258
9,1,30259
-2,2,30261
-1,1,30262
9,1,30263
9,1,30264
8,2,30266
5,5,30271
7,3,30274
7,3,30277
8,2,30279
9,1,30280
7,3,30283
8,2,30285
8,2,30287
6,4,30291
9,1,30292
9,1,30293
6,4,30297
7,3,30300
-1,11,30311
9,1,30312
9,1,30313
9,1,30314
7,3,30317
8,2,30319
9,1,30320
9,1,30321
9,1,30322
9,1,30323
-1,1,30324
8,2,30326
7,3,30329
8,2,30331
8,2,30333
8,2,30335
9,1,30336
8,2,30338
8,2,30340
8,2,30342
1,9,30351
7,3,30354
7,3,30357
9,1,30358
-1,1,30359
9,1,30360
-10,20,30380
8,2,30382
-2,2,30384
9,1,30385
8,2,30387
2,8,30395
7,3,30398
8,2,30400
9,1,30401
-1,1,30402
9,1,30403
9,1,30404
-1,1,30405
8,2,30407
2,8,30415
8,2,30417
6,4,30421
-1,1,30422
-1,1,30423
7,3,30426
9,1,30427
9,1,30428
-1,1,30429
7,3,30432
9,1,30433
9,1,30434
7,3,30437
6,4,30441
9,1,30442
9,1,30443
2,8,30451
-1,1,30452
9,1,30453
-2,2,30455
8,2,30457
7,3,30460
9,1,30461
8,2,30463
8,2,30465
7,3,30468
7,3,30471
7,3,30474
-2,2,30476
9,1,30477
9,1,30478
9,1,30479
8,2,30481
8,2,30483
8,2,30485
8,2,30487
7,3,30490
5,5,30495
-2,2,30497
6,4,30501
9,1,30502
8,2,30504
7,3,30507
-1,1,30508
5,5,30513
9,1,30514
-1,11,30525
4,6,30531
-2,2,30533
9,1,30534
9,1,30535
-1,1,30536
8,2,30538
6,4,30542
-1,1,30543
8,2,30545
-3,13,30558
9,1,30559
-2,2,30561
6,4,30565
9,1,30566
9,1,30567
9,1,30568
9,1,30569
7,3,30572
8,2,30574
-3,3,30577
6,4,30581
9,1,30582
7,3,30585
-2,2,30587
9,1,30588
6,4,30592
9,1,30593
9,1,30594
9,1,30595
8,2,30597
8,2,30599
8,2,30601
8,2,30603
-2,2,30605
9,1,30606
9,1,30607
9,1,30608
9,1,30609
9,1,30610
8,2,30612
8,2,30614
9,1,30615
-1,1,30616
8,2,30618
9,1,30619
8,2,30621
8,2,30623
9,1,30624
9,1,30625
8,2,30627
8,2,30629
7,3,30632
4,6,30638
7,3,30641
7,3,30644
9,1,30645
9,1,30646
-1,1,30647
9,1,30648
7,3,30651
8,2,30653
6,4,30657
9,1,30658
9,1,30659
9,1,30660
-3,13,30673
9,1,30674
8,2,30676
9,1,30677
8,2,30679
9,1,30680
-1,1,30681
7,3,30684
9,1,30685
8,2,30687
8,2,30689
8,2,30691
8,2,30693
-1,1,30694
4,6,30700
8,2,30702
8,2,30704
9,1,30705
-4,14,30719
8,2,30721
9,1,30722
5,5,30727
9,1,30728
8,2,30730
9,1,30731
9,1,30732
9,1,30733
9,1,30734
0,10,30744
8,2,30746
9,1,30747
8,2,30749
9,1,30750
7,3,30753
9,1,30754
9,1,30755
9,1,30756
9,1,30757
8,2,30759
8,2,30761
8,2,30763
9,1,30764
-2,2,30766
9,1,30767
7,3,30770
-2,2,30772
-2,12,30784
9,1,30785
-1,1,30786
9,1,30787
-3,3,30790
8,2,30792
9,1,30793
8,2,30795
8,2,30797
-1,1,30798
-3,3,30801
9,1,30802
9,1,30803
9,1,30804
-1,1,30805
5,5,30810
6,4,30814
-1,1,30815
5,5,30820
8,2,30822
8,2,30824
8,2,30826
9,1,30827
8,2,30829
6,4,30833
9,1,30834
9,1,30835
9,1,30836
9,1,30837
9,1,30838
5,5,30843
3,7,30850
9,1,30851
9,1,30852
6,4,30856
9,1,30857
9,1,30858
9,1,30859
6,4,30863
8,2,30865
9,1,30866
5,5,30871
9,1,30872
9,1,30873
-1,1,30874
2,8,30882
9,1,30883
8,2,30885
-3,3,30888
9,1,30889
-8,18,30907
-5,5,30912
8,2,30914
6,4,30918
6,4,30922
2,8,30930
7,3,30933
-3,3,30936
8,2,30938
9,1,30939
8,2,30941
7,3,30944
9,1,30945
8,2,30947
9,1,30948
8,2,30950
6,4,30954
9,1,30955
7,3,30958
8,2,30960
4,6,30966
9,1,30967
9,1,30968
9,1,30969
9,1,30970
7,3,30973
7,3,30976
9,1,30977
9,1,30978
6,4,30982
8,2,30984
5,5,30989
-1,1,30990
9,1,30991
-7,17,31008
-3,3,31011
9,1,31012
3,7,31019
-2,2,31021
8,2,31023
7,3,31026
7,3,31029
8,2,31031
7,3,31034
8,2,31036
8,2,31038
8,2,31040
9,1,31041
8,2,31043
7,3,31046
8,2,31048
7,3,31051
8,2,31053
9,1,31054
9,1,31055
9,1,31056
8,2,31058
9,1,31059
8,2,31061
8,2,31063
-1,1,31064
-2,2,31066
7,3,31069
7,3,31072
9,1,31073
9,1,31074
-2,2,31076
5,5,31081
-20,20,31101
-1,1,31102
9,1,31103
8,2,31105
5,5,31110
8,2,31112
8,2,31114
8,2,31116
8,2,31118
-1,1,31119
-3,3,31122
9,1,31123
7,3,31126
-3,3,31129
9,1,31130
7,3,31133
8,2,31135
8,2,31137
5,5,31142
6,4,31146
7,3,31149
8,2,31151
8,2,31153
3,7,31160
7,3,31163
8,2,31165
7,3,31168
9,1,31169
9,1,31170
9,1,31171
3,7,31178
8,2,31180
8,2,31182
9,1,31183
8,2,31185
7,3,31188
-3,3,31191
5,5,31196
9,1,31197
9,1,31198
9,1,31199
7,3,31202
9,1,31203
8,2,31205
-1,1,31206
5,5,31211
9,1,31212
8,2,31214
9,1,31215
9,1,31216
9,1,31217
9,1,31218
9,1,31219
8,2,31221
7,3,31224
1,9,31233
9,1,31234
8,2,31236
8,2,31238
9,1,31239
9,1,31240
4,6,31246
9,1,31247
9,1,31248
9,1,31249
7,3,31252
6,4,31256
8,2,31258
-4,4,31262
6,4,31266
4,6,31272
9,1,31273
7,3,31276
8,2,31278
9,1,31279
6,4,31283
9,1,31284
9,1,31285
-1,1,31286
-1,1,31287
8,2,31289
9,1,31290
8,2,31292
7,3,31295
5,5,31300
-3,3,31303
2,8,31311
6,4,31315
-3,3,31318
-2,2,31320
7,3,31323
3,7,31330
9,1,31331
5,5,31336
9,1,31337
8,2,31339
8,2,31341
7,3,31344
7,3,31347
4,6,31353
9,1,31354
7,3,31357
9,1,31358
9,1,31359
9,1,31360
-2,2,31362
8,2,31364
9,1,31365
-1,1,31366
4,6,31372
8,2,31374
-20,20,31394
8,2,31396
1,9,31405
9,1,31406
9,1,31407
9,1,31408
8,2,31410
8,2,31412
-2,2,31414
9,1,31415
7,3,31418
4,6,31424
8,2,31426
7,3,31429
9,1,31430
4,6,31436
9,1,31437
6,4,31441
8,2,31443
9,1,31444
9,1,31445
6,4,31449
7,3,31452
9,1,31453
7,3,31456
9,1,31457
8,2,31459
-1,1,31460
2,8,31468
9,1,31469
9,1,31470
3,7,31477
6,4,31481
8,2,31483
9,1,31484
9,1,31485
8,2,31487
9,1,31488
-20,20,31508
3,7,31515
7,3,31518
-1,1,31519
9,1,31520
8,2,31522
9,1,31523
9,1,31524
9,1,31525
9,1,31526
-2,2,31528
9,1,31529
9,1,31530
9,1,31531
8,2,31533
9,1,31534
7,3,31537
7,3,31540
8,2,31542
9,1,31543
8,2,31545
7,3,31548
8,2,31550
8,2,31552
9,1,31553
7,3,31556
9,1,31557
8,2,31559
9,1,31560
8,2,31562
9,1,31563
8,2,31565
9,1,31566
4,6,31572
-1,1,31573
8,2,31575
-1,1,31576
-8,8,31584
8,2,31586
-2,2,31588
-1,11,31599
6,4,31603
9,1,31604
9,1,31605
4,6,31611
4,6,31617
4,6,31623
9,1,31624
-11,11,31635
-1,1,31636
-1,1,31637
9,1,31638
9,1,31639
8,2,31641
5,5,31646
1,9,31655
9,1,31656
8,2,31658
7,3,31661
7,3,31664
7,3,31667
7,3,31670
9,1,31671
9,1,31672
7,3,31675
4,6,31681
7,3,31684
4,6,31690
9,1,31691
7,3,31694
9,1,31695
7,3,31698
9,1,31699
7,3,31702
4,6,31708
7,3,31711
8,2,31713
8,2,31715
9,1,31716
9,1,31717
6,4,31721
6,4,31725
-8,18,31743
9,1,31744
0,10,31754
9,1,31755
8,2,31757
9,1,31758
9,1,31759
9,1,31760
6,4,31764
-2,2,31766
9,1,31767
9,1,31768
8,2,31770
9,1,31771
6,4,31775
7,3,31778
7,3,31781
9,1,31782
5,5,31787
8,2,31789
8,2,31791
8,2,31793
6,4,31797
9,1,31798
9,1,31799
6,4,31803
8,2,31805
9,1,31806
8,2,31808
7,3,31811
9,1,31812
5,5,31817
9,1,31818
6,4,31822
9,1,31823
8,2,31825
6,4,31829
-1,1,31830
8,2,31832
-2,2,31834
-1,1,31835
8,2,31837
8,2,31839
9,1,31840
-20,20,31860
-2,2,31862
9,1,31863
8,2,31865
9,1,31866
9,1,31867
8,2,31869
9,1,31870
5,5,31875
9,1,31876
9,1,31877
7,3,31880
8,2,31882
6,4,31886
5,5,31891
9,1,31892
6,4,31896
9,1,31897
-6,6,31903
8,2,31905
-3,3,31908
9,1,31909
9,1,31910
5,5,31915
9,1,31916
9,1,31917
9,1,31918
8,2,31920
8,2,31922
8,2,31924
8,2,31926
-2,2,31928
5,5,31933
6,4,31937
9,1,31938
8,2,31940
8,2,31942
-2,2,31944
9,1,31945
7,3,31948
5,5,31953
7,3,31956
3,7,31963
6,4,31967
-1,1,31968
4,6,31974
8,2,31976
7,3,31979
5,5,31984
5,5,31989
-1,1,31990
-20,20,32010
6,4,32014
5,5,32019
7,3,32022
8,2,32024
9,1,32025
9,1,32026
7,3,32029
5,5,32034
-1,1,32035
7,3,32038
8,2,32040
-1,11,32051
9,1,32052
-20,20,32072
7,3,32075
-1,1,32076
9,1,32077
0,10,32087
8,2,32089
8,2,32091
9,1,32092
9,1,32093
7,3,32096
8,2,32098
9,1,32099
-1,1,32100
6,4,32104
3,7,32111
9,1,32112
-1,1,32113
8,2,32115
9,1,32116
7,3,32119
9,1,32120
9,1,32121
9,1,32122
7,3,32125
6,4,32129
9,1,32130
9,1,32131
-19,19,32150
8,2,32152
-4,14,32166
9,1,32167
9,1,32168
7,3,32171
-1,1,32172
7,3,32175
9,1,32176
2,8,32184
9,1,32185
8,2,32187
7,3,32190
-2,2,32192
-3,3,32195
8,2,32197
9,1,32198
7,3,32201
7,3,32204
9,1,32205
9,1,32206
9,1,32207
-15,15,32222
9,1,32223
7,3,32226
9,1,32227
8,2,32229
7,3,32232
9,1,32233
6,4,32237
9,1,32238
7,3,32241
9,1,32242
9,1,32243
8,2,32245
8,2,32247
8,2,32249
-5,5,32254
9,1,32255
7,3,32258
8,2,32260
9,1,32261
6,4,32265
7,3,32268
7,3,32271
7,3,32274
8,2,32276
9,1,32277
6,4,32281
9,1,32282
8,2,32284
-1,1,32285
-1,1,32286
-2,2,32288
9,1,32289
6,4,32293
8,2,32295
8,2,32297
1,9,32306
-2,12,32318
9,1,32319
6,4,32323
9,1,32324
9,1,32325
4,6,32331
-2,2,32333
7,3,32336
-3,3,32339
9,1,32340
8,2,32342
8,2,32344
-1,1,32345
8,2,32347
6,4,32351
8,2,32353
9,1,32354
8,2,32356
-1,1,32357
9,1,32358
9,1,32359
-2,12,32371
7,3,32374
-4,4,32378
8,2,32380
9,1,32381
-4,14,32395
8,2,32397
8,2,32399
7,3,32402
-1,11,32413
9,1,32414
7,3,32417
7,3,32420
8,2,32422
-2,2,32424
8,2,32426
9,1,32427
7,3,32430
8,2,32432
9,1,32433
9,1,32434
8,2,32436
9,1,32437
9,1,32438
9,1,32439
5,5,32444
9,1,32445
8,2,32447
9,1,32448
8,2,32450
9,1,32451
8,2,32453
9,1,32454
9,1,32455
9,1,32456
8,2,32458
-2,12,32470
3,7,32477
9,1,32478
9,1,32479
9,1,32480
-1,1,32481
8,2,32483
9,1,32484
7,3,32487
8,2,32489
8,2,32491
9,1,32492
9,1,32493
8,2,32495
7,3,32498
6,4,32502
2,8,32510
9,1,32511
8,2,32513
9,1,32514
9,1,32515
9,1,32516
9,1,32517
8,2,32519
-1,1,32520
9,1,32521
6,4,32525
7,3,32528
8,2,32530
0,10,32540
9,1,32541
8,2,32543
9,1,32544
6,4,32548
9,1,32549
9,1,32550
8,2,32552
7,3,32555
9,1,32556
7,3,32559
8,2,32561
9,1,32562
8,2,32564
-1,1,32565
6,4,32569
9,1,32570
7,3,32573
-1,1,32574
-2,2,32576
9,1,32577
8,2,32579
9,1,32580
8,2,32582
4,6,32588
8,2,32590
9,1,32591
8,2,32593
9,1,32594
8,2,32596
9,1,32597
9,1,32598
6,4,32602
9,1,32603
9,1,32604
9,1,32605
8,2,32607
9,1,32608
5,5,32613
8,2,32615
7,3,32618
8,2,32620
9,1,32621
9,1,32622
9,1,32623
-6,6,32629
9,1,32630
1,9,32639
6,4,32643
-6,6,32649
-1,1,32650
8,2,32652
9,1,32653
-1,1,32654
9,1,32655
8,2,32657
7,3,32660
6,4,32664
9,1,32665
3,7,32672
2,8,32680
9,1,32681
9,1,32682
9,1,32683
8,2,32685
9,1,32686
8,2,32688
7,3,32691
8,2,32693
-2,2,32695
-1,1,32696
8,2,32698
7,3,32701
9,1,32702
-1,1,32703
8,2,32705
6,4,32709
8,2,32711
6,4,32715
8,2,32717
8,2,32719
9,1,32720
8,2,32722
5,5,32727
7,3,32730
9,1,32731
8,2,32733
7,3,32736
8,2,32738
9,1,32739
8,2,32741
9,1,32742
-9,9,32751
9,1,32752
6,4,32756
9,1,32757
8,2,32759
7,3,32762
8,2,32764
9,1,32765
-1,1,32766
9,1,32767
9,1,32768
9,1,32769
8,2,32771
6,4,32775
-1,1,32776
3,7,32783
9,1,32784
-8,8,32792
-1,1,32793
8,2,32795
8,2,32797
9,1,32798
8,2,32800
9,1,32801
9,1,32802
8,2,32804
7,3,32807
9,1,32808
3,7,32815
9,1,32816
9,1,32817
8,2,32819
8,2,32821
2,8,32829
-1,11,32840
6,4,32844
7,3,32847
-1,1,32848
7,3,32851
7,3,32854
9,1,32855
9,1,32856
8,2,32858
9,1,32859
9,1,32860
5,5,32865
4,6,32871
5,5,32876
9,1,32877
5,5,32882
-4,4,32886
-1,1,32887
9,1,32888
9,1,32889
6,4,32893
7,3,32896
7,3,32899
7,3,32902
9,1,32903
9,1,32904
9,1,32905
8,2,32907
9,1,32908
8,2,32910
9,1,32911
9,1,32912
6,4,32916
9,1,32917
8,2,32919
9,1,32920
9,1,32921
9,1,32922
8,2,32924
8,2,32926
8,2,32928
6,4,32932
8,2,32934
9,1,32935
-2,2,32937
8,2,32939
8,2,32941
7,3,32944
8,2,32946
8,2,32948
6,4,32952
8,2,32954
9,1,32955
9,1,32956
-6,6,32962
9,1,32963
8,2,32965
9,1,32966
-4,14,32980
7,3,32983
9,1,32984
9,1,32985
8,2,32987
5,5,32992
4,6,32998
9,1,32999
9,1,33000
8,2,33002
8,2,33004
9,1,33005
8,2,33007
9,1,33008
-7,17,33025
5,5,33030
7,3,33033
9,1,33034
-3,3,33037
8,2,33039
8,2,33041
7,3,33044
8,2,33046
9,1,33047
8,2,33049
9,1,33050
5,5,33055
-20,20,33075
9,1,33076
8,2,33078
7,3,33081
8,2,33083
9,1,33084
9,1,33085
9,1,33086
7,3,33089
3,7,33096
9,1,33097
9,1,33098
6,4,33102
4,6,33108
8,2,33110
9,1,33111
7,3,33114
5,5,33119
8,2,33121
8,2,33123
7,3,33126
9,1,33127
9,1,33128
9,1,33129
9,1,33130
9,1,33131
9,1,33132
9,1,33133
8,2,33135
9,1,33136
-20,20,33156
9,1,33157
-1,1,33158
9,1,33159
9,1,33160
9,1,33161
9,1,33162
8,2,33164
9,1,33165
-20,20,33185
7,3,33188
9,1,33189
9,1,33190
7,3,33193
9,1,33194
-20,20,33214
8,2,33216
9,1,33217
7,3,33220
6,4,33224
9,1,33225
1,9,33234
7,3,33237
8,2,33239
9,1,33240
8,2,33242
8,2,33244
3,7,33251
9,1,33252
8,2,33254
2,8,33262
7,3,33265
8,2,33267
-7,7,33274
8,2,33276
9,1,33277
8,2,33279
-2,2,33281
8,2,33283
-2,2,33285
4,6,33291
9,1,33292
-3,3,33295
9,1,33296
9,1,33297
8,2,33299
9,1,33300
9,1,33301
9,1,33302
-2,12,33314
9,1,33315
6,4,33319
9,1,33320
9,1,33321
8,2,33323
6,4,33327
9,1,33328
8,2,33330
9,1,33331
-3,3,33334
-3,3,33337
8,2,33339
8,2,33341
7,3,33344
9,1,33345
9,1,33346
9,1,33347
8,2,33349
4,6,33355
-1,1,33356
8,2,33358
9,1,33359
8,2,33361
7,3,33364
7,3,33367
9,1,33368
9,1,33369
9,1,33370
4,6,33376
9,1,33377
9,1,33378
9,1,33379
-1,1,33380
9,1,33381
8,2,33383
8,2,33385
9,1,33386
9,1,33387
8,2,33389
-3,13,33402
-1,1,33403
9,1,33404
8,2,33406
-1,1,33407
7,3,33410
9,1,33411
8,2,33413
8,2,33415
-1,1,33416
-1,1,33417
8,2,33419
7,3,33422
8,2,33424
-1,1,33425
-4,4,33429
9,1,33430
-2,12,33442
-1,1,33443
9,1,33444
-20,20,33464
8,2,33466
9,1,33467
8,2,33469
6,4,33473
3,7,33480
6,4,33484
9,1,33485
5,5,33490
4,6,33496
9,1,33497
4,6,33503
9,1,33504
8,2,33506
8,2,33508
8,2,33510
7,3,33513
-1,1,33514
9,1,33515
-6,16,33531
8,2,33533
7,3,33536
7,3,33539
7,3,33542
1,9,33551
-1,1,33552
7,3,33555
7,3,33558
9,1,33559
7,3,33562
-1,1,33563
8,2,33565
7,3,33568
-2,2,33570
-16,16,33586
8,2,33588
8,2,33590
8,2,33592
-1,1,33593
-1,1,33594
8,2,33596
9,1,33597
6,4,33601
8,2,33603
9,1,33604
1,9,33613
9,1,33614
9,1,33615
-2,2,33617
9,1,33618
7,3,33621
7,3,33624
-1,1,33625
8,2,33627
9,1,33628
9,1,33629
7,3,33632
6,4,33636
8,2,33638
5,5,33643
9,1,33644
8,2,33646
9,1,33647
8,2,33649
9,1,33650
9,1,33651
8,2,33653
8,2,33655
9,1,33656
7,3,33659
7,3,33662
7,3,33665
-7,17,33682
7,3,33685
9,1,33686
7,3,33689
8,2,33691
9,1,33692
9,1,33693
8,2,33695
9,1,33696
9,1,33697
8,2,33699
8,2,33701
9,1,33702
-1,1,33703
-4,14,33717
5,5,33722
9,1,33723
6,4,33727
-1,1,33728
8,2,33730
8,2,33732
-2,2,33734
8,2,33736
-3,3,33739
9,1,33740
6,4,33744
9,1,33745
8,2,33747
-1,1,33748
8,2,33750
8,2,33752
9,1,33753
8,2,33755
5,5,33760
9,1,33761
8,2,33763
4,6,33769
7,3,33772
7,3,33775
8,2,33777
3,7,33784
9,1,33785
9,1,33786
8,2,33788
9,1,33789
4,6,33795
9,1,33796
8,2,33798
7,3,33801
-8,8,33809
8,2,33811
8,2,33813
7,3,33816
8,2,33818
9,1,33819
9,1,33820
-8,18,33838
7,3,33841
8,2,33843
-3,3,33846
-1,1,33847
8,2,33849
9,1,33850
9,1,33851
-10,10,33861
7,3,33864
8,2,33866
9,1,33867
9,1,33868
8,2,33870
9,1,33871
-2,2,33873
9,1,33874
9,1,33875
5,5,33880
8,2,33882
6,4,33886
-1,1,33887
6,4,33891
8,2,33893
7,3,33896
8,2,33898
2,8,33906
8,2,33908
8,2,33910
8,2,33912
-6,6,33918
7,3,33921
7,3,33924
6,4,33928
8,2,33930
6,4,33934
8,2,33936
8,2,33938
6,4,33942
8,2,33944
-20,20,33964
8,2,33966
6,4,33970
7,3,33973
8,2,33975
7,3,33978
5,5,33983
9,1,33984
9,1,33985
-1,1,33986
7,3,33989
9,1,33990
4,6,33996
9,1,33997
8,2,33999
9,1,34000
-2,2,34002
9,1,34003
9,1,34004
8,2,34006
9,1,34007
6,4,34011
8,2,34013
-4,4,34017
9,1,34018
9,1,34019
9,1,34020
8,2,34022
8,2,34024
9,1,34025
9,1,34026
6,4,34030
7,3,34033
7,3,34036
-1,1,34037
7,3,34040
9,1,34041
8,2,34043
-20,20,34063
8,2,34065
-1,1,34066
8,2,34068
-1,1,34069
9,1,34070
9,1,34071
-20,20,34091
-6,16,34107
8,2,34109
7,3,34112
8,2,34114
9,1,34115
2,8,34123
8,2,34125
7,3,34128
9,1,34129
9,1,34130
6,4,34134
8,2,34136
5,5,34141
8,2,34143
-3,13,34156
9,1,34157
4,6,34163
8,2,34165
7,3,34168
8,2,34170
-6,16,34186
9,1,34187
9,1,34188
9,1,34189
9,1,34190
7,3,34193
-20,20,34213
8,2,34215
8,2,34217
6,4,34221
9,1,34222
8,2,34224
8,2,34226
-1,1,34227
9,1,34228
9,1,34229
5,5,34234
6,4,34238
0,10,34248
6,4,34252
5,5,34257
9,1,34258
-4,4,34262
9,1,34263
9,1,34264
8,2,34266
8,2,34268
2,8,34276
-2,2,34278
4,6,34284
8,2,34286
9,1,34287
8,2,34289
9,1,34290
8,2,34292
9,1,34293
6,4,34297
9,1,34298
-1,1,34299
7,3,34302
8,2,34304
8,2,34306
9,1,34307
9,1,34308
9,1,34309
8,2,34311
-1,1,34312
-1,1,34313
9,1,34314
4,6,34320
8,2,34322
7,3,34325
7,3,34328
2,8,34336
9,1,34337
8,2,34339
-1,11,34350
9,1,34351
-5,5,34356
6,4,34360
-5,5,34365
9,1,34366
8,2,34368
4,6,34374
8,2,34376
9,1,34377
8,2,34379
8,2,34381
9,1,34382
6,4,34386
7,3,34389
9,1,34390
6,4,34394
8,2,34396
6,4,34400
9,1,34401
-4,4,34405
9,1,34406
8,2,34408
8,2,34410
7,3,34413
8,2,34415
9,1,34416
7,3,34419
9,1,34420
9,1,34421
9,1,34422
8,2,34424
9,1,34425
9,1,34426
9,1,34427
8,2,34429
6,4,34433
9,1,34434
-4,4,34438
6,4,34442
8,2,34444
8,2,34446
9,1,34447
9,1,34448
6,4,34452
9,1,34453
9,1,34454
8,2,34456
9,1,34457
6,4,34461
6,4,34465
9,1,34466
9,1,34467
9,1,34468
8,2,34470
8,2,34472
9,1,34473
9,1,34474
9,1,34475
6,4,34479
7,3,34482
-3,3,34485
9,1,34486
-20,20,34506
8,2,34508
9,1,34509
-1,1,34510
7,3,34513
1,9,34522
-9,19,34541
7,3,34544
9,1,34545
8,2,34547
-1,1,34548
8,2,34550
9,1,34551
6,4,34555
8,2,34557
-5,15,34572
9,1,34573
8,2,34575
8,2,34577
9,1,34578
8,2,34580
6,4,34584
8,2,34586
8,2,34588
-1,1,34589
7,3,34592
9,1,34593
8,2,34595
4,6,34601
8,2,34603
9,1,34604
-1,1,34605
9,1,34606
-20,20,34626
8,2,34628
9,1,34629
5,5,34634
9,1,34635
-2,2,34637
9,1,34638
9,1,34639
8,2,34641
8,2,34643
-2,2,34645
9,1,34646
9,1,34647
7,3,34650
9,1,34651
9,1,34652
-2,2,34654
5,5,34659
8,2,34661
9,1,34662
6,4,34666
-8,18,34684
9,1,34685
-2,2,34687
8,2,34689
9,1,34690
9,1,34691
8,2,34693
-1,1,34694
9,1,34695
-20,20,34715
9,1,34716
9,1,34717
9,1,34718
9,1,34719
-1,1,34720
9,1,34721
9,1,34722
9,1,34723
-1,11,34734
6,4,34738
9,1,34739
9,1,34740
9,1,34741
8,2,34743
-20,20,34763
9,1,34764
8,2,34766
6,4,34770
-1,11,34781
8,2,34783
8,2,34785
9,1,34786
8,2,34788
-1,1,34789
8,2,34791
9,1,34792
9,1,34793
9,1,34794
-8,8,34802
-20,20,34822
6,4,34826
6,4,34830
-9,9,34839
8,2,34841
8,2,34843
9,1,34844
-2,2,34846
-4,4,34850
9,1,34851
9,1,34852
9,1,34853
8,2,34855
7,3,34858
8,2,34860
8,2,34862
2,8,34870
8,2,34872
6,4,34876
9,1,34877
8,2,34879
3,7,34886
9,1,34887
-2,2,34889
9,1,34890
8,2,34892
-2,2,34894
9,1,34895
9,1,34896
-2,2,34898
8,2,34900
9,1,34901
-7,17,34918
7,3,34921
8,2,34923
7,3,34926
7,3,34929
-1,1,34930
7,3,34933
9,1,34934
9,1,34935
8,2,34937
7,3,34940
-1,1,34941
9,1,34942
8,2,34944
1,9,34953
7,3,34956
9,1,34957
8,2,34959
9,1,34960
-2,2,34962
5,5,34967
2,8,34975
6,4,34979
9,1,34980
1,9,34989
9,1,34990
9,1,34991
9,1,34992
8,2,34994
5,5,34999
8,2,35001
8,2,35003
9,1,35004
-2,2,35006
-1,1,35007
9,1,35008
8,2,35010
7,3,35013
3,7,35020
-6,6,35026
1,9,35035
-1,1,35036
9,1,35037
9,1,35038
9,1,35039
8,2,35041
5,5,35046
9,1,35047
7,3,35050
9,1,35051
6,4,35055
7,3,35058
4,6,35064
8,2,35066
7,3,35069
8,2,35071
-9,9,35080
9,1,35081
9,1,35082
8,2,35084
-1,1,35085
9,1,35086
9,1,35087
8,2,35089
9,1,35090
9,1,35091
9,1,35092
5,5,35097
8,2,35099
6,4,35103
-13,13,35116
8,2,35118
5,5,35123
9,1,35124
9,1,35125
9,1,35126
2,8,35134
9,1,35135
9,1,35136
8,2,35138
-2,12,35150
-1,1,35151
6,4,35155
8,2,35157
8,2,35159
8,2,35161
7,3,35164
6,4,35168
9,1,35169
9,1,35170
9,1,35171
7,3,35174
9,1,35175
-20,20,35195
9,1,35196
9,1,35197
-1,1,35198
-1,1,35199
-20,20,35219
9,1,35220
8,2,35222
7,3,35225
9,1,35226
-2,2,35228
7,3,35231
9,1,35232
9,1,35233
8,2,35235
9,1,35236
7,3,35239
8,2,35241
8,2,35243
8,2,35245
9,1,35246
9,1,35247
-20,20,35267
9,1,35268
9,1,35269
8,2,35271
8,2,35273
9,1,35274
6,4,35278
9,1,35279
9,1,35280
7,3,35283
8,2,35285
9,1,35286
6,4,35290
4,6,35296
8,2,35298
9,1,35299
7,3,35302
9,1,35303
9,1,35304
8,2,35306
9,1,35307
8,2,35309
8,2,35311
-4,4,35315
8,2,35317
8,2,35319
8,2,35321
8,2,35323
9,1,35324
8,2,35326
5,5,35331
-8,8,35339
9,1,35340
6,4,35344
6,4,35348
8,2,35350
9,1,35351
8,2,35353
-20,20,35373
9,1,35374
9,1,35375
9,1,35376
8,2,35378
8,2,35380
9,1,35381
9,1,35382
9,1,35383
-3,3,35386
-3,3,35389
6,4,35393
8,2,35395
8,2,35397
8,2,35399
9,1,35400
8,2,35402
8,2,35404
7,3,35407
9,1,35408
4,6,35414
8,2,35416
6,4,35420
9,1,35421
9,1,35422
9,1,35423
-2,2,35425
4,6,35431
9,1,35432
9,1,35433
1,9,35442
8,2,35444
9,1,35445
8,2,35447
8,2,35449
9,1,35450
9,1,35451
7,3,35454
7,3,35457
6,4,35461
6,4,35465
9,1,35466
7,3,35469
9,1,35470
-1,1,35471
5,5,35476
-1,1,35477
6,4,35481
8,2,35483
9,1,35484
9,1,35485
9,1,35486
-4,4,35490
8,2,35492
9,1,35493
-2,2,35495
6,4,35499
8,2,35501
9,1,35502
8,2,35504
-5,15,35519
9,1,35520
8,2,35522
9,1,35523
8,2,35525
9,1,35526
9,1,35527
9,1,35528
8,2,35530
9,1,35531
8,2,35533
9,1,35534
9,1,35535
9,1,35536
9,1,35537
8,2,35539
9,1,35540
2,8,35548
8,2,35550
9,1,35551
6,4,35555
8,2,35557
9,1,35558
8,2,35560
8,2,35562
8,2,35564
7,3,35567
9,1,35568
7,3,35571
6,4,35575
9,1,35576
8,2,35578
8,2,35580
9,1,35581
9,1,35582
8,2,35584
9,1,35585
9,1,35586
8,2,35588
9,1,35589
9,1,35590
8,2,35592
7,3,35595
1,9,35604
7,3,35607
6,4,35611
9,1,35612
9,1,35613
8,2,35615
9,1,35616
8,2,35618
8,2,35620
9,1,35621
9,1,35622
8,2,35624
8,2,35626
9,1,35627
9,1,35628
-20,20,35648
7,3,35651
8,2,35653
9,1,35654
-3,3,35657
8,2,35659
9,1,35660
8,2,35662
9,1,35663
8,2,35665
-1,1,35666
8,2,35668
8,2,35670
7,3,35673
9,1,35674
9,1,35675
-8,8,35683
9,1,35684
9,1,35685
7,3,35688
8,2,35690
9,1,35691
5,5,35696
6,4,35700
3,7,35707
8,2,35709
9,1,35710
6,4,35714
9,1,35715
8,2,35717
-2,2,35719
1,9,35728
9,1,35729
9,1,35730
8,2,35732
9,1,35733
8,2,35735
8,2,35737
8,2,35739
8,2,35741
9,1,35742
9,1,35743
9,1,35744
2,8,35752
9,1,35753
7,3,35756
9,1,35757
8,2,35759
9,1,35760
-2,2,35762
-2,2,35764
8,2,35766
8,2,35768
5,5,35773
7,3,35776
9,1,35777
5,5,35782
9,1,35783
9,1,35784
9,1,35785
-6,6,35791
9,1,35792
-4,4,35796
9,1,35797
9,1,35798
9,1,35799
9,1,35800
9,1,35801
7,3,35804
7,3,35807
5,5,35812
-1,1,35813
5,5,35818
7,3,35821
8,2,35823
9,1,35824
9,1,35825
9,1,35826
9,1,35827
-2,2,35829
9,1,35830
7,3,35833
8,2,35835
8,2,35837
3,7,35844
8,2,35846
8,2,35848
9,1,35849
8,2,35851
9,1,35852
9,1,35853
7,3,35856
9,1,35857
9,1,35858
9,1,35859
9,1,35860
9,1,35861
8,2,35863
-1,1,35864
9,1,35865
9,1,35866
8,2,35868
5,5,35873
9,1,35874
8,2,35876
8,2,35878
7,3,35881
9,1,35882
-1,1,35883
-1,1,35884
8,2,35886
8,2,35888
7,3,35891
-5,5,35896
9,1,35897
9,1,35898
7,3,35901
9,1,35902
7,3,35905
9,1,35906
8,2,35908
9,1,35909
9,1,35910
9,1,35911
9,1,35912
7,3,35915
8,2,35917
9,1,35918
-20,20,35938
-1,1,35939
9,1,35940
7,3,35943
6,4,35947
-1,1,35948
8,2,35950
8,2,35952
-2,2,35954
7,3,35957
9,1,35958
8,2,35960
4,6,35966
9,1,35967
9,1,35968
8,2,35970
7,3,35973
7,3,35976
-6,16,35992
7,3,35995
-2,2,35997
8,2,35999
8,2,36001
6,4,36005
6,4,36009
9,1,36010
-20,20,36030
-1,1,36031
9,1,36032
9,1,36033
9,1,36034
8,2,36036
3,7,36043
6,4,36047
5,5,36052
9,1,36053
9,1,36054
3,7,36061
9,1,36062
9,1,36063
9,1,36064
9,1,36065
9,1,36066
9,1,36067
8,2,36069
-1,1,36070
9,1,36071
-1,1,36072
7,3,36075
7,3,36078
-1,1,36079
9,1,36080
9,1,36081
4,6,36087
9,1,36088
8,2,36090
5,5,36095
4,6,36101
8,2,36103
6,4,36107
5,5,36112
8,2,36114
-1,1,36115
9,1,36116
7,3,36119
8,2,36121
-2,12,36133
8,2,36135
8,2,36137
6,4,36141
1,9,36150
8,2,36152
6,4,36156
7,3,36159
9,1,36160
6,4,36164
8,2,36166
9,1,36167
9,1,36168
8,2,36170
7,3,36173
7,3,36176
9,1,36177
7,3,36180
9,1,36181
9,1,36182
8,2,36184
3,7,36191
8,2,36193
7,3,36196
-4,4,36200
-17,17,36217
-1,11,36228
9,1,36229
-1,1,36230
9,1,36231
7,3,36234
9,1,36235
8,2,36237
9,1,36238
9,1,36239
-2,2,36241
-1,1,36242
-1,1,36243
9,1,36244
9,1,36245
9,1,36246
-1,1,36247
6,4,36251
8,2,36253
9,1,36254
6,4,36258
8,2,36260
4,6,36266
5,5,36271
7,3,36274
8,2,36276
-2,12,36288
9,1,36289
7,3,36292
7,3,36295
-20,20,36315
8,2,36317
-20,20,36337
9,1,36338
9,1,36339
7,3,36342
9,1,36343
8,2,36345
9,1,36346
9,1,36347
8,2,36349
9,1,36350
8,2,36352
9,1,36353
7,3,36356
8,2,36358
8,2,36360
7,3,36363
6,4,36367
9,1,36368
7,3,36371
6,4,36375
9,1,36376
-4,14,36390
8,2,36392
9,1,36393
6,4,36397
9,1,36398
7,3,36401
-1,1,36402
8,2,36404
9,1,36405
7,3,36408
9,1,36409
-2,2,36411
-1,1,36412
8,2,36414
8,2,36416
9,1,36417
9,1,36418
5,5,36423
7,3,36426
8,2,36428
8,2,36430
5,5,36435
4,6,36441
-2,2,36443
8,2,36445
9,1,36446
7,3,36449
-2,2,36451
9,1,36452
-4,4,36456
9,1,36457
9,1,36458
9,1,36459
8,2,36461
6,4,36465
9,1,36466
8,2,36468
8,2,36470
9,1,36471
9,1,36472
8,2,36474
5,5,36479
-1,1,36480
7,3,36483
9,1,36484
7,3,36487
7,3,36490
4,6,36496
8,2,36498
-2,2,36500
9,1,36501
8,2,36503
7,3,36506
9,1,36507
0,10,36517
8,2,36519
-1,1,36520
-2,2,36522
9,1,36523
9,1,36524
9,1,36525
7,3,36528
6,4,36532
-1,1,36533
7,3,36536
9,1,36537
5,5,36542
9,1,36543
8,2,36545
7,3,36548
9,1,36549
9,1,36550
6,4,36554
3,7,36561
7,3,36564
8,2,36566
8,2,36568
6,4,36572
8,2,36574
-4,4,36578
8,2,36580
9,1,36581
7,3,36584
9,1,36585
8,2,36587
-3,3,36590
-3,3,36593
9,1,36594
9,1,36595
6,4,36599
9,1,36600
-2,2,36602
9,1,36603
-3,3,36606
9,1,36607
-2,2,36609
8,2,36611
7,3,36614
8,2,36616
9,1,36617
7,3,36620
9,1,36621
7,3,36624
8,2,36626
-1,1,36627
6,4,36631
9,1,36632
4,6,36638
7,3,36641
8,2,36643
-2,2,36645
8,2,36647
4,6,36653
8,2,36655
9,1,36656
9,1,36657
9,1,36658
9,1,36659
7,3,36662
7,3,36665
8,2,36667
9,1,36668
7,3,36671
9,1,36672
7,3,36675
6,4,36679
7,3,36682
-2,2,36684
-2,2,36686
6,4,36690
9,1,36691
9,1,36692
8,2,36694
9,1,36695
9,1,36696
6,4,36700
7,3,36703
9,1,36704
-2,2,36706
5,5,36711
9,1,36712
9,1,36713
-5,5,36718
9,1,36719
9,1,36720
-1,11,36731
2,8,36739
9,1,36740
9,1,36741
8,2,36743
-1,1,36744
-1,1,36745
7,3,36748
-1,1,36749
-2,2,36751
8,2,36753
7,3,36756
7,3,36759
8,2,36761
9,1,36762
9,1,36763
-4,4,36767
8,2,36769
3,7,36776
8,2,36778
9,1,36779
9,1,36780
9,1,36781
9,1,36782
7,3,36785
9,1,36786
7,3,36789
-6,6,36795
8,2,36797
5,5,36802
8,2,36804
9,1,36805
3,7,36812
9,1,36813
9,1,36814
-7,17,36831
9,1,36832
6,4,36836
9,1,36837
9,1,36838
8,2,36840
8,2,36842
8,2,36844
1,9,36853
9,1,36854
6,4,36858
-2,2,36860
-2,2,36862
7,3,36865
9,1,36866
9,1,36867
-2,2,36869
-5,5,36874
9,1,36875
2,8,36883
8,2,36885
7,3,36888
8,2,36890
4,6,36896
8,2,36898
7,3,36901
7,3,36904
9,1,36905
-1,1,36906
3,7,36913
7,3,36916
6,4,36920
9,1,36921
-6,16,36937
9,1,36938
9,1,36939
9,1,36940
8,2,36942
9,1,36943
8,2,36945
7,3,36948
8,2,36950
6,4,36954
8,2,36956
9,1,36957
9,1,36958
8,2,36960
1,9,36969
4,6,36975
-2,2,36977
8,2,36979
8,2,36981
7,3,36984
9,1,36985
7,3,36988
9,1,36989
-1,1,36990
9,1,36991
5,5,36996
-1,1,36997
6,4,37001
6,4,37005
9,1,37006
9,1,37007
9,1,37008
9,1,37009
9,1,37010
9,1,37011
8,2,37013
-1,11,37024
7,3,37027
-1,1,37028
9,1,37029
9,1,37030
9,1,37031
5,5,37036
8,2,37038
9,1,37039
9,1,37040
8,2,37042
9,1,37043
-5,15,37058
5,5,37063
-9,9,37072
4,6,37078
9,1,37079
4,6,37085
7,3,37088
-4,4,37092
-10,20,37112
2,8,37120
9,1,37121
7,3,37124
8,2,37126
6,4,37130
-2,2,37132
9,1,37133
8,2,37135
6,4,37139
-3,3,37142
8,2,37144
6,4,37148
9,1,37149
8,2,37151
9,1,37152
6,4,37156
-1,1,37157
8,2,37159
9,1,37160
8,2,37162
7,3,37165
8,2,37167
-1,1,37168
6,4,37172
7,3,37175
5,5,37180
9,1,37181
8,2,37183
9,1,37184
8,2,37186
9,1,37187
9,1,37188
8,2,37190
9,1,37191
9,1,37192
6,4,37196
9,1,37197
6,4,37201
9,1,37202
9,1,37203
8,2,37205
-7,17,37222
8,2,37224
9,1,37225
9,1,37226
7,3,37229
9,1,37230
9,1,37231
6,4,37235
5,5,37240
5,5,37245
8,2,37247
4,6,37253
2,8,37261
9,1,37262
8,2,37264
8,2,37266
7,3,37269
9,1,37270
8,2,37272
9,1,37273
9,1,37274
9,1,37275
8,2,37277
9,1,37278
0,10,37288
7,3,37291
9,1,37292
9,1,37293
9,1,37294
6,4,37298
9,1,37299
-1,1,37300
9,1,37301
7,3,37304
9,1,37305
4,6,37311
9,1,37312
8,2,37314
9,1,37315
8,2,37317
9,1,37318
7,3,37321
8,2,37323
9,1,37324
-1,1,37325
8,2,37327
9,1,37328
9,1,37329
9,1,37330
9,1,37331
8,2,37333
9,1,37334
7,3,37337
-1,1,37338
9,1,37339
9,1,37340
9,1,37341
3,7,37348
9,1,37349
-6,16,37365
-1,1,37366
8,2,37368
9,1,37369
9,1,37370
9,1,37371
8,2,37373
9,1,37374
9,1,37375
8,2,37377
8,2,37379
9,1,37380
9,1,37381
1,9,37390
8,2,37392
8,2,37394
5,5,37399
7,3,37402
9,1,37403
7,3,37406
9,1,37407
-1,1,37408
-20,20,37428
4,6,37434
9,1,37435
9,1,37436
9,1,37437
9,1,37438
8,2,37440
9,1,37441
3,7,37448
9,1,37449
7,3,37452
7,3,37455
