episode_return,episode_length,total_steps
0,0,0
-20,20,20
8,2,22
-20,20,42
-20,20,62
7,3,65
-20,20,85
-5,15,100
2,8,108
-20,20,128
-2,2,130
-1,11,141
-20,20,161
8,2,163
2,8,171
7,3,174
-10,10,184
-20,20,204
8,2,206
8,2,208
-7,17,225
-20,20,245
-20,20,265
-20,20,285
-4,14,299
-5,5,304
3,7,311
-20,20,331
-20,20,351
8,2,353
-20,20,373
-20,20,393
8,2,395
8,2,397
8,2,399
-20,20,419
3,7,426
-8,18,444
-20,20,464
2,8,472
-20,20,492
-20,20,512
6,4,516
-20,20,536
-6,6,542
8,2,544
8,2,546
-1,11,557
-20,20,577
-20,20,597
-20,20,617
9,1,618
1,9,627
-1,1,628
-1,1,629
6,4,633
9,1,634
-20,20,654
7,3,657
-20,20,677
8,2,679
7,3,682
-1,11,693
9,1,694
9,1,695
-4,4,699
7,3,702
8,2,704
-6,16,720
9,1,721
9,1,722
-10,20,742
6,4,746
2,8,754
3,7,761
3,7,768
-5,5,773
9,1,774
-8,8,782
-20,20,802
1,9,811
-10,10,821
-3,3,824
6,4,828
6,4,832
9,1,833
8,2,835
7,3,838
4,6,844
6,4,848
0,10,858
4,6,864
0,10,874
-5,15,889
7,3,892
3,7,899
3,7,906
-7,7,913
-1,1,914
8,2,916
7,3,919
2,8,927
9,1,928
8,2,930
8,2,932
9,1,933
4,6,939
8,2,941
-2,12,953
8,2,955
8,2,957
4,6,963
-3,3,966
9,1,967
5,5,972
5,5,977
8,2,979
1,9,988
9,1,989
-12,12,1001
3,7,1008
6,4,1012
5,5,1017
4,6,1023
7,3,1026
0,10,1036
8,2,1038
9,1,1039
-4,4,1043
-20,20,1063
9,1,1064
6,4,1068
4,6,1074
0,10,1084
-1,1,1085
-11,11,1096
3,7,1103
4,6,1109
-4,4,1113
-4,14,1127
-20,20,1147
5,5,1152
7,3,1155
-11,11,1166
9,1,1167
2,8,1175
7,3,1178
-10,10,1188
8,2,1190
2,8,1198
5,5,1203
-20,20,1223
5,5,1228
5,5,1233
-6,16,1249
8,2,1251
6,4,1255
8,2,1257
2,8,1265
-9,19,1284
4,6,1290
2,8,1298
-20,20,1318
8,2,1320
5,5,1325
2,8,1333
-7,17,1350
-7,7,1357
-1,11,1368
7,3,1371
8,2,1373
8,2,1375
-1,11,1386
-6,6,1392
9,1,1393
-9,9,1402
-5,5,1407
-1,11,1418
8,2,1420
9,1,1421
-4,14,1435
-6,6,1441
-6,16,1457
6,4,1461
-20,20,1481
-3,13,1494
1,9,1503
9,1,1504
6,4,1508
9,1,1509
-15,15,1524
8,2,1526
9,1,1527
-1,11,1538
-1,11,1549
8,2,1551
-2,2,1553
6,4,1557
7,3,1560
-20,20,1580
7,3,1583
-4,14,1597
0,10,1607
9,1,1608
9,1,1609
2,8,1617
9,1,1618
-10,20,1638
9,1,1639
0,10,1649
-20,20,1669
8,2,1671
8,2,1673
6,4,1677
-20,20,1697
9,1,1698
8,2,1700
3,7,1707
7,3,1710
3,7,1717
0,10,1727
-3,3,1730
8,2,1732
9,1,1733
6,4,1737
-6,16,1753
-20,20,1773
-6,6,1779
8,2,1781
-1,1,1782
9,1,1783
-3,13,1796
6,4,1800
0,10,1810
6,4,1814
8,2,1816
8,2,1818
7,3,1821
7,3,1824
5,5,1829
3,7,1836
-4,14,1850
6,4,1854
-11,11,1865
9,1,1866
0,10,1876
8,2,1878
7,3,1881
2,8,1889
9,1,1890
1,9,1899
6,4,1903
-20,20,1923
-2,12,1935
9,1,1936
2,8,1944
6,4,1948
7,3,1951
3,7,1958
5,5,1963
-20,20,1983
-9,9,1992
4,6,1998
6,4,2002
9,1,2003
5,5,2008
4,6,2014
-8,8,2022
-6,6,2028
-20,20,2048
9,1,2049
7,3,2052
-5,15,2067
5,5,2072
-5,5,2077
-4,14,2091
8,2,2093
6,4,2097
3,7,2104
-7,17,2121
4,6,2127
-2,12,2139
9,1,2140
2,8,2148
0,10,2158
-10,20,2178
7,3,2181
-5,15,2196
6,4,2200
-7,17,2217
6,4,2221
1,9,2230
7,3,2233
4,6,2239
-20,20,2259
9,1,2260
-2,2,2262
7,3,2265
6,4,2269
8,2,2271
-20,20,2291
-20,20,2311
7,3,2314
-1,1,2315
-7,17,2332
8,2,2334
2,8,2342
8,2,2344
8,2,2346
5,5,2351
7,3,2354
-6,16,2370
4,6,2376
-7,17,2393
3,7,2400
-20,20,2420
-20,20,2440
5,5,2445
7,3,2448
-7,7,2455
-4,4,2459
9,1,2460
3,7,2467
2,8,2475
5,5,2480
1,9,2489
-3,13,2502
5,5,2507
3,7,2514
6,4,2518
-20,20,2538
-15,15,2553
5,5,2558
-5,15,2573
4,6,2579
-20,20,2599
1,9,2608
9,1,2609
-3,3,2612
5,5,2617
-16,16,2633
5,5,2638
5,5,2643
6,4,2647
7,3,2650
8,2,2652
5,5,2657
-20,20,2677
5,5,2682
6,4,2686
9,1,2687
-2,12,2699
8,2,2701
9,1,2702
8,2,2704
5,5,2709
9,1,2710
9,1,2711
-4,4,2715
2,8,2723
5,5,2728
5,5,2733
-20,20,2753
9,1,2754
-5,15,2769
-20,20,2789
5,5,2794
9,1,2795
3,7,2802
-20,20,2822
7,3,2825
6,4,2829
8,2,2831
8,2,2833
8,2,2835
9,1,2836
6,4,2840
5,5,2845
-7,17,2862
-3,3,2865
2,8,2873
6,4,2877
9,1,2878
-4,14,2892
-7,7,2899
9,1,2900
-20,20,2920
8,2,2922
9,1,2923
-20,20,2943
-10,10,2953
8,2,2955
2,8,2963
-1,11,2974
8,2,2976
1,9,2985
-20,20,3005
9,1,3006
3,7,3013
7,3,3016
5,5,3021
3,7,3028
-11,11,3039
9,1,3040
-20,20,3060
8,2,3062
-3,3,3065
-3,3,3068
9,1,3069
5,5,3074
1,9,3083
8,2,3085
1,9,3094
6,4,3098
-20,20,3118
2,8,3126
-6,6,3132
4,6,3138
5,5,3143
-2,2,3145
8,2,3147
-1,11,3158
-9,19,3177
1,9,3186
-2,12,3198
7,3,3201
7,3,3204
3,7,3211
7,3,3214
8,2,3216
3,7,3223
9,1,3224
3,7,3231
7,3,3234
2,8,3242
8,2,3244
6,4,3248
2,8,3256
-9,19,3275
9,1,3276
-5,5,3281
-20,20,3301
-20,20,3321
9,1,3322
3,7,3329
-2,12,3341
-9,9,3350
6,4,3354
-7,17,3371
-3,13,3384
7,3,3387
8,2,3389
4,6,3395
7,3,3398
4,6,3404
6,4,3408
7,3,3411
8,2,3413
9,1,3414
9,1,3415
8,2,3417
-20,20,3437
-3,13,3450
-15,15,3465
7,3,3468
-20,20,3488
7,3,3491
-1,1,3492
-20,20,3512
9,1,3513
0,10,3523
9,1,3524
-2,12,3536
-20,20,3556
6,4,3560
1,9,3569
-8,18,3587
9,1,3588
9,1,3589
9,1,3590
7,3,3593
9,1,3594
-2,12,3606
7,3,3609
8,2,3611
6,4,3615
7,3,3618
9,1,3619
-10,20,3639
-1,11,3650
1,9,3659
-2,2,3661
5,5,3666
8,2,3668
4,6,3674
-4,4,3678
-1,11,3689
-3,13,3702
2,8,3710
-15,15,3725
-4,14,3739
-20,20,3759
-7,17,3776
-6,16,3792
7,3,3795
-6,16,3811
-5,5,3816
-20,20,3836
9,1,3837
-13,13,3850
-3,3,3853
2,8,3861
1,9,3870
3,7,3877
-20,20,3897
9,1,3898
9,1,3899
6,4,3903
-1,1,3904
-7,17,3921
-20,20,3941
0,10,3951
0,10,3961
8,2,3963
9,1,3964
-9,19,3983
-14,14,3997
6,4,4001
5,5,4006
4,6,4012
-1,1,4013
9,1,4014
-6,6,4020
-20,20,4040
-20,20,4060
-20,20,4080
8,2,4082
7,3,4085
-20,20,4105
7,3,4108
-20,20,4128
8,2,4130
8,2,4132
7,3,4135
6,4,4139
6,4,4143
-1,11,4154
-20,20,4174
4,6,4180
1,9,4189
-2,12,4201
8,2,4203
-20,20,4223
-2,12,4235
-6,16,4251
2,8,4259
-20,20,4279
-20,20,4299
-1,11,4310
4,6,4316
-5,15,4331
8,2,4333
3,7,4340
7,3,4343
5,5,4348
2,8,4356
3,7,4363
-20,20,4383
-4,4,4387
-9,19,4406
7,3,4409
5,5,4414
9,1,4415
6,4,4419
9,1,4420
7,3,4423
9,1,4424
6,4,4428
6,4,4432
-4,4,4436
7,3,4439
3,7,4446
9,1,4447
-20,20,4467
3,7,4474
-20,20,4494
9,1,4495
-1,11,4506
-2,12,4518
8,2,4520
-20,20,4540
7,3,4543
1,9,4552
5,5,4557
8,2,4559
8,2,4561
3,7,4568
3,7,4575
-20,20,4595
8,2,4597
-1,11,4608
7,3,4611
-20,20,4631
-20,20,4651
6,4,4655
5,5,4660
7,3,4663
9,1,4664
9,1,4665
3,7,4672
9,1,4673
8,2,4675
-2,2,4677
4,6,4683
8,2,4685
-5,15,4700
-20,20,4720
6,4,4724
9,1,4725
6,4,4729
8,2,4731
-13,13,4744
4,6,4750
8,2,4752
5,5,4757
7,3,4760
-1,1,4761
-5,15,4776
-7,7,4783
8,2,4785
9,1,4786
7,3,4789
9,1,4790
-20,20,4810
2,8,4818
5,5,4823
4,6,4829
7,3,4832
0,10,4842
8,2,4844
-20,20,4864
0,10,4874
-6,16,4890
5,5,4895
7,3,4898
7,3,4901
9,1,4902
2,8,4910
8,2,4912
7,3,4915
7,3,4918
5,5,4923
5,5,4928
-10,10,4938
4,6,4944
8,2,4946
8,2,4948
9,1,4949
7,3,4952
-20,20,4972
7,3,4975
0,10,4985
7,3,4988
7,3,4991
9,1,4992
3,7,4999
7,3,5002
7,3,5005
5,5,5010
9,1,5011
-20,20,5031
9,1,5032
-5,5,5037
-9,19,5056
-20,20,5076
-1,11,5087
-2,2,5089
-3,13,5102
8,2,5104
-4,4,5108
9,1,5109
6,4,5113
4,6,5119
9,1,5120
9,1,5121
9,1,5122
6,4,5126
8,2,5128
-20,20,5148
8,2,5150
-3,13,5163
7,3,5166
-3,3,5169
8,2,5171
-20,20,5191
8,2,5193
7,3,5196
8,2,5198
9,1,5199
8,2,5201
8,2,5203
9,1,5204
-16,16,5220
2,8,5228
9,1,5229
9,1,5230
4,6,5236
7,3,5239
-5,15,5254
-1,1,5255
6,4,5259
-1,11,5270
7,3,5273
9,1,5274
9,1,5275
7,3,5278
5,5,5283
7,3,5286
9,1,5287
-20,20,5307
9,1,5308
-8,18,5326
-20,20,5346
9,1,5347
-2,12,5359
9,1,5360
-11,11,5371
9,1,5372
-2,12,5384
9,1,5385
-10,20,5405
-5,5,5410
9,1,5411
0,10,5421
2,8,5429
-20,20,5449
9,1,5450
8,2,5452
4,6,5458
8,2,5460
7,3,5463
8,2,5465
7,3,5468
-3,13,5481
7,3,5484
-10,20,5504
1,9,5513
-20,20,5533
-20,20,5553
6,4,5557
9,1,5558
6,4,5562
8,2,5564
6,4,5568
6,4,5572
3,7,5579
-8,18,5597
8,2,5599
8,2,5601
3,7,5608
-20,20,5628
9,1,5629
9,1,5630
8,2,5632
-20,20,5652
9,1,5653
8,2,5655
-7,17,5672
0,10,5682
3,7,5689
2,8,5697
0,10,5707
8,2,5709
-2,12,5721
5,5,5726
9,1,5727
-4,14,5741
3,7,5748
-20,20,5768
6,4,5772
8,2,5774
-3,13,5787
-9,19,5806
9,1,5807
9,1,5808
6,4,5812
4,6,5818
-3,13,5831
7,3,5834
-2,2,5836
9,1,5837
6,4,5841
-5,15,5856
7,3,5859
9,1,5860
8,2,5862
7,3,5865
-4,14,5879
3,7,5886
-10,20,5906
-3,3,5909
4,6,5915
3,7,5922
2,8,5930
2,8,5938
8,2,5940
8,2,5942
5,5,5947
2,8,5955
8,2,5957
4,6,5963
-7,17,5980
-8,18,5998
4,6,6004
8,2,6006
5,5,6011
-20,20,6031
-20,20,6051
7,3,6054
-1,1,6055
9,1,6056
9,1,6057
9,1,6058
-10,10,6068
-7,17,6085
9,1,6086
-1,11,6097
8,2,6099
9,1,6100
7,3,6103
7,3,6106
8,2,6108
8,2,6110
6,4,6114
8,2,6116
-2,12,6128
-5,5,6133
-3,3,6136
8,2,6138
3,7,6145
0,10,6155
8,2,6157
3,7,6164
-10,10,6174
9,1,6175
9,1,6176
-4,4,6180
-10,20,6200
1,9,6209
3,7,6216
9,1,6217
9,1,6218
7,3,6221
-5,15,6236
-9,19,6255
-1,11,6266
-1,11,6277
9,1,6278
9,1,6279
9,1,6280
-10,20,6300
7,3,6303
8,2,6305
9,1,6306
1,9,6315
8,2,6317
-4,4,6321
-6,16,6337
7,3,6340
6,4,6344
8,2,6346
8,2,6348
-2,12,6360
6,4,6364
-3,13,6377
5,5,6382
9,1,6383
-3,13,6396
8,2,6398
9,1,6399
-1,1,6400
3,7,6407
9,1,6408
9,1,6409
9,1,6410
2,8,6418
9,1,6419
1,9,6428
2,8,6436
3,7,6443
9,1,6444
9,1,6445
8,2,6447
5,5,6452
8,2,6454
7,3,6457
8,2,6459
-8,18,6477
7,3,6480
9,1,6481
9,1,6482
1,9,6491
-20,20,6511
-4,4,6515
9,1,6516
-1,11,6527
8,2,6529
8,2,6531
9,1,6532
8,2,6534
9,1,6535
0,10,6545
6,4,6549
2,8,6557
8,2,6559
9,1,6560
9,1,6561
9,1,6562
9,1,6563
5,5,6568
-10,20,6588
9,1,6589
3,7,6596
8,2,6598
4,6,6604
-3,3,6607
6,4,6611
5,5,6616
-16,16,6632
-3,3,6635
7,3,6638
-2,2,6640
-2,2,6642
7,3,6645
8,2,6647
-1,1,6648
8,2,6650
8,2,6652
1,9,6661
4,6,6667
3,7,6674
8,2,6676
-10,10,6686
-7,17,6703
-5,5,6708
7,3,6711
0,10,6721
9,1,6722
9,1,6723
-1,1,6724
6,4,6728
-1,11,6739
-4,4,6743
4,6,6749
6,4,6753
8,2,6755
3,7,6762
8,2,6764
6,4,6768
-5,15,6783
9,1,6784
9,1,6785
9,1,6786
-3,3,6789
-20,20,6809
9,1,6810
8,2,6812
-20,20,6832
-20,20,6852
9,1,6853
8,2,6855
9,1,6856
7,3,6859
7,3,6862
9,1,6863
-20,20,6883
-3,3,6886
-18,18,6904
5,5,6909
8,2,6911
8,2,6913
6,4,6917
5,5,6922
-1,1,6923
5,5,6928
8,2,6930
0,10,6940
-7,7,6947
9,1,6948
9,1,6949
9,1,6950
8,2,6952
-20,20,6972
-2,2,6974
-1,1,6975
9,1,6976
-20,20,6996
5,5,7001
9,1,7002
8,2,7004
-20,20,7024
7,3,7027
7,3,7030
8,2,7032
9,1,7033
5,5,7038
7,3,7041
6,4,7045
6,4,7049
8,2,7051
9,1,7052
5,5,7057
8,2,7059
9,1,7060
-20,20,7080
-20,20,7100
-20,20,7120
-20,20,7140
-20,20,7160
7,3,7163
-20,20,7183
-14,14,7197
9,1,7198
9,1,7199
7,3,7202
8,2,7204
9,1,7205
-1,1,7206
9,1,7207
-2,2,7209
-1,1,7210
8,2,7212
-20,20,7232
1,9,7241
9,1,7242
6,4,7246
9,1,7247
9,1,7248
8,2,7250
-18,18,7268
-1,1,7269
-20,20,7289
9,1,7290
9,1,7291
8,2,7293
9,1,7294
8,2,7296
8,2,7298
0,10,7308
-2,2,7310
9,1,7311
8,2,7313
7,3,7316
8,2,7318
1,9,7327
8,2,7329
-1,1,7330
5,5,7335
-20,20,7355
-20,20,7375
-6,6,7381
9,1,7382
2,8,7390
7,3,7393
9,1,7394
7,3,7397
3,7,7404
8,2,7406
8,2,7408
9,1,7409
5,5,7414
9,1,7415
-1,1,7416
7,3,7419
8,2,7421
9,1,7422
1,9,7431
9,1,7432
9,1,7433
6,4,7437
-2,2,7439
-20,20,7459
9,1,7460
7,3,7463
9,1,7464
9,1,7465
8,2,7467
7,3,7470
8,2,7472
7,3,7475
9,1,7476
-7,17,7493
7,3,7496
-3,3,7499
-20,20,7519
9,1,7520
-10,10,7530
8,2,7532
9,1,7533
-20,20,7553
9,1,7554
9,1,7555
7,3,7558
-1,1,7559
7,3,7562
9,1,7563
3,7,7570
8,2,7572
8,2,7574
8,2,7576
9,1,7577
8,2,7579
-20,20,7599
7,3,7602
-20,20,7622
-20,20,7642
8,2,7644
9,1,7645
9,1,7646
8,2,7648
-20,20,7668
9,1,7669
-20,20,7689
-2,2,7691
-4,14,7705
-1,1,7706
8,2,7708
8,2,7710
8,2,7712
9,1,7713
6,4,7717
7,3,7720
9,1,7721
-20,20,7741
-20,20,7761
9,1,7762
9,1,7763
8,2,7765
-3,13,7778
-2,2,7780
9,1,7781
3,7,7788
-20,20,7808
8,2,7810
6,4,7814
8,2,7816
1,9,7825
8,2,7827
8,2,7829
7,3,7832
8,2,7834
8,2,7836
-20,20,7856
8,2,7858
9,1,7859
-3,13,7872
-20,20,7892
-1,1,7893
6,4,7897
7,3,7900
5,5,7905
9,1,7906
-6,6,7912
-2,2,7914
8,2,7916
4,6,7922
-1,1,7923
6,4,7927
3,7,7934
-4,4,7938
8,2,7940
8,2,7942
9,1,7943
-1,11,7954
9,1,7955
9,1,7956
7,3,7959
6,4,7963
-3,13,7976
9,1,7977
9,1,7978
9,1,7979
-7,7,7986
7,3,7989
-1,1,7990
9,1,7991
9,1,7992
6,4,7996
-9,19,8015
-1,1,8016
7,3,8019
5,5,8024
8,2,8026
-20,20,8046
9,1,8047
7,3,8050
9,1,8051
9,1,8052
6,4,8056
9,1,8057
-1,1,8058
6,4,8062
5,5,8067
3,7,8074
9,1,8075
0,10,8085
9,1,8086
5,5,8091
0,10,8101
9,1,8102
-3,3,8105
9,1,8106
9,1,8107
6,4,8111
8,2,8113
9,1,8114
9,1,8115
7,3,8118
8,2,8120
-20,20,8140
-6,6,8146
7,3,8149
9,1,8150
-1,1,8151
9,1,8152
-2,2,8154
-20,20,8174
7,3,8177
9,1,8178
8,2,8180
5,5,8185
0,10,8195
9,1,8196
-13,13,8209
-1,1,8210
8,2,8212
8,2,8214
8,2,8216
8,2,8218
2,8,8226
3,7,8233
8,2,8235
4,6,8241
3,7,8248
9,1,8249
8,2,8251
1,9,8260
-4,4,8264
9,1,8265
9,1,8266
6,4,8270
8,2,8272
9,1,8273
9,1,8274
8,2,8276
8,2,8278
6,4,8282
7,3,8285
9,1,8286
8,2,8288
7,3,8291
9,1,8292
6,4,8296
7,3,8299
9,1,8300
8,2,8302
9,1,8303
2,8,8311
9,1,8312
-20,20,8332
-1,1,8333
-1,1,8334
3,7,8341
-1,1,8342
9,1,8343
8,2,8345
9,1,8346
9,1,8347
9,1,8348
6,4,8352
8,2,8354
7,3,8357
-5,15,8372
0,10,8382
7,3,8385
8,2,8387
7,3,8390
9,1,8391
9,1,8392
8,2,8394
8,2,8396
8,2,8398
9,1,8399
-11,11,8410
9,1,8411
8,2,8413
6,4,8417
-1,1,8418
-1,1,8419
8,2,8421
9,1,8422
-1,1,8423
9,1,8424
8,2,8426
9,1,8427
8,2,8429
3,7,8436
9,1,8437
6,4,8441
2,8,8449
8,2,8451
7,3,8454
9,1,8455
8,2,8457
9,1,8458
9,1,8459
8,2,8461
7,3,8464
8,2,8466
8,2,8468
9,1,8469
9,1,8470
9,1,8471
-1,1,8472
5,5,8477
9,1,8478
9,1,8479
8,2,8481
9,1,8482
9,1,8483
-2,2,8485
9,1,8486
5,5,8491
-2,2,8493
9,1,8494
6,4,8498
-1,11,8509
8,2,8511
9,1,8512
9,1,8513
6,4,8517
6,4,8521
8,2,8523
8,2,8525
-1,1,8526
9,1,8527
6,4,8531
9,1,8532
8,2,8534
8,2,8536
6,4,8540
7,3,8543
9,1,8544
9,1,8545
-1,1,8546
1,9,8555
9,1,8556
8,2,8558
9,1,8559
8,2,8561
9,1,8562
9,1,8563
9,1,8564
9,1,8565
9,1,8566
7,3,8569
9,1,8570
8,2,8572
-2,2,8574
7,3,8577
-2,2,8579
7,3,8582
-1,1,8583
9,1,8584
8,2,8586
8,2,8588
9,1,8589
9,1,8590
9,1,8591
9,1,8592
9,1,8593
9,1,8594
-1,1,8595
-2,2,8597
9,1,8598
9,1,8599
-2,2,8601
8,2,8603
-1,1,8604
7,3,8607
-4,4,8611
9,1,8612
-9,9,8621
9,1,8622
-2,2,8624
-1,11,8635
9,1,8636
7,3,8639
-2,2,8641
-3,3,8644
-6,6,8650
9,1,8651
8,2,8653
-4,4,8657
8,2,8659
7,3,8662
-2,2,8664
8,2,8666
8,2,8668
7,3,8671
8,2,8673
7,3,8676
8,2,8678
7,3,8681
6,4,8685
8,2,8687
9,1,8688
-3,13,8701
8,2,8703
7,3,8706
-1,1,8707
-1,1,8708
8,2,8710
7,3,8713
-1,11,8724
9,1,8725
7,3,8728
9,1,8729
9,1,8730
-2,2,8732
8,2,8734
8,2,8736
-5,15,8751
-3,3,8754
9,1,8755
8,2,8757
9,1,8758
8,2,8760
7,3,8763
9,1,8764
2,8,8772
8,2,8774
9,1,8775
7,3,8778
-5,5,8783
8,2,8785
-2,2,8787
7,3,8790
9,1,8791
-3,3,8794
9,1,8795
1,9,8804
-10,10,8814
9,1,8815
0,10,8825
9,1,8826
9,1,8827
9,1,8828
6,4,8832
9,1,8833
8,2,8835
8,2,8837
7,3,8840
9,1,8841
-4,4,8845
9,1,8846
9,1,8847
9,1,8848
9,1,8849
-2,2,8851
8,2,8853
8,2,8855
-1,1,8856
8,2,8858
9,1,8859
9,1,8860
9,1,8861
9,1,8862
7,3,8865
8,2,8867
9,1,8868
5,5,8873
5,5,8878
8,2,8880
7,3,8883
9,1,8884
9,1,8885
8,2,8887
-1,1,8888
8,2,8890
7,3,8893
9,1,8894
8,2,8896
9,1,8897
6,4,8901
-3,3,8904
9,1,8905
2,8,8913
4,6,8919
8,2,8921
9,1,8922
-1,1,8923
5,5,8928
7,3,8931
9,1,8932
9,1,8933
7,3,8936
0,10,8946
8,2,8948
8,2,8950
5,5,8955
8,2,8957
9,1,8958
-20,20,8978
7,3,8981
8,2,8983
-2,2,8985
9,1,8986
6,4,8990
8,2,8992
8,2,8994
6,4,8998
8,2,9000
9,1,9001
8,2,9003
7,3,9006
6,4,9010
9,1,9011
8,2,9013
9,1,9014
8,2,9016
9,1,9017
8,2,9019
6,4,9023
1,9,9032
8,2,9034
-1,1,9035
8,2,9037
-1,1,9038
9,1,9039
9,1,9040
-1,1,9041
9,1,9042
-1,1,9043
9,1,9044
-1,1,9045
9,1,9046
-1,11,9057
8,2,9059
7,3,9062
9,1,9063
-1,1,9064
9,1,9065
-2,2,9067
9,1,9068
9,1,9069
9,1,9070
8,2,9072
8,2,9074
9,1,9075
7,3,9078
-1,1,9079
-2,2,9081
7,3,9084
-20,20,9104
9,1,9105
7,3,9108
8,2,9110
-3,3,9113
9,1,9114
-1,1,9115
7,3,9118
-2,2,9120
9,1,9121
-2,12,9133
9,1,9134
9,1,9135
8,2,9137
9,1,9138
-10,10,9148
-1,1,9149
7,3,9152
8,2,9154
9,1,9155
7,3,9158
9,1,9159
9,1,9160
8,2,9162
-3,3,9165
-1,1,9166
-1,1,9167
-1,1,9168
-2,2,9170
-1,1,9171
-2,2,9173
8,2,9175
-2,2,9177
-1,1,9178
4,6,9184
-1,1,9185
9,1,9186
-7,7,9193
6,4,9197
9,1,9198
7,3,9201
9,1,9202
5,5,9207
8,2,9209
-1,1,9210
8,2,9212
6,4,9216
7,3,9219
7,3,9222
-20,20,9242
8,2,9244
7,3,9247
8,2,9249
7,3,9252
8,2,9254
8,2,9256
7,3,9259
9,1,9260
-2,2,9262
-1,1,9263
7,3,9266
8,2,9268
7,3,9271
5,5,9276
-2,2,9278
9,1,9279
8,2,9281
9,1,9282
9,1,9283
7,3,9286
4,6,9292
8,2,9294
9,1,9295
8,2,9297
7,3,9300
9,1,9301
9,1,9302
8,2,9304
9,1,9305
2,8,9313
9,1,9314
-5,5,9319
9,1,9320
4,6,9326
9,1,9327
-6,6,9333
6,4,9337
9,1,9338
-1,1,9339
9,1,9340
9,1,9341
8,2,9343
9,1,9344
8,2,9346
-1,1,9347
8,2,9349
-1,1,9350
8,2,9352
8,2,9354
1,9,9363
8,2,9365
8,2,9367
-3,3,9370
7,3,9373
8,2,9375
9,1,9376
7,3,9379
8,2,9381
9,1,9382
8,2,9384
7,3,9387
7,3,9390
-1,1,9391
9,1,9392
-1,1,9393
4,6,9399
6,4,9403
8,2,9405
8,2,9407
9,1,9408
6,4,9412
7,3,9415
9,1,9416
9,1,9417
8,2,9419
9,1,9420
9,1,9421
8,2,9423
8,2,9425
8,2,9427
8,2,9429
-2,2,9431
8,2,9433
9,1,9434
8,2,9436
9,1,9437
7,3,9440
-7,17,9457
8,2,9459
8,2,9461
9,1,9462
7,3,9465
7,3,9468
6,4,9472
6,4,9476
-3,3,9479
7,3,9482
-6,16,9498
4,6,9504
4,6,9510
8,2,9512
9,1,9513
6,4,9517
8,2,9519
8,2,9521
4,6,9527
9,1,9528
9,1,9529
7,3,9532
9,1,9533
9,1,9534
9,1,9535
7,3,9538
9,1,9539
9,1,9540
-1,1,9541
9,1,9542
2,8,9550
9,1,9551
8,2,9553
9,1,9554
9,1,9555
3,7,9562
6,4,9566
-2,2,9568
9,1,9569
9,1,9570
8,2,9572
6,4,9576
2,8,9584
9,1,9585
7,3,9588
9,1,9589
8,2,9591
8,2,9593
9,1,9594
4,6,9600
8,2,9602
7,3,9605
9,1,9606
6,4,9610
9,1,9611
9,1,9612
9,1,9613
-1,1,9614
3,7,9621
8,2,9623
9,1,9624
9,1,9625
9,1,9626
9,1,9627
9,1,9628
8,2,9630
9,1,9631
-3,3,9634
9,1,9635
-1,1,9636
9,1,9637
9,1,9638
6,4,9642
-3,3,9645
-1,1,9646
-4,4,9650
-2,2,9652
9,1,9653
8,2,9655
8,2,9657
-3,3,9660
9,1,9661
5,5,9666
9,1,9667
-4,4,9671
-6,6,9677
4,6,9683
7,3,9686
5,5,9691
8,2,9693
8,2,9695
-1,1,9696
9,1,9697
9,1,9698
8,2,9700
-4,4,9704
4,6,9710
9,1,9711
7,3,9714
9,1,9715
-1,1,9716
9,1,9717
5,5,9722
-3,3,9725
-8,8,9733
-5,5,9738
8,2,9740
9,1,9741
-1,1,9742
6,4,9746
9,1,9747
-2,2,9749
8,2,9751
9,1,9752
8,2,9754
6,4,9758
8,2,9760
9,1,9761
6,4,9765
-6,6,9771
8,2,9773
8,2,9775
9,1,9776
9,1,9777
9,1,9778
9,1,9779
-3,3,9782
9,1,9783
8,2,9785
5,5,9790
-1,1,9791
9,1,9792
6,4,9796
4,6,9802
8,2,9804
9,1,9805
9,1,9806
9,1,9807
9,1,9808
8,2,9810
7,3,9813
3,7,9820
8,2,9822
9,1,9823
-5,5,9828
9,1,9829
9,1,9830
9,1,9831
6,4,9835
6,4,9839
9,1,9840
8,2,9842
9,1,9843
-3,3,9846
5,5,9851
9,1,9852
-2,2,9854
5,5,9859
-2,2,9861
9,1,9862
9,1,9863
7,3,9866
8,2,9868
-7,7,9875
8,2,9877
-8,18,9895
8,2,9897
7,3,9900
9,1,9901
9,1,9902
8,2,9904
9,1,9905
6,4,9909
5,5,9914
8,2,9916
-6,16,9932
-2,2,9934
8,2,9936
-3,3,9939
9,1,9940
8,2,9942
-1,1,9943
8,2,9945
7,3,9948
9,1,9949
8,2,9951
9,1,9952
7,3,9955
-5,5,9960
9,1,9961
7,3,9964
8,2,9966
-1,1,9967
-1,1,9968
7,3,9971
-8,8,9979
9,1,9980
7,3,9983
8,2,9985
7,3,9988
-3,3,9991
-1,1,9992
-1,1,9993
4,6,9999
9,1,10000
9,1,10001
-2,2,10003
9,1,10004
9,1,10005
9,1,10006
9,1,10007
9,1,10008
7,3,10011
6,4,10015
5,5,10020
9,1,10021
7,3,10024
9,1,10025
5,5,10030
-3,3,10033
9,1,10034
9,1,10035
9,1,10036
9,1,10037
9,1,10038
9,1,10039
8,2,10041
-1,1,10042
8,2,10044
-1,1,10045
5,5,10050
-3,3,10053
-1,1,10054
4,6,10060
-2,2,10062
5,5,10067
9,1,10068
4,6,10074
9,1,10075
2,8,10083
5,5,10088
-3,3,10091
9,1,10092
8,2,10094
9,1,10095
8,2,10097
8,2,10099
9,1,10100
8,2,10102
4,6,10108
9,1,10109
-2,2,10111
9,1,10112
8,2,10114
-2,2,10116
9,1,10117
8,2,10119
9,1,10120
9,1,10121
7,3,10124
9,1,10125
-3,3,10128
9,1,10129
7,3,10132
6,4,10136
5,5,10141
9,1,10142
9,1,10143
9,1,10144
-4,4,10148
9,1,10149
9,1,10150
7,3,10153
-3,3,10156
9,1,10157
9,1,10158
8,2,10160
8,2,10162
7,3,10165
9,1,10166
9,1,10167
7,3,10170
8,2,10172
9,1,10173
7,3,10176
7,3,10179
-2,2,10181
4,6,10187
9,1,10188
-3,13,10201
9,1,10202
9,1,10203
9,1,10204
8,2,10206
9,1,10207
8,2,10209
9,1,10210
9,1,10211
8,2,10213
5,5,10218
8,2,10220
9,1,10221
8,2,10223
8,2,10225
-4,14,10239
4,6,10245
9,1,10246
8,2,10248
-2,2,10250
9,1,10251
8,2,10253
9,1,10254
6,4,10258
8,2,10260
7,3,10263
9,1,10264
7,3,10267
8,2,10269
7,3,10272
7,3,10275
8,2,10277
-1,11,10288
9,1,10289
-1,1,10290
7,3,10293
5,5,10298
-6,6,10304
8,2,10306
-2,2,10308
7,3,10311
3,7,10318
7,3,10321
9,1,10322
-3,3,10325
5,5,10330
8,2,10332
8,2,10334
-2,2,10336
1,9,10345
9,1,10346
7,3,10349
5,5,10354
6,4,10358
3,7,10365
9,1,10366
-1,1,10367
9,1,10368
9,1,10369
9,1,10370
9,1,10371
8,2,10373
7,3,10376
8,2,10378
9,1,10379
9,1,10380
-2,2,10382
-1,1,10383
8,2,10385
0,10,10395
8,2,10397
-1,1,10398
9,1,10399
5,5,10404
-3,3,10407
3,7,10414
7,3,10417
4,6,10423
9,1,10424
9,1,10425
8,2,10427
9,1,10428
8,2,10430
-1,1,10431
9,1,10432
9,1,10433
9,1,10434
-1,1,10435
-2,2,10437
9,1,10438
5,5,10443
9,1,10444
-3,13,10457
9,1,10458
8,2,10460
7,3,10463
8,2,10465
9,1,10466
6,4,10470
8,2,10472
7,3,10475
7,3,10478
3,7,10485
9,1,10486
7,3,10489
7,3,10492
9,1,10493
9,1,10494
3,7,10501
-2,2,10503
7,3,10506
7,3,10509
-3,3,10512
9,1,10513
-10,10,10523
7,3,10526
-1,1,10527
9,1,10528
5,5,10533
8,2,10535
9,1,10536
9,1,10537
-3,3,10540
-1,1,10541
9,1,10542
9,1,10543
-3,3,10546
7,3,10549
9,1,10550
8,2,10552
-2,2,10554
9,1,10555
7,3,10558
-1,1,10559
9,1,10560
9,1,10561
3,7,10568
7,3,10571
6,4,10575
9,1,10576
9,1,10577
8,2,10579
-1,1,10580
9,1,10581
0,10,10591
9,1,10592
8,2,10594
7,3,10597
9,1,10598
9,1,10599
9,1,10600
7,3,10603
8,2,10605
-1,1,10606
6,4,10610
7,3,10613
9,1,10614
7,3,10617
6,4,10621
8,2,10623
8,2,10625
9,1,10626
8,2,10628
8,2,10630
9,1,10631
7,3,10634
9,1,10635
8,2,10637
9,1,10638
9,1,10639
7,3,10642
8,2,10644
7,3,10647
8,2,10649
-1,1,10650
7,3,10653
-5,5,10658
8,2,10660
9,1,10661
9,1,10662
9,1,10663
0,10,10673
9,1,10674
2,8,10682
9,1,10683
-2,2,10685
9,1,10686
8,2,10688
2,8,10696
-10,20,10716
9,1,10717
8,2,10719
9,1,10720
9,1,10721
9,1,10722
8,2,10724
-2,2,10726
9,1,10727
7,3,10730
-1,1,10731
9,1,10732
-2,2,10734
-2,2,10736
9,1,10737
-4,4,10741
9,1,10742
9,1,10743
8,2,10745
-1,1,10746
9,1,10747
9,1,10748
7,3,10751
3,7,10758
-1,1,10759
9,1,10760
9,1,10761
-4,14,10775
9,1,10776
8,2,10778
7,3,10781
9,1,10782
9,1,10783
7,3,10786
9,1,10787
-10,10,10797
5,5,10802
6,4,10806
1,9,10815
9,1,10816
-1,1,10817
9,1,10818
9,1,10819
-1,1,10820
-1,1,10821
8,2,10823
8,2,10825
9,1,10826
9,1,10827
8,2,10829
-7,7,10836
9,1,10837
-1,1,10838
9,1,10839
9,1,10840
9,1,10841
9,1,10842
8,2,10844
9,1,10845
8,2,10847
8,2,10849
1,9,10858
8,2,10860
8,2,10862
9,1,10863
9,1,10864
9,1,10865
8,2,10867
-4,4,10871
6,4,10875
7,3,10878
7,3,10881
-4,4,10885
9,1,10886
9,1,10887
7,3,10890
-1,1,10891
-1,1,10892
9,1,10893
-1,11,10904
-1,1,10905
9,1,10906
-2,2,10908
6,4,10912
-2,2,10914
7,3,10917
8,2,10919
9,1,10920
8,2,10922
-2,2,10924
6,4,10928
9,1,10929
7,3,10932
-2,2,10934
8,2,10936
-2,2,10938
9,1,10939
7,3,10942
5,5,10947
9,1,10948
-4,4,10952
7,3,10955
8,2,10957
9,1,10958
8,2,10960
3,7,10967
9,1,10968
-3,3,10971
5,5,10976
5,5,10981
6,4,10985
8,2,10987
6,4,10991
5,5,10996
5,5,11001
9,1,11002
9,1,11003
-4,4,11007
8,2,11009
8,2,11011
4,6,11017
9,1,11018
9,1,11019
-2,2,11021
7,3,11024
-3,3,11027
9,1,11028
-7,7,11035
9,1,11036
7,3,11039
9,1,11040
9,1,11041
9,1,11042
9,1,11043
6,4,11047
8,2,11049
9,1,11050
9,1,11051
9,1,11052
9,1,11053
9,1,11054
7,3,11057
9,1,11058
9,1,11059
9,1,11060
9,1,11061
5,5,11066
9,1,11067
9,1,11068
9,1,11069
9,1,11070
1,9,11079
8,2,11081
8,2,11083
9,1,11084
9,1,11085
6,4,11089
9,1,11090
-5,5,11095
9,1,11096
8,2,11098
5,5,11103
9,1,11104
-1,1,11105
8,2,11107
9,1,11108
8,2,11110
-1,1,11111
6,4,11115
-1,1,11116
-1,1,11117
9,1,11118
-1,1,11119
8,2,11121
9,1,11122
6,4,11126
9,1,11127
8,2,11129
8,2,11131
9,1,11132
9,1,11133
9,1,11134
9,1,11135
-1,1,11136
-1,11,11147
-1,1,11148
7,3,11151
9,1,11152
9,1,11153
9,1,11154
9,1,11155
9,1,11156
9,1,11157
7,3,11160
8,2,11162
9,1,11163
8,2,11165
8,2,11167
9,1,11168
8,2,11170
8,2,11172
8,2,11174
8,2,11176
8,2,11178
7,3,11181
9,1,11182
4,6,11188
7,3,11191
9,1,11192
8,2,11194
-3,3,11197
8,2,11199
8,2,11201
-11,11,11212
9,1,11213
-2,2,11215
5,5,11220
9,1,11221
9,1,11222
6,4,11226
3,7,11233
9,1,11234
8,2,11236
-2,2,11238
7,3,11241
9,1,11242
9,1,11243
8,2,11245
9,1,11246
9,1,11247
-1,1,11248
8,2,11250
9,1,11251
9,1,11252
9,1,11253
8,2,11255
-2,2,11257
8,2,11259
8,2,11261
7,3,11264
9,1,11265
9,1,11266
7,3,11269
-1,1,11270
8,2,11272
8,2,11274
9,1,11275
8,2,11277
7,3,11280
9,1,11281
9,1,11282
9,1,11283
7,3,11286
9,1,11287
8,2,11289
9,1,11290
-1,11,11301
9,1,11302
8,2,11304
9,1,11305
-3,3,11308
9,1,11309
8,2,11311
-2,2,11313
-2,2,11315
9,1,11316
9,1,11317
-2,2,11319
8,2,11321
7,3,11324
8,2,11326
8,2,11328
6,4,11332
9,1,11333
8,2,11335
9,1,11336
9,1,11337
9,1,11338
9,1,11339
9,1,11340
6,4,11344
7,3,11347
5,5,11352
8,2,11354
9,1,11355
9,1,11356
8,2,11358
9,1,11359
7,3,11362
9,1,11363
8,2,11365
9,1,11366
7,3,11369
8,2,11371
8,2,11373
7,3,11376
7,3,11379
9,1,11380
-5,5,11385
7,3,11388
9,1,11389
-1,1,11390
9,1,11391
9,1,11392
9,1,11393
7,3,11396
-1,1,11397
8,2,11399
5,5,11404
7,3,11407
5,5,11412
-3,13,11425
9,1,11426
8,2,11428
-1,1,11429
8,2,11431
9,1,11432
9,1,11433
7,3,11436
9,1,11437
8,2,11439
7,3,11442
9,1,11443
9,1,11444
9,1,11445
-20,20,11465
9,1,11466
9,1,11467
6,4,11471
4,6,11477
7,3,11480
-3,3,11483
9,1,11484
7,3,11487
-1,1,11488
8,2,11490
8,2,11492
8,2,11494
8,2,11496
6,4,11500
-3,3,11503
8,2,11505
-2,2,11507
7,3,11510
8,2,11512
8,2,11514
9,1,11515
4,6,11521
5,5,11526
-1,1,11527
8,2,11529
9,1,11530
-6,6,11536
9,1,11537
8,2,11539
9,1,11540
4,6,11546
1,9,11555
9,1,11556
1,9,11565
7,3,11568
-1,1,11569
5,5,11574
8,2,11576
9,1,11577
7,3,11580
8,2,11582
7,3,11585
9,1,11586
7,3,11589
-7,7,11596
4,6,11602
9,1,11603
8,2,11605
-1,1,11606
9,1,11607
9,1,11608
9,1,11609
6,4,11613
7,3,11616
-2,2,11618
7,3,11621
9,1,11622
9,1,11623
9,1,11624
9,1,11625
6,4,11629
-1,1,11630
-4,4,11634
9,1,11635
-1,1,11636
-3,3,11639
9,1,11640
-1,1,11641
9,1,11642
9,1,11643
9,1,11644
8,2,11646
9,1,11647
7,3,11650
5,5,11655
8,2,11657
9,1,11658
-2,2,11660
9,1,11661
-2,2,11663
9,1,11664
-2,2,11666
9,1,11667
8,2,11669
-1,1,11670
-1,1,11671
9,1,11672
-2,2,11674
9,1,11675
7,3,11678
6,4,11682
3,7,11689
-1,1,11690
9,1,11691
9,1,11692
8,2,11694
7,3,11697
5,5,11702
9,1,11703
9,1,11704
9,1,11705
9,1,11706
9,1,11707
7,3,11710
8,2,11712
9,1,11713
8,2,11715
-1,1,11716
-1,1,11717
9,1,11718
9,1,11719
-1,1,11720
-7,17,11737
9,1,11738
8,2,11740
9,1,11741
-3,3,11744
-3,3,11747
-2,2,11749
7,3,11752
9,1,11753
-3,3,11756
-1,1,11757
8,2,11759
9,1,11760
8,2,11762
9,1,11763
8,2,11765
-2,2,11767
-1,1,11768
9,1,11769
9,1,11770
1,9,11779
9,1,11780
8,2,11782
9,1,11783
8,2,11785
1,9,11794
4,6,11800
-1,1,11801
9,1,11802
7,3,11805
9,1,11806
8,2,11808
6,4,11812
-1,1,11813
4,6,11819
9,1,11820
7,3,11823
-1,1,11824
9,1,11825
8,2,11827
-6,16,11843
-5,5,11848
9,1,11849
-2,2,11851
9,1,11852
8,2,11854
8,2,11856
8,2,11858
6,4,11862
9,1,11863
9,1,11864
4,6,11870
9,1,11871
8,2,11873
7,3,11876
8,2,11878
9,1,11879
6,4,11883
-7,17,11900
4,6,11906
-4,4,11910
-6,16,11926
9,1,11927
-1,1,11928
7,3,11931
8,2,11933
9,1,11934
8,2,11936
8,2,11938
9,1,11939
8,2,11941
9,1,11942
7,3,11945
9,1,11946
-3,3,11949
9,1,11950
7,3,11953
-3,3,11956
6,4,11960
9,1,11961
9,1,11962
9,1,11963
-2,2,11965
9,1,11966
9,1,11967
9,1,11968
9,1,11969
-1,1,11970
-3,13,11983
8,2,11985
8,2,11987
8,2,11989
4,6,11995
7,3,11998
9,1,11999
7,3,12002
9,1,12003
9,1,12004
7,3,12007
8,2,12009
-6,6,12015
8,2,12017
9,1,12018
9,1,12019
4,6,12025
9,1,12026
8,2,12028
-2,2,12030
7,3,12033
9,1,12034
9,1,12035
9,1,12036
-2,2,12038
9,1,12039
-1,1,12040
-3,3,12043
-4,4,12047
8,2,12049
9,1,12050
9,1,12051
9,1,12052
-1,1,12053
9,1,12054
8,2,12056
7,3,12059
-2,2,12061
-1,1,12062
8,2,12064
8,2,12066
-1,11,12077
7,3,12080
9,1,12081
9,1,12082
8,2,12084
8,2,12086
9,1,12087
8,2,12089
9,1,12090
9,1,12091
9,1,12092
8,2,12094
9,1,12095
-1,1,12096
9,1,12097
7,3,12100
8,2,12102
-1,1,12103
8,2,12105
8,2,12107
-2,2,12109
9,1,12110
9,1,12111
-1,1,12112
9,1,12113
8,2,12115
9,1,12116
-3,3,12119
2,8,12127
7,3,12130
9,1,12131
-1,1,12132
-2,2,12134
-2,2,12136
7,3,12139
-2,2,12141
8,2,12143
7,3,12146
9,1,12147
-1,1,12148
9,1,12149
9,1,12150
6,4,12154
9,1,12155
9,1,12156
6,4,12160
-5,5,12165
7,3,12168
9,1,12169
8,2,12171
8,2,12173
8,2,12175
9,1,12176
9,1,12177
-9,9,12186
-2,2,12188
-1,1,12189
8,2,12191
-3,3,12194
9,1,12195
9,1,12196
9,1,12197
-1,1,12198
-1,1,12199
8,2,12201
9,1,12202
-2,12,12214
4,6,12220
9,1,12221
9,1,12222
9,1,12223
-2,2,12225
9,1,12226
9,1,12227
-2,2,12229
9,1,12230
-2,2,12232
-2,2,12234
9,1,12235
-1,1,12236
8,2,12238
-1,1,12239
8,2,12241
-1,1,12242
9,1,12243
4,6,12249
9,1,12250
8,2,12252
9,1,12253
9,1,12254
7,3,12257
-1,1,12258
9,1,12259
9,1,12260
7,3,12263
-2,2,12265
7,3,12268
-1,1,12269
-4,4,12273
-18,18,12291
9,1,12292
8,2,12294
-1,1,12295
-2,2,12297
9,1,12298
7,3,12301
9,1,12302
9,1,12303
8,2,12305
9,1,12306
5,5,12311
-2,2,12313
9,1,12314
8,2,12316
9,1,12317
-1,1,12318
-1,1,12319
-2,2,12321
0,10,12331
-2,2,12333
9,1,12334
9,1,12335
7,3,12338
8,2,12340
8,2,12342
-1,1,12343
9,1,12344
7,3,12347
4,6,12353
7,3,12356
7,3,12359
9,1,12360
4,6,12366
4,6,12372
9,1,12373
-1,1,12374
-1,1,12375
5,5,12380
9,1,12381
7,3,12384
9,1,12385
5,5,12390
8,2,12392
9,1,12393
-1,1,12394
9,1,12395
9,1,12396
8,2,12398
-1,1,12399
9,1,12400
9,1,12401
-2,2,12403
9,1,12404
8,2,12406
7,3,12409
6,4,12413
-1,1,12414
-2,2,12416
9,1,12417
7,3,12420
3,7,12427
8,2,12429
6,4,12433
8,2,12435
8,2,12437
7,3,12440
7,3,12443
6,4,12447
9,1,12448
-1,1,12449
-1,1,12450
6,4,12454
9,1,12455
7,3,12458
-14,14,12472
7,3,12475
5,5,12480
9,1,12481
9,1,12482
-3,3,12485
4,6,12491
8,2,12493
8,2,12495
-2,2,12497
9,1,12498
9,1,12499
8,2,12501
9,1,12502
9,1,12503
-2,2,12505
-1,1,12506
9,1,12507
8,2,12509
2,8,12517
9,1,12518
5,5,12523
9,1,12524
8,2,12526
9,1,12527
8,2,12529
8,2,12531
-1,1,12532
9,1,12533
8,2,12535
5,5,12540
9,1,12541
9,1,12542
9,1,12543
-7,17,12560
9,1,12561
-3,3,12564
9,1,12565
9,1,12566
8,2,12568
8,2,12570
9,1,12571
8,2,12573
-1,1,12574
7,3,12577
7,3,12580
9,1,12581
9,1,12582
7,3,12585
7,3,12588
8,2,12590
9,1,12591
-4,14,12605
8,2,12607
-2,2,12609
5,5,12614
5,5,12619
9,1,12620
-3,3,12623
7,3,12626
3,7,12633
-2,2,12635
-2,2,12637
6,4,12641
9,1,12642
-2,2,12644
8,2,12646
9,1,12647
7,3,12650
7,3,12653
7,3,12656
-2,2,12658
8,2,12660
7,3,12663
-1,11,12674
-1,1,12675
9,1,12676
8,2,12678
9,1,12679
9,1,12680
-2,2,12682
6,4,12686
9,1,12687
-1,1,12688
9,1,12689
9,1,12690
8,2,12692
9,1,12693
4,6,12699
-3,3,12702
8,2,12704
8,2,12706
9,1,12707
6,4,12711
-1,1,12712
8,2,12714
9,1,12715
-2,2,12717
8,2,12719
9,1,12720
9,1,12721
9,1,12722
-1,1,12723
8,2,12725
7,3,12728
-2,2,12730
-1,1,12731
9,1,12732
9,1,12733
9,1,12734
-1,1,12735
9,1,12736
-1,1,12737
9,1,12738
8,2,12740
9,1,12741
5,5,12746
8,2,12748
-2,2,12750
-1,1,12751
9,1,12752
8,2,12754
8,2,12756
7,3,12759
8,2,12761
-1,1,12762
8,2,12764
-1,1,12765
8,2,12767
8,2,12769
8,2,12771
9,1,12772
9,1,12773
7,3,12776
-1,1,12777
3,7,12784
8,2,12786
8,2,12788
9,1,12789
-2,2,12791
8,2,12793
9,1,12794
8,2,12796
9,1,12797
9,1,12798
8,2,12800
-1,1,12801
-2,12,12813
9,1,12814
9,1,12815
9,1,12816
8,2,12818
-2,2,12820
-9,19,12839
9,1,12840
8,2,12842
9,1,12843
8,2,12845
-4,4,12849
-1,1,12850
9,1,12851
6,4,12855
6,4,12859
8,2,12861
4,6,12867
-1,1,12868
-1,1,12869
8,2,12871
9,1,12872
9,1,12873
-2,2,12875
8,2,12877
6,4,12881
-2,2,12883
9,1,12884
9,1,12885
9,1,12886
5,5,12891
3,7,12898
9,1,12899
7,3,12902
-2,2,12904
8,2,12906
-3,3,12909
9,1,12910
-5,5,12915
7,3,12918
-2,2,12920
9,1,12921
7,3,12924
-1,1,12925
6,4,12929
-1,1,12930
0,10,12940
8,2,12942
9,1,12943
7,3,12946
9,1,12947
-8,18,12965
9,1,12966
-2,2,12968
8,2,12970
5,5,12975
9,1,12976
7,3,12979
4,6,12985
9,1,12986
7,3,12989
-1,1,12990
8,2,12992
3,7,12999
7,3,13002
9,1,13003
9,1,13004
9,1,13005
8,2,13007
9,1,13008
8,2,13010
-1,1,13011
9,1,13012
-18,18,13030
9,1,13031
-1,1,13032
9,1,13033
-5,5,13038
-6,6,13044
9,1,13045
9,1,13046
9,1,13047
9,1,13048
-3,3,13051
9,1,13052
8,2,13054
9,1,13055
7,3,13058
8,2,13060
8,2,13062
9,1,13063
9,1,13064
9,1,13065
9,1,13066
-1,1,13067
9,1,13068
9,1,13069
8,2,13071
6,4,13075
9,1,13076
7,3,13079
8,2,13081
7,3,13084
-2,2,13086
9,1,13087
-2,2,13089
6,4,13093
9,1,13094
8,2,13096
8,2,13098
9,1,13099
7,3,13102
-2,2,13104
-1,1,13105
8,2,13107
-1,1,13108
9,1,13109
6,4,13113
7,3,13116
-5,15,13131
9,1,13132
9,1,13133
3,7,13140
-1,1,13141
7,3,13144
8,2,13146
-1,1,13147
8,2,13149
9,1,13150
7,3,13153
8,2,13155
9,1,13156
9,1,13157
9,1,13158
7,3,13161
-1,1,13162
-2,2,13164
8,2,13166
8,2,13168
-2,2,13170
-2,2,13172
-2,2,13174
9,1,13175
-20,20,13195
8,2,13197
9,1,13198
9,1,13199
9,1,13200
-1,1,13201
-2,2,13203
8,2,13205
9,1,13206
5,5,13211
8,2,13213
9,1,13214
9,1,13215
8,2,13217
7,3,13220
-1,1,13221
9,1,13222
-3,3,13225
-1,1,13226
8,2,13228
-3,3,13231
9,1,13232
-1,1,13233
9,1,13234
-6,6,13240
9,1,13241
9,1,13242
4,6,13248
9,1,13249
8,2,13251
5,5,13256
8,2,13258
8,2,13260
9,1,13261
7,3,13264
8,2,13266
-2,2,13268
7,3,13271
-1,1,13272
6,4,13276
9,1,13277
8,2,13279
-1,1,13280
8,2,13282
8,2,13284
8,2,13286
9,1,13287
-1,1,13288
9,1,13289
9,1,13290
-3,3,13293
8,2,13295
9,1,13296
9,1,13297
9,1,13298
9,1,13299
7,3,13302
8,2,13304
5,5,13309
9,1,13310
8,2,13312
-1,11,13323
7,3,13326
-1,1,13327
9,1,13328
5,5,13333
8,2,13335
9,1,13336
9,1,13337
8,2,13339
8,2,13341
8,2,13343
-2,2,13345
8,2,13347
-1,1,13348
-2,2,13350
9,1,13351
4,6,13357
8,2,13359
9,1,13360
9,1,13361
7,3,13364
9,1,13365
9,1,13366
8,2,13368
-2,2,13370
9,1,13371
8,2,13373
7,3,13376
5,5,13381
8,2,13383
-2,2,13385
9,1,13386
9,1,13387
-1,1,13388
8,2,13390
8,2,13392
5,5,13397
9,1,13398
6,4,13402
8,2,13404
9,1,13405
9,1,13406
8,2,13408
-2,2,13410
9,1,13411
-2,2,13413
9,1,13414
-4,4,13418
9,1,13419
-7,7,13426
9,1,13427
9,1,13428
8,2,13430
-2,2,13432
8,2,13434
7,3,13437
9,1,13438
9,1,13439
6,4,13443
7,3,13446
-2,2,13448
-2,2,13450
9,1,13451
8,2,13453
7,3,13456
9,1,13457
9,1,13458
-1,1,13459
7,3,13462
8,2,13464
9,1,13465
3,7,13472
9,1,13473
8,2,13475
7,3,13478
9,1,13479
9,1,13480
3,7,13487
7,3,13490
-4,14,13504
9,1,13505
9,1,13506
1,9,13515
-1,1,13516
-1,1,13517
9,1,13518
9,1,13519
9,1,13520
9,1,13521
9,1,13522
9,1,13523
-2,2,13525
8,2,13527
8,2,13529
8,2,13531
9,1,13532
8,2,13534
9,1,13535
7,3,13538
8,2,13540
7,3,13543
8,2,13545
8,2,13547
7,3,13550
9,1,13551
7,3,13554
8,2,13556
8,2,13558
9,1,13559
6,4,13563
9,1,13564
9,1,13565
9,1,13566
7,3,13569
8,2,13571
6,4,13575
9,1,13576
-1,1,13577
9,1,13578
9,1,13579
8,2,13581
-1,1,13582
8,2,13584
8,2,13586
8,2,13588
-1,1,13589
9,1,13590
9,1,13591
-1,1,13592
4,6,13598
9,1,13599
5,5,13604
7,3,13607
-2,2,13609
9,1,13610
5,5,13615
9,1,13616
4,6,13622
9,1,13623
9,1,13624
9,1,13625
7,3,13628
8,2,13630
9,1,13631
8,2,13633
9,1,13634
8,2,13636
9,1,13637
5,5,13642
8,2,13644
8,2,13646
9,1,13647
9,1,13648
8,2,13650
9,1,13651
-2,2,13653
8,2,13655
9,1,13656
8,2,13658
4,6,13664
7,3,13667
3,7,13674
8,2,13676
9,1,13677
-1,1,13678
0,10,13688
9,1,13689
7,3,13692
-2,2,13694
-6,6,13700
9,1,13701
9,1,13702
-2,2,13704
9,1,13705
9,1,13706
9,1,13707
9,1,13708
8,2,13710
7,3,13713
5,5,13718
9,1,13719
-1,1,13720
9,1,13721
-1,1,13722
9,1,13723
8,2,13725
7,3,13728
9,1,13729
9,1,13730
8,2,13732
-1,1,13733
9,1,13734
8,2,13736
8,2,13738
-3,3,13741
8,2,13743
9,1,13744
-2,2,13746
8,2,13748
4,6,13754
9,1,13755
-1,1,13756
9,1,13757
9,1,13758
9,1,13759
-1,1,13760
-1,1,13761
4,6,13767
-3,3,13770
9,1,13771
-1,1,13772
9,1,13773
6,4,13777
9,1,13778
9,1,13779
8,2,13781
-1,11,13792
-4,4,13796
-1,1,13797
8,2,13799
-1,1,13800
6,4,13804
6,4,13808
9,1,13809
9,1,13810
-2,12,13822
-1,1,13823
4,6,13829
9,1,13830
-1,1,13831
8,2,13833
8,2,13835
9,1,13836
8,2,13838
9,1,13839
-3,3,13842
-6,16,13858
8,2,13860
9,1,13861
8,2,13863
6,4,13867
-5,15,13882
-1,1,13883
8,2,13885
9,1,13886
9,1,13887
8,2,13889
7,3,13892
8,2,13894
9,1,13895
8,2,13897
6,4,13901
-2,2,13903
9,1,13904
9,1,13905
9,1,13906
9,1,13907
8,2,13909
7,3,13912
8,2,13914
8,2,13916
1,9,13925
8,2,13927
-1,1,13928
9,1,13929
9,1,13930
-1,1,13931
9,1,13932
8,2,13934
9,1,13935
9,1,13936
8,2,13938
9,1,13939
9,1,13940
7,3,13943
9,1,13944
-1,1,13945
9,1,13946
9,1,13947
9,1,13948
9,1,13949
9,1,13950
8,2,13952
9,1,13953
9,1,13954
3,7,13961
7,3,13964
9,1,13965
9,1,13966
8,2,13968
9,1,13969
7,3,13972
9,1,13973
0,10,13983
9,1,13984
-2,2,13986
9,1,13987
9,1,13988
8,2,13990
9,1,13991
9,1,13992
7,3,13995
9,1,13996
9,1,13997
9,1,13998
5,5,14003
-2,2,14005
9,1,14006
-1,1,14007
9,1,14008
9,1,14009
-3,3,14012
9,1,14013
9,1,14014
4,6,14020
-1,1,14021
8,2,14023
9,1,14024
9,1,14025
4,6,14031
-1,1,14032
9,1,14033
8,2,14035
7,3,14038
-3,3,14041
3,7,14048
6,4,14052
9,1,14053
-2,2,14055
8,2,14057
9,1,14058
-1,1,14059
9,1,14060
-1,1,14061
6,4,14065
9,1,14066
9,1,14067
9,1,14068
-1,1,14069
7,3,14072
8,2,14074
-1,1,14075
8,2,14077
-8,8,14085
8,2,14087
-2,12,14099
3,7,14106
8,2,14108
9,1,14109
7,3,14112
8,2,14114
5,5,14119
8,2,14121
6,4,14125
9,1,14126
7,3,14129
-1,1,14130
9,1,14131
8,2,14133
8,2,14135
7,3,14138
8,2,14140
0,10,14150
8,2,14152
-3,3,14155
8,2,14157
4,6,14163
4,6,14169
9,1,14170
8,2,14172
8,2,14174
9,1,14175
6,4,14179
9,1,14180
9,1,14181
9,1,14182
9,1,14183
9,1,14184
8,2,14186
4,6,14192
9,1,14193
9,1,14194
8,2,14196
-1,1,14197
-4,4,14201
8,2,14203
8,2,14205
8,2,14207
8,2,14209
8,2,14211
-1,1,14212
-2,2,14214
9,1,14215
9,1,14216
7,3,14219
7,3,14222
8,2,14224
-2,2,14226
8,2,14228
9,1,14229
9,1,14230
-2,12,14242
9,1,14243
8,2,14245
-3,3,14248
9,1,14249
3,7,14256
9,1,14257
-2,2,14259
9,1,14260
-1,1,14261
8,2,14263
2,8,14271
8,2,14273
9,1,14274
-1,1,14275
9,1,14276
-1,1,14277
-1,1,14278
9,1,14279
9,1,14280
-20,20,14300
8,2,14302
9,1,14303
7,3,14306
8,2,14308
7,3,14311
-1,1,14312
8,2,14314
9,1,14315
3,7,14322
9,1,14323
8,2,14325
8,2,14327
8,2,14329
-3,3,14332
8,2,14334
9,1,14335
8,2,14337
9,1,14338
9,1,14339
-1,1,14340
9,1,14341
9,1,14342
9,1,14343
8,2,14345
-1,1,14346
9,1,14347
-2,2,14349
7,3,14352
9,1,14353
9,1,14354
3,7,14361
9,1,14362
9,1,14363
6,4,14367
9,1,14368
9,1,14369
8,2,14371
-3,3,14374
9,1,14375
7,3,14378
9,1,14379
9,1,14380
8,2,14382
8,2,14384
9,1,14385
9,1,14386
9,1,14387
9,1,14388
8,2,14390
7,3,14393
-3,3,14396
8,2,14398
9,1,14399
2,8,14407
9,1,14408
9,1,14409
9,1,14410
-19,19,14429
5,5,14434
-3,3,14437
-1,1,14438
5,5,14443
-2,12,14455
8,2,14457
8,2,14459
6,4,14463
9,1,14464
9,1,14465
1,9,14474
9,1,14475
9,1,14476
9,1,14477
-2,2,14479
9,1,14480
9,1,14481
8,2,14483
9,1,14484
-1,1,14485
6,4,14489
9,1,14490
-1,1,14491
-2,2,14493
8,2,14495
5,5,14500
9,1,14501
9,1,14502
9,1,14503
9,1,14504
-1,1,14505
9,1,14506
6,4,14510
8,2,14512
-1,11,14523
8,2,14525
9,1,14526
9,1,14527
9,1,14528
9,1,14529
9,1,14530
8,2,14532
9,1,14533
9,1,14534
-11,11,14545
9,1,14546
9,1,14547
8,2,14549
8,2,14551
-2,2,14553
-2,2,14555
8,2,14557
9,1,14558
8,2,14560
8,2,14562
9,1,14563
9,1,14564
9,1,14565
9,1,14566
8,2,14568
-3,3,14571
-1,1,14572
-1,1,14573
7,3,14576
9,1,14577
9,1,14578
9,1,14579
9,1,14580
9,1,14581
8,2,14583
9,1,14584
9,1,14585
9,1,14586
-1,1,14587
8,2,14589
4,6,14595
3,7,14602
9,1,14603
9,1,14604
9,1,14605
9,1,14606
9,1,14607
9,1,14608
8,2,14610
-13,13,14623
9,1,14624
9,1,14625
9,1,14626
-3,3,14629
9,1,14630
9,1,14631
-3,3,14634
9,1,14635
8,2,14637
9,1,14638
-1,1,14639
9,1,14640
8,2,14642
-2,2,14644
9,1,14645
8,2,14647
6,4,14651
7,3,14654
8,2,14656
8,2,14658
-1,1,14659
9,1,14660
9,1,14661
8,2,14663
9,1,14664
8,2,14666
9,1,14667
8,2,14669
9,1,14670
5,5,14675
8,2,14677
9,1,14678
8,2,14680
8,2,14682
6,4,14686
8,2,14688
7,3,14691
8,2,14693
9,1,14694
6,4,14698
9,1,14699
8,2,14701
9,1,14702
9,1,14703
9,1,14704
2,8,14712
9,1,14713
7,3,14716
7,3,14719
5,5,14724
8,2,14726
8,2,14728
4,6,14734
-4,4,14738
9,1,14739
8,2,14741
9,1,14742
9,1,14743
-1,1,14744
-3,3,14747
7,3,14750
3,7,14757
6,4,14761
9,1,14762
-6,6,14768
9,1,14769
-3,3,14772
9,1,14773
8,2,14775
9,1,14776
8,2,14778
-7,17,14795
8,2,14797
8,2,14799
9,1,14800
8,2,14802
9,1,14803
-1,1,14804
9,1,14805
-2,2,14807
9,1,14808
-4,4,14812
9,1,14813
9,1,14814
7,3,14817
8,2,14819
8,2,14821
-1,1,14822
6,4,14826
8,2,14828
8,2,14830
6,4,14834
9,1,14835
-6,6,14841
-2,2,14843
0,10,14853
8,2,14855
9,1,14856
-1,1,14857
9,1,14858
6,4,14862
8,2,14864
8,2,14866
-4,4,14870
8,2,14872
8,2,14874
5,5,14879
-4,4,14883
-4,4,14887
9,1,14888
8,2,14890
8,2,14892
-1,1,14893
-5,5,14898
-2,2,14900
-2,2,14902
7,3,14905
9,1,14906
8,2,14908
9,1,14909
8,2,14911
9,1,14912
9,1,14913
5,5,14918
9,1,14919
-1,1,14920
-2,2,14922
9,1,14923
7,3,14926
9,1,14927
8,2,14929
7,3,14932
9,1,14933
9,1,14934
9,1,14935
8,2,14937
8,2,14939
6,4,14943
-2,2,14945
6,4,14949
7,3,14952
9,1,14953
7,3,14956
9,1,14957
9,1,14958
9,1,14959
9,1,14960
9,1,14961
8,2,14963
8,2,14965
9,1,14966
-2,2,14968
9,1,14969
9,1,14970
8,2,14972
9,1,14973
8,2,14975
-2,2,14977
8,2,14979
9,1,14980
9,1,14981
7,3,14984
9,1,14985
9,1,14986
9,1,14987
1,9,14996
9,1,14997
9,1,14998
8,2,15000
8,2,15002
7,3,15005
9,1,15006
1,9,15015
8,2,15017
-7,7,15024
-1,1,15025
9,1,15026
8,2,15028
8,2,15030
8,2,15032
8,2,15034
9,1,15035
5,5,15040
8,2,15042
9,1,15043
9,1,15044
9,1,15045
9,1,15046
9,1,15047
6,4,15051
8,2,15053
9,1,15054
9,1,15055
8,2,15057
9,1,15058
8,2,15060
9,1,15061
9,1,15062
-3,13,15075
8,2,15077
9,1,15078
9,1,15079
5,5,15084
9,1,15085
-1,1,15086
-3,3,15089
9,1,15090
-1,1,15091
8,2,15093
9,1,15094
7,3,15097
9,1,15098
7,3,15101
-1,1,15102
8,2,15104
9,1,15105
8,2,15107
9,1,15108
7,3,15111
9,1,15112
9,1,15113
9,1,15114
9,1,15115
9,1,15116
9,1,15117
9,1,15118
9,1,15119
8,2,15121
7,3,15124
9,1,15125
8,2,15127
8,2,15129
9,1,15130
9,1,15131
7,3,15134
9,1,15135
8,2,15137
8,2,15139
7,3,15142
9,1,15143
-1,1,15144
9,1,15145
9,1,15146
5,5,15151
8,2,15153
9,1,15154
-2,2,15156
9,1,15157
-1,1,15158
9,1,15159
-6,16,15175
9,1,15176
9,1,15177
8,2,15179
9,1,15180
8,2,15182
9,1,15183
-2,2,15185
9,1,15186
9,1,15187
-1,1,15188
8,2,15190
9,1,15191
8,2,15193
9,1,15194
-1,1,15195
9,1,15196
6,4,15200
7,3,15203
9,1,15204
9,1,15205
9,1,15206
8,2,15208
9,1,15209
8,2,15211
9,1,15212
6,4,15216
8,2,15218
9,1,15219
9,1,15220
-3,3,15223
8,2,15225
7,3,15228
9,1,15229
-1,1,15230
9,1,15231
9,1,15232
-1,1,15233
9,1,15234
8,2,15236
9,1,15237
9,1,15238
-2,2,15240
9,1,15241
8,2,15243
9,1,15244
9,1,15245
9,1,15246
8,2,15248
9,1,15249
-3,3,15252
8,2,15254
-3,3,15257
9,1,15258
8,2,15260
7,3,15263
-3,3,15266
-4,4,15270
9,1,15271
-1,1,15272
9,1,15273
9,1,15274
9,1,15275
9,1,15276
7,3,15279
9,1,15280
8,2,15282
9,1,15283
6,4,15287
9,1,15288
-2,2,15290
3,7,15297
8,2,15299
-1,1,15300
9,1,15301
-3,3,15304
-2,2,15306
-1,1,15307
9,1,15308
9,1,15309
9,1,15310
9,1,15311
-4,4,15315
9,1,15316
7,3,15319
8,2,15321
2,8,15329
8,2,15331
7,3,15334
-1,1,15335
7,3,15338
9,1,15339
-1,1,15340
9,1,15341
6,4,15345
8,2,15347
9,1,15348
9,1,15349
9,1,15350
8,2,15352
6,4,15356
8,2,15358
-1,1,15359
9,1,15360
9,1,15361
7,3,15364
9,1,15365
7,3,15368
1,9,15377
8,2,15379
8,2,15381
9,1,15382
9,1,15383
7,3,15386
9,1,15387
5,5,15392
9,1,15393
8,2,15395
8,2,15397
9,1,15398
5,5,15403
9,1,15404
8,2,15406
8,2,15408
9,1,15409
9,1,15410
7,3,15413
9,1,15414
7,3,15417
8,2,15419
9,1,15420
-2,2,15422
9,1,15423
9,1,15424
9,1,15425
8,2,15427
-2,2,15429
9,1,15430
-3,3,15433
8,2,15435
8,2,15437
6,4,15441
9,1,15442
8,2,15444
8,2,15446
9,1,15447
8,2,15449
9,1,15450
8,2,15452
-1,1,15453
5,5,15458
-1,1,15459
9,1,15460
9,1,15461
9,1,15462
9,1,15463
-2,12,15475
9,1,15476
9,1,15477
9,1,15478
9,1,15479
7,3,15482
9,1,15483
9,1,15484
9,1,15485
9,1,15486
-1,1,15487
8,2,15489
7,3,15492
9,1,15493
9,1,15494
9,1,15495
-1,1,15496
8,2,15498
8,2,15500
-1,11,15511
9,1,15512
8,2,15514
9,1,15515
8,2,15517
9,1,15518
9,1,15519
8,2,15521
8,2,15523
7,3,15526
8,2,15528
-2,2,15530
8,2,15532
7,3,15535
8,2,15537
8,2,15539
6,4,15543
9,1,15544
9,1,15545
-2,12,15557
8,2,15559
8,2,15561
8,2,15563
9,1,15564
9,1,15565
8,2,15567
9,1,15568
9,1,15569
8,2,15571
9,1,15572
9,1,15573
9,1,15574
9,1,15575
9,1,15576
8,2,15578
8,2,15580
8,2,15582
8,2,15584
7,3,15587
6,4,15591
-3,3,15594
9,1,15595
6,4,15599
9,1,15600
9,1,15601
9,1,15602
-4,4,15606
8,2,15608
9,1,15609
3,7,15616
9,1,15617
9,1,15618
4,6,15624
-4,4,15628
8,2,15630
9,1,15631
9,1,15632
9,1,15633
9,1,15634
9,1,15635
9,1,15636
9,1,15637
9,1,15638
7,3,15641
9,1,15642
9,1,15643
9,1,15644
5,5,15649
9,1,15650
9,1,15651
7,3,15654
9,1,15655
9,1,15656
8,2,15658
6,4,15662
7,3,15665
6,4,15669
8,2,15671
8,2,15673
8,2,15675
9,1,15676
7,3,15679
8,2,15681
8,2,15683
5,5,15688
7,3,15691
9,1,15692
7,3,15695
9,1,15696
9,1,15697
8,2,15699
-1,1,15700
8,2,15702
9,1,15703
8,2,15705
8,2,15707
8,2,15709
9,1,15710
8,2,15712
8,2,15714
9,1,15715
8,2,15717
9,1,15718
9,1,15719
9,1,15720
8,2,15722
8,2,15724
-1,1,15725
-2,2,15727
8,2,15729
9,1,15730
-1,1,15731
-2,2,15733
9,1,15734
9,1,15735
9,1,15736
-7,7,15743
8,2,15745
-1,1,15746
-1,1,15747
7,3,15750
6,4,15754
7,3,15757
9,1,15758
7,3,15761
8,2,15763
-1,1,15764
9,1,15765
8,2,15767
9,1,15768
6,4,15772
-1,1,15773
9,1,15774
8,2,15776
9,1,15777
8,2,15779
8,2,15781
-1,1,15782
-2,2,15784
-1,1,15785
9,1,15786
7,3,15789
6,4,15793
-3,3,15796
9,1,15797
3,7,15804
2,8,15812
4,6,15818
8,2,15820
4,6,15826
9,1,15827
-3,3,15830
9,1,15831
8,2,15833
-1,1,15834
9,1,15835
-2,2,15837
9,1,15838
9,1,15839
-3,3,15842
6,4,15846
7,3,15849
-6,6,15855
-1,1,15856
9,1,15857
7,3,15860
9,1,15861
9,1,15862
8,2,15864
7,3,15867
8,2,15869
8,2,15871
7,3,15874
7,3,15877
8,2,15879
9,1,15880
8,2,15882
-3,3,15885
5,5,15890
8,2,15892
9,1,15893
9,1,15894
-1,1,15895
8,2,15897
9,1,15898
8,2,15900
7,3,15903
9,1,15904
9,1,15905
9,1,15906
-1,1,15907
8,2,15909
-1,1,15910
8,2,15912
9,1,15913
2,8,15921
9,1,15922
6,4,15926
9,1,15927
-1,1,15928
7,3,15931
9,1,15932
9,1,15933
9,1,15934
9,1,15935
9,1,15936
-3,3,15939
9,1,15940
9,1,15941
7,3,15944
-2,2,15946
8,2,15948
9,1,15949
9,1,15950
9,1,15951
9,1,15952
9,1,15953
9,1,15954
8,2,15956
9,1,15957
8,2,15959
1,9,15968
8,2,15970
8,2,15972
9,1,15973
9,1,15974
-1,11,15985
0,10,15995
9,1,15996
8,2,15998
7,3,16001
-1,1,16002
-4,4,16006
9,1,16007
8,2,16009
9,1,16010
2,8,16018
9,1,16019
9,1,16020
9,1,16021
9,1,16022
8,2,16024
9,1,16025
9,1,16026
7,3,16029
6,4,16033
4,6,16039
9,1,16040
8,2,16042
9,1,16043
8,2,16045
5,5,16050
8,2,16052
8,2,16054
8,2,16056
-1,1,16057
9,1,16058
6,4,16062
-1,1,16063
9,1,16064
9,1,16065
9,1,16066
9,1,16067
8,2,16069
2,8,16077
-6,16,16093
9,1,16094
9,1,16095
7,3,16098
8,2,16100
9,1,16101
8,2,16103
8,2,16105
0,10,16115
4,6,16121
7,3,16124
-6,6,16130
-3,3,16133
6,4,16137
9,1,16138
-3,13,16151
9,1,16152
9,1,16153
7,3,16156
9,1,16157
0,10,16167
9,1,16168
9,1,16169
8,2,16171
8,2,16173
8,2,16175
9,1,16176
8,2,16178
9,1,16179
7,3,16182
9,1,16183
7,3,16186
7,3,16189
9,1,16190
-8,18,16208
9,1,16209
0,10,16219
9,1,16220
5,5,16225
6,4,16229
8,2,16231
-1,1,16232
8,2,16234
8,2,16236
-7,7,16243
9,1,16244
9,1,16245
-2,2,16247
9,1,16248
9,1,16249
-13,13,16262
9,1,16263
9,1,16264
6,4,16268
8,2,16270
-1,1,16271
7,3,16274
7,3,16277
-2,2,16279
5,5,16284
8,2,16286
8,2,16288
9,1,16289
-1,1,16290
9,1,16291
8,2,16293
-2,2,16295
9,1,16296
8,2,16298
8,2,16300
8,2,16302
9,1,16303
9,1,16304
1,9,16313
-1,1,16314
9,1,16315
6,4,16319
7,3,16322
8,2,16324
8,2,16326
9,1,16327
-2,2,16329
9,1,16330
8,2,16332
-4,4,16336
8,2,16338
8,2,16340
9,1,16341
8,2,16343
7,3,16346
8,2,16348
8,2,16350
7,3,16353
-1,1,16354
-2,2,16356
8,2,16358
9,1,16359
7,3,16362
9,1,16363
9,1,16364
-1,1,16365
9,1,16366
8,2,16368
9,1,16369
8,2,16371
7,3,16374
-1,1,16375
9,1,16376
7,3,16379
9,1,16380
8,2,16382
9,1,16383
6,4,16387
7,3,16390
9,1,16391
8,2,16393
8,2,16395
8,2,16397
8,2,16399
9,1,16400
7,3,16403
8,2,16405
8,2,16407
8,2,16409
8,2,16411
8,2,16413
6,4,16417
8,2,16419
9,1,16420
8,2,16422
9,1,16423
9,1,16424
-2,2,16426
9,1,16427
-2,2,16429
9,1,16430
8,2,16432
-1,1,16433
9,1,16434
8,2,16436
8,2,16438
9,1,16439
-2,2,16441
9,1,16442
8,2,16444
8,2,16446
6,4,16450
9,1,16451
9,1,16452
9,1,16453
-4,4,16457
9,1,16458
9,1,16459
8,2,16461
6,4,16465
9,1,16466
9,1,16467
4,6,16473
9,1,16474
7,3,16477
8,2,16479
9,1,16480
9,1,16481
6,4,16485
8,2,16487
9,1,16488
9,1,16489
-3,3,16492
-1,1,16493
9,1,16494
3,7,16501
9,1,16502
9,1,16503
-1,11,16514
7,3,16517
9,1,16518
-1,11,16529
9,1,16530
9,1,16531
9,1,16532
9,1,16533
7,3,16536
9,1,16537
4,6,16543
-2,2,16545
9,1,16546
6,4,16550
-1,1,16551
8,2,16553
9,1,16554
8,2,16556
8,2,16558
9,1,16559
9,1,16560
9,1,16561
7,3,16564
4,6,16570
7,3,16573
8,2,16575
8,2,16577
9,1,16578
9,1,16579
9,1,16580
9,1,16581
9,1,16582
8,2,16584
8,2,16586
6,4,16590
9,1,16591
1,9,16600
8,2,16602
6,4,16606
9,1,16607
9,1,16608
7,3,16611
4,6,16617
9,1,16618
6,4,16622
9,1,16623
5,5,16628
9,1,16629
9,1,16630
7,3,16633
9,1,16634
-2,2,16636
9,1,16637
9,1,16638
3,7,16645
8,2,16647
-3,3,16650
8,2,16652
-1,1,16653
9,1,16654
9,1,16655
9,1,16656
-1,1,16657
9,1,16658
9,1,16659
8,2,16661
8,2,16663
6,4,16667
9,1,16668
8,2,16670
8,2,16672
9,1,16673
-20,20,16693
9,1,16694
-1,1,16695
9,1,16696
6,4,16700
6,4,16704
7,3,16707
6,4,16711
9,1,16712
9,1,16713
9,1,16714
9,1,16715
8,2,16717
9,1,16718
7,3,16721
7,3,16724
8,2,16726
8,2,16728
-1,1,16729
9,1,16730
6,4,16734
9,1,16735
9,1,16736
9,1,16737
8,2,16739
7,3,16742
-1,1,16743
8,2,16745
9,1,16746
9,1,16747
8,2,16749
9,1,16750
8,2,16752
-1,1,16753
9,1,16754
3,7,16761
9,1,16762
8,2,16764
9,1,16765
4,6,16771
7,3,16774
9,1,16775
-20,20,16795
9,1,16796
9,1,16797
8,2,16799
7,3,16802
7,3,16805
5,5,16810
8,2,16812
-3,3,16815
9,1,16816
-6,6,16822
9,1,16823
8,2,16825
9,1,16826
8,2,16828
4,6,16834
9,1,16835
8,2,16837
9,1,16838
-1,1,16839
7,3,16842
9,1,16843
8,2,16845
9,1,16846
9,1,16847
9,1,16848
8,2,16850
8,2,16852
5,5,16857
9,1,16858
0,10,16868
7,3,16871
-6,6,16877
9,1,16878
9,1,16879
9,1,16880
9,1,16881
9,1,16882
7,3,16885
-4,14,16899
7,3,16902
7,3,16905
9,1,16906
8,2,16908
4,6,16914
9,1,16915
8,2,16917
9,1,16918
9,1,16919
9,1,16920
8,2,16922
8,2,16924
8,2,16926
8,2,16928
9,1,16929
9,1,16930
3,7,16937
8,2,16939
8,2,16941
4,6,16947
9,1,16948
8,2,16950
-2,2,16952
9,1,16953
9,1,16954
9,1,16955
6,4,16959
7,3,16962
8,2,16964
9,1,16965
8,2,16967
9,1,16968
9,1,16969
9,1,16970
9,1,16971
9,1,16972
-3,3,16975
9,1,16976
8,2,16978
9,1,16979
7,3,16982
7,3,16985
8,2,16987
7,3,16990
7,3,16993
8,2,16995
7,3,16998
4,6,17004
9,1,17005
7,3,17008
9,1,17009
9,1,17010
9,1,17011
-3,3,17014
9,1,17015
8,2,17017
8,2,17019
-18,18,17037
8,2,17039
-8,8,17047
2,8,17055
6,4,17059
9,1,17060
6,4,17064
9,1,17065
8,2,17067
9,1,17068
9,1,17069
9,1,17070
9,1,17071
9,1,17072
9,1,17073
9,1,17074
8,2,17076
9,1,17077
-4,4,17081
9,1,17082
8,2,17084
9,1,17085
8,2,17087
-4,4,17091
7,3,17094
8,2,17096
7,3,17099
8,2,17101
9,1,17102
-1,1,17103
-2,2,17105
9,1,17106
9,1,17107
8,2,17109
9,1,17110
-1,1,17111
9,1,17112
7,3,17115
9,1,17116
9,1,17117
8,2,17119
8,2,17121
8,2,17123
9,1,17124
9,1,17125
8,2,17127
7,3,17130
8,2,17132
9,1,17133
9,1,17134
6,4,17138
9,1,17139
7,3,17142
9,1,17143
9,1,17144
7,3,17147
8,2,17149
6,4,17153
9,1,17154
9,1,17155
9,1,17156
9,1,17157
9,1,17158
7,3,17161
9,1,17162
9,1,17163
9,1,17164
9,1,17165
9,1,17166
8,2,17168
9,1,17169
7,3,17172
-3,3,17175
9,1,17176
8,2,17178
8,2,17180
9,1,17181
9,1,17182
8,2,17184
8,2,17186
-1,1,17187
9,1,17188
6,4,17192
9,1,17193
8,2,17195
-1,1,17196
-2,12,17208
-5,5,17213
7,3,17216
9,1,17217
9,1,17218
8,2,17220
9,1,17221
9,1,17222
9,1,17223
7,3,17226
8,2,17228
8,2,17230
-11,11,17241
9,1,17242
4,6,17248
9,1,17249
9,1,17250
8,2,17252
-1,1,17253
9,1,17254
9,1,17255
9,1,17256
9,1,17257
8,2,17259
7,3,17262
9,1,17263
7,3,17266
-3,3,17269
8,2,17271
9,1,17272
9,1,17273
7,3,17276
8,2,17278
9,1,17279
7,3,17282
7,3,17285
7,3,17288
7,3,17291
9,1,17292
8,2,17294
9,1,17295
9,1,17296
7,3,17299
-2,2,17301
9,1,17302
9,1,17303
9,1,17304
6,4,17308
8,2,17310
9,1,17311
1,9,17320
9,1,17321
9,1,17322
9,1,17323
-2,2,17325
9,1,17326
5,5,17331
9,1,17332
-2,2,17334
8,2,17336
6,4,17340
8,2,17342
7,3,17345
9,1,17346
-1,1,17347
9,1,17348
8,2,17350
8,2,17352
6,4,17356
9,1,17357
8,2,17359
9,1,17360
-4,14,17374
9,1,17375
9,1,17376
9,1,17377
4,6,17383
9,1,17384
7,3,17387
9,1,17388
7,3,17391
8,2,17393
8,2,17395
-2,2,17397
7,3,17400
-1,1,17401
9,1,17402
4,6,17408
4,6,17414
8,2,17416
9,1,17417
0,10,17427
-1,1,17428
9,1,17429
9,1,17430
9,1,17431
9,1,17432
8,2,17434
9,1,17435
9,1,17436
-6,6,17442
7,3,17445
9,1,17446
7,3,17449
7,3,17452
9,1,17453
8,2,17455
8,2,17457
9,1,17458
8,2,17460
9,1,17461
8,2,17463
9,1,17464
9,1,17465
4,6,17471
6,4,17475
9,1,17476
6,4,17480
7,3,17483
9,1,17484
9,1,17485
8,2,17487
9,1,17488
-1,1,17489
6,4,17493
6,4,17497
7,3,17500
-2,2,17502
7,3,17505
9,1,17506
8,2,17508
8,2,17510
9,1,17511
8,2,17513
9,1,17514
8,2,17516
-5,15,17531
-1,1,17532
4,6,17538
8,2,17540
6,4,17544
9,1,17545
9,1,17546
9,1,17547
9,1,17548
9,1,17549
-3,3,17552
9,1,17553
7,3,17556
9,1,17557
9,1,17558
9,1,17559
8,2,17561
8,2,17563
9,1,17564
7,3,17567
7,3,17570
-1,1,17571
7,3,17574
-1,1,17575
8,2,17577
9,1,17578
9,1,17579
-1,1,17580
2,8,17588
9,1,17589
9,1,17590
7,3,17593
9,1,17594
7,3,17597
8,2,17599
-1,1,17600
9,1,17601
8,2,17603
9,1,17604
9,1,17605
6,4,17609
8,2,17611
9,1,17612
9,1,17613
9,1,17614
-3,3,17617
9,1,17618
8,2,17620
9,1,17621
-1,1,17622
9,1,17623
9,1,17624
9,1,17625
8,2,17627
9,1,17628
9,1,17629
9,1,17630
7,3,17633
7,3,17636
9,1,17637
9,1,17638
4,6,17644
9,1,17645
9,1,17646
9,1,17647
-3,3,17650
9,1,17651
5,5,17656
7,3,17659
8,2,17661
9,1,17662
9,1,17663
8,2,17665
7,3,17668
9,1,17669
-7,17,17686
7,3,17689
9,1,17690
9,1,17691
8,2,17693
-1,1,17694
9,1,17695
8,2,17697
9,1,17698
-1,1,17699
-1,11,17710
-2,2,17712
9,1,17713
8,2,17715
9,1,17716
9,1,17717
8,2,17719
7,3,17722
9,1,17723
9,1,17724
8,2,17726
-2,2,17728
-2,2,17730
9,1,17731
9,1,17732
4,6,17738
7,3,17741
9,1,17742
7,3,17745
9,1,17746
8,2,17748
9,1,17749
0,10,17759
9,1,17760
7,3,17763
5,5,17768
9,1,17769
9,1,17770
7,3,17773
7,3,17776
9,1,17777
-1,1,17778
9,1,17779
-20,20,17799
9,1,17800
8,2,17802
8,2,17804
9,1,17805
9,1,17806
9,1,17807
9,1,17808
9,1,17809
9,1,17810
8,2,17812
8,2,17814
-6,16,17830
9,1,17831
8,2,17833
3,7,17840
8,2,17842
1,9,17851
6,4,17855
9,1,17856
5,5,17861
7,3,17864
9,1,17865
-1,1,17866
8,2,17868
9,1,17869
1,9,17878
6,4,17882
9,1,17883
9,1,17884
9,1,17885
9,1,17886
9,1,17887
-1,1,17888
7,3,17891
9,1,17892
7,3,17895
-2,2,17897
7,3,17900
9,1,17901
8,2,17903
9,1,17904
7,3,17907
9,1,17908
8,2,17910
9,1,17911
6,4,17915
8,2,17917
9,1,17918
7,3,17921
8,2,17923
9,1,17924
9,1,17925
9,1,17926
9,1,17927
9,1,17928
8,2,17930
8,2,17932
9,1,17933
9,1,17934
8,2,17936
6,4,17940
8,2,17942
8,2,17944
-20,20,17964
3,7,17971
9,1,17972
9,1,17973
-2,2,17975
9,1,17976
8,2,17978
7,3,17981
8,2,17983
-10,10,17993
9,1,17994
9,1,17995
7,3,17998
5,5,18003
7,3,18006
9,1,18007
-1,1,18008
9,1,18009
9,1,18010
8,2,18012
8,2,18014
6,4,18018
9,1,18019
9,1,18020
9,1,18021
6,4,18025
7,3,18028
9,1,18029
7,3,18032
9,1,18033
7,3,18036
6,4,18040
9,1,18041
8,2,18043
9,1,18044
6,4,18048
8,2,18050
7,3,18053
6,4,18057
9,1,18058
-9,19,18077
9,1,18078
-1,1,18079
-2,2,18081
6,4,18085
8,2,18087
7,3,18090
9,1,18091
9,1,18092
7,3,18095
9,1,18096
9,1,18097
8,2,18099
7,3,18102
9,1,18103
9,1,18104
9,1,18105
8,2,18107
7,3,18110
8,2,18112
7,3,18115
9,1,18116
9,1,18117
9,1,18118
-1,1,18119
9,1,18120
9,1,18121
-2,2,18123
-1,1,18124
9,1,18125
6,4,18129
8,2,18131
9,1,18132
9,1,18133
9,1,18134
8,2,18136
-1,11,18147
8,2,18149
-1,11,18160
9,1,18161
8,2,18163
2,8,18171
7,3,18174
8,2,18176
9,1,18177
-2,2,18179
8,2,18181
9,1,18182
8,2,18184
-2,2,18186
8,2,18188
8,2,18190
8,2,18192
8,2,18194
9,1,18195
7,3,18198
9,1,18199
7,3,18202
9,1,18203
9,1,18204
8,2,18206
-1,1,18207
9,1,18208
-1,1,18209
8,2,18211
6,4,18215
2,8,18223
8,2,18225
8,2,18227
7,3,18230
9,1,18231
9,1,18232
9,1,18233
8,2,18235
9,1,18236
7,3,18239
9,1,18240
9,1,18241
5,5,18246
-4,4,18250
8,2,18252
9,1,18253
7,3,18256
9,1,18257
6,4,18261
8,2,18263
8,2,18265
9,1,18266
9,1,18267
9,1,18268
9,1,18269
8,2,18271
-1,1,18272
8,2,18274
-8,18,18292
4,6,18298
8,2,18300
-3,13,18313
7,3,18316
7,3,18319
9,1,18320
-2,2,18322
9,1,18323
8,2,18325
9,1,18326
8,2,18328
9,1,18329
6,4,18333
9,1,18334
8,2,18336
8,2,18338
5,5,18343
-9,19,18362
-1,1,18363
9,1,18364
6,4,18368
9,1,18369
6,4,18373
9,1,18374
-1,1,18375
9,1,18376
7,3,18379
9,1,18380
9,1,18381
6,4,18385
9,1,18386
6,4,18390
9,1,18391
9,1,18392
9,1,18393
7,3,18396
9,1,18397
-1,1,18398
8,2,18400
9,1,18401
-4,4,18405
-3,3,18408
9,1,18409
6,4,18413
8,2,18415
-1,1,18416
9,1,18417
9,1,18418
9,1,18419
-1,1,18420
8,2,18422
7,3,18425
5,5,18430
8,2,18432
9,1,18433
7,3,18436
8,2,18438
7,3,18441
-5,5,18446
9,1,18447
9,1,18448
9,1,18449
7,3,18452
9,1,18453
8,2,18455
8,2,18457
9,1,18458
9,1,18459
7,3,18462
8,2,18464
8,2,18466
8,2,18468
5,5,18473
8,2,18475
6,4,18479
9,1,18480
8,2,18482
7,3,18485
8,2,18487
9,1,18488
9,1,18489
8,2,18491
9,1,18492
9,1,18493
9,1,18494
9,1,18495
9,1,18496
9,1,18497
4,6,18503
9,1,18504
5,5,18509
9,1,18510
-20,20,18530
-1,1,18531
9,1,18532
8,2,18534
8,2,18536
9,1,18537
-2,2,18539
9,1,18540
4,6,18546
9,1,18547
8,2,18549
8,2,18551
9,1,18552
3,7,18559
7,3,18562
8,2,18564
9,1,18565
7,3,18568
9,1,18569
8,2,18571
7,3,18574
8,2,18576
5,5,18581
7,3,18584
9,1,18585
9,1,18586
8,2,18588
5,5,18593
8,2,18595
9,1,18596
9,1,18597
7,3,18600
9,1,18601
-1,1,18602
9,1,18603
4,6,18609
7,3,18612
6,4,18616
8,2,18618
8,2,18620
9,1,18621
-3,3,18624
4,6,18630
-5,5,18635
8,2,18637
9,1,18638
9,1,18639
9,1,18640
0,10,18650
9,1,18651
9,1,18652
8,2,18654
9,1,18655
8,2,18657
7,3,18660
9,1,18661
9,1,18662
9,1,18663
8,2,18665
6,4,18669
9,1,18670
9,1,18671
9,1,18672
9,1,18673
9,1,18674
9,1,18675
8,2,18677
9,1,18678
8,2,18680
9,1,18681
7,3,18684
9,1,18685
4,6,18691
8,2,18693
6,4,18697
5,5,18702
9,1,18703
6,4,18707
8,2,18709
6,4,18713
4,6,18719
-1,1,18720
6,4,18724
8,2,18726
8,2,18728
9,1,18729
8,2,18731
9,1,18732
8,2,18734
9,1,18735
-2,2,18737
9,1,18738
0,10,18748
8,2,18750
7,3,18753
8,2,18755
8,2,18757
6,4,18761
6,4,18765
6,4,18769
-1,11,18780
9,1,18781
9,1,18782
9,1,18783
7,3,18786
9,1,18787
9,1,18788
7,3,18791
9,1,18792
9,1,18793
9,1,18794
9,1,18795
9,1,18796
8,2,18798
3,7,18805
4,6,18811
9,1,18812
9,1,18813
5,5,18818
9,1,18819
7,3,18822
9,1,18823
9,1,18824
6,4,18828
9,1,18829
2,8,18837
8,2,18839
-3,3,18842
5,5,18847
9,1,18848
9,1,18849
-3,3,18852
5,5,18857
6,4,18861
8,2,18863
9,1,18864
-6,6,18870
6,4,18874
9,1,18875
9,1,18876
6,4,18880
8,2,18882
7,3,18885
6,4,18889
-1,1,18890
9,1,18891
6,4,18895
9,1,18896
7,3,18899
7,3,18902
8,2,18904
3,7,18911
6,4,18915
-1,1,18916
8,2,18918
8,2,18920
9,1,18921
8,2,18923
9,1,18924
8,2,18926
7,3,18929
9,1,18930
8,2,18932
6,4,18936
8,2,18938
-1,1,18939
8,2,18941
9,1,18942
7,3,18945
-20,20,18965
9,1,18966
-8,8,18974
7,3,18977
9,1,18978
-2,12,18990
6,4,18994
7,3,18997
9,1,18998
7,3,19001
6,4,19005
9,1,19006
9,1,19007
6,4,19011
-3,3,19014
5,5,19019
1,9,19028
9,1,19029
9,1,19030
9,1,19031
8,2,19033
-1,1,19034
9,1,19035
7,3,19038
5,5,19043
5,5,19048
5,5,19053
8,2,19055
9,1,19056
9,1,19057
9,1,19058
-8,8,19066
-2,2,19068
9,1,19069
8,2,19071
2,8,19079
9,1,19080
8,2,19082
9,1,19083
9,1,19084
6,4,19088
8,2,19090
8,2,19092
-2,2,19094
7,3,19097
7,3,19100
9,1,19101
8,2,19103
-1,1,19104
5,5,19109
9,1,19110
9,1,19111
9,1,19112
-3,13,19125
9,1,19126
6,4,19130
8,2,19132
9,1,19133
8,2,19135
-1,1,19136
-5,5,19141
0,10,19151
9,1,19152
-5,15,19167
9,1,19168
6,4,19172
8,2,19174
9,1,19175
-2,2,19177
5,5,19182
9,1,19183
9,1,19184
9,1,19185
5,5,19190
9,1,19191
-1,11,19202
9,1,19203
8,2,19205
-2,2,19207
6,4,19211
9,1,19212
7,3,19215
9,1,19216
9,1,19217
8,2,19219
9,1,19220
0,10,19230
7,3,19233
8,2,19235
8,2,19237
8,2,19239
9,1,19240
9,1,19241
7,3,19244
-1,1,19245
9,1,19246
9,1,19247
5,5,19252
8,2,19254
9,1,19255
9,1,19256
9,1,19257
9,1,19258
9,1,19259
8,2,19261
8,2,19263
8,2,19265
8,2,19267
6,4,19271
8,2,19273
8,2,19275
9,1,19276
1,9,19285
4,6,19291
8,2,19293
5,5,19298
9,1,19299
9,1,19300
2,8,19308
9,1,19309
7,3,19312
8,2,19314
8,2,19316
8,2,19318
9,1,19319
9,1,19320
9,1,19321
8,2,19323
9,1,19324
6,4,19328
9,1,19329
-1,1,19330
5,5,19335
7,3,19338
9,1,19339
9,1,19340
6,4,19344
7,3,19347
8,2,19349
9,1,19350
-3,13,19363
9,1,19364
8,2,19366
-4,4,19370
0,10,19380
9,1,19381
8,2,19383
3,7,19390
9,1,19391
9,1,19392
8,2,19394
8,2,19396
9,1,19397
9,1,19398
9,1,19399
9,1,19400
7,3,19403
9,1,19404
-1,1,19405
8,2,19407
9,1,19408
8,2,19410
9,1,19411
9,1,19412
6,4,19416
9,1,19417
7,3,19420
8,2,19422
9,1,19423
-1,1,19424
9,1,19425
8,2,19427
7,3,19430
9,1,19431
9,1,19432
8,2,19434
8,2,19436
-5,5,19441
7,3,19444
5,5,19449
8,2,19451
6,4,19455
9,1,19456
8,2,19458
9,1,19459
7,3,19462
8,2,19464
7,3,19467
8,2,19469
9,1,19470
8,2,19472
7,3,19475
1,9,19484
8,2,19486
7,3,19489
6,4,19493
9,1,19494
9,1,19495
8,2,19497
6,4,19501
6,4,19505
8,2,19507
8,2,19509
8,2,19511
8,2,19513
8,2,19515
9,1,19516
9,1,19517
8,2,19519
9,1,19520
7,3,19523
8,2,19525
9,1,19526
9,1,19527
7,3,19530
8,2,19532
7,3,19535
9,1,19536
-2,2,19538
9,1,19539
7,3,19542
3,7,19549
8,2,19551
9,1,19552
9,1,19553
9,1,19554
0,10,19564
6,4,19568
8,2,19570
9,1,19571
8,2,19573
8,2,19575
-1,1,19576
7,3,19579
7,3,19582
9,1,19583
5,5,19588
8,2,19590
9,1,19591
9,1,19592
9,1,19593
-1,1,19594
8,2,19596
8,2,19598
2,8,19606
8,2,19608
8,2,19610
7,3,19613
7,3,19616
9,1,19617
9,1,19618
7,3,19621
9,1,19622
7,3,19625
8,2,19627
9,1,19628
7,3,19631
7,3,19634
8,2,19636
9,1,19637
9,1,19638
9,1,19639
8,2,19641
8,2,19643
9,1,19644
8,2,19646
6,4,19650
5,5,19655
9,1,19656
8,2,19658
9,1,19659
8,2,19661
8,2,19663
9,1,19664
9,1,19665
9,1,19666
0,10,19676
9,1,19677
9,1,19678
9,1,19679
6,4,19683
9,1,19684
9,1,19685
7,3,19688
6,4,19692
7,3,19695
7,3,19698
3,7,19705
7,3,19708
9,1,19709
9,1,19710
9,1,19711
9,1,19712
9,1,19713
9,1,19714
8,2,19716
-7,17,19733
9,1,19734
8,2,19736
7,3,19739
6,4,19743
-3,3,19746
9,1,19747
7,3,19750
9,1,19751
7,3,19754
9,1,19755
9,1,19756
8,2,19758
9,1,19759
9,1,19760
7,3,19763
9,1,19764
3,7,19771
9,1,19772
6,4,19776
8,2,19778
8,2,19780
6,4,19784
6,4,19788
-14,14,19802
4,6,19808
9,1,19809
8,2,19811
9,1,19812
5,5,19817
8,2,19819
5,5,19824
0,10,19834
9,1,19835
4,6,19841
7,3,19844
-10,10,19854
-1,1,19855
9,1,19856
9,1,19857
9,1,19858
9,1,19859
9,1,19860
9,1,19861
9,1,19862
-7,17,19879
8,2,19881
7,3,19884
9,1,19885
8,2,19887
7,3,19890
7,3,19893
5,5,19898
9,1,19899
8,2,19901
8,2,19903
-2,2,19905
-1,1,19906
8,2,19908
8,2,19910
8,2,19912
8,2,19914
9,1,19915
8,2,19917
7,3,19920
7,3,19923
6,4,19927
7,3,19930
6,4,19934
-1,1,19935
6,4,19939
9,1,19940
9,1,19941
9,1,19942
7,3,19945
9,1,19946
1,9,19955
8,2,19957
-3,3,19960
7,3,19963
8,2,19965
8,2,19967
7,3,19970
6,4,19974
7,3,19977
7,3,19980
7,3,19983
9,1,19984
9,1,19985
9,1,19986
6,4,19990
9,1,19991
-1,1,19992
6,4,19996
9,1,19997
7,3,20000
8,2,20002
8,2,20004
9,1,20005
6,4,20009
9,1,20010
-3,3,20013
9,1,20014
9,1,20015
9,1,20016
8,2,20018
5,5,20023
8,2,20025
8,2,20027
6,4,20031
-4,4,20035
8,2,20037
4,6,20043
6,4,20047
8,2,20049
9,1,20050
9,1,20051
9,1,20052
7,3,20055
9,1,20056
9,1,20057
7,3,20060
9,1,20061
9,1,20062
6,4,20066
9,1,20067
9,1,20068
9,1,20069
9,1,20070
-5,5,20075
9,1,20076
9,1,20077
9,1,20078
-4,4,20082
-3,3,20085
6,4,20089
8,2,20091
5,5,20096
6,4,20100
9,1,20101
3,7,20108
-1,1,20109
-4,4,20113
9,1,20114
9,1,20115
8,2,20117
5,5,20122
-3,13,20135
8,2,20137
0,10,20147
9,1,20148
7,3,20151
7,3,20154
9,1,20155
9,1,20156
-2,2,20158
8,2,20160
7,3,20163
5,5,20168
9,1,20169
7,3,20172
9,1,20173
6,4,20177
8,2,20179
7,3,20182
9,1,20183
9,1,20184
8,2,20186
9,1,20187
9,1,20188
7,3,20191
8,2,20193
-1,1,20194
-1,1,20195
9,1,20196
-20,20,20216
8,2,20218
8,2,20220
9,1,20221
8,2,20223
9,1,20224
8,2,20226
8,2,20228
9,1,20229
7,3,20232
8,2,20234
6,4,20238
9,1,20239
6,4,20243
6,4,20247
9,1,20248
9,1,20249
9,1,20250
8,2,20252
8,2,20254
5,5,20259
9,1,20260
7,3,20263
9,1,20264
8,2,20266
7,3,20269
9,1,20270
9,1,20271
9,1,20272
9,1,20273
3,7,20280
8,2,20282
9,1,20283
-2,2,20285
9,1,20286
7,3,20289
8,2,20291
7,3,20294
6,4,20298
8,2,20300
7,3,20303
1,9,20312
9,1,20313
9,1,20314
8,2,20316
6,4,20320
9,1,20321
9,1,20322
9,1,20323
9,1,20324
7,3,20327
9,1,20328
8,2,20330
8,2,20332
3,7,20339
9,1,20340
8,2,20342
8,2,20344
9,1,20345
8,2,20347
7,3,20350
9,1,20351
8,2,20353
7,3,20356
6,4,20360
8,2,20362
9,1,20363
8,2,20365
-1,1,20366
7,3,20369
9,1,20370
7,3,20373
8,2,20375
9,1,20376
9,1,20377
9,1,20378
8,2,20380
8,2,20382
8,2,20384
9,1,20385
7,3,20388
9,1,20389
9,1,20390
5,5,20395
7,3,20398
7,3,20401
4,6,20407
8,2,20409
7,3,20412
8,2,20414
8,2,20416
9,1,20417
6,4,20421
5,5,20426
9,1,20427
6,4,20431
8,2,20433
8,2,20435
5,5,20440
3,7,20447
7,3,20450
6,4,20454
8,2,20456
9,1,20457
9,1,20458
8,2,20460
-2,2,20462
7,3,20465
4,6,20471
8,2,20473
9,1,20474
6,4,20478
9,1,20479
9,1,20480
7,3,20483
-2,2,20485
8,2,20487
9,1,20488
8,2,20490
9,1,20491
8,2,20493
8,2,20495
-1,11,20506
5,5,20511
8,2,20513
9,1,20514
8,2,20516
-4,4,20520
8,2,20522
9,1,20523
8,2,20525
8,2,20527
-2,2,20529
9,1,20530
9,1,20531
9,1,20532
6,4,20536
8,2,20538
9,1,20539
9,1,20540
7,3,20543
8,2,20545
9,1,20546
-11,11,20557
4,6,20563
9,1,20564
-4,4,20568
9,1,20569
8,2,20571
-3,3,20574
9,1,20575
7,3,20578
9,1,20579
8,2,20581
9,1,20582
9,1,20583
9,1,20584
9,1,20585
9,1,20586
-1,1,20587
4,6,20593
9,1,20594
6,4,20598
8,2,20600
-2,2,20602
5,5,20607
2,8,20615
9,1,20616
8,2,20618
7,3,20621
9,1,20622
-1,1,20623
9,1,20624
8,2,20626
9,1,20627
9,1,20628
8,2,20630
8,2,20632
-2,2,20634
9,1,20635
8,2,20637
3,7,20644
8,2,20646
7,3,20649
9,1,20650
9,1,20651
9,1,20652
9,1,20653
8,2,20655
9,1,20656
8,2,20658
5,5,20663
8,2,20665
9,1,20666
8,2,20668
8,2,20670
8,2,20672
9,1,20673
6,4,20677
4,6,20683
-4,4,20687
8,2,20689
9,1,20690
7,3,20693
8,2,20695
9,1,20696
9,1,20697
-2,2,20699
9,1,20700
7,3,20703
6,4,20707
8,2,20709
9,1,20710
8,2,20712
-3,3,20715
7,3,20718
7,3,20721
8,2,20723
7,3,20726
3,7,20733
9,1,20734
8,2,20736
5,5,20741
9,1,20742
8,2,20744
8,2,20746
8,2,20748
-3,3,20751
9,1,20752
9,1,20753
9,1,20754
8,2,20756
4,6,20762
7,3,20765
7,3,20768
7,3,20771
8,2,20773
9,1,20774
7,3,20777
8,2,20779
-9,9,20788
-14,14,20802
8,2,20804
6,4,20808
8,2,20810
8,2,20812
8,2,20814
5,5,20819
8,2,20821
9,1,20822
4,6,20828
9,1,20829
7,3,20832
6,4,20836
7,3,20839
7,3,20842
9,1,20843
9,1,20844
8,2,20846
8,2,20848
8,2,20850
-2,2,20852
9,1,20853
9,1,20854
8,2,20856
9,1,20857
8,2,20859
6,4,20863
9,1,20864
-3,3,20867
6,4,20871
7,3,20874
-2,2,20876
8,2,20878
9,1,20879
9,1,20880
9,1,20881
7,3,20884
9,1,20885
8,2,20887
7,3,20890
7,3,20893
8,2,20895
9,1,20896
9,1,20897
8,2,20899
9,1,20900
9,1,20901
8,2,20903
9,1,20904
9,1,20905
7,3,20908
9,1,20909
9,1,20910
8,2,20912
9,1,20913
8,2,20915
7,3,20918
9,1,20919
8,2,20921
8,2,20923
7,3,20926
5,5,20931
5,5,20936
8,2,20938
6,4,20942
5,5,20947
8,2,20949
8,2,20951
7,3,20954
3,7,20961
9,1,20962
7,3,20965
0,10,20975
9,1,20976
9,1,20977
4,6,20983
9,1,20984
-4,4,20988
-7,7,20995
7,3,20998
9,1,20999
-6,6,21005
9,1,21006
5,5,21011
7,3,21014
9,1,21015
3,7,21022
5,5,21027
6,4,21031
6,4,21035
9,1,21036
-1,1,21037
9,1,21038
-1,1,21039
-1,1,21040
6,4,21044
9,1,21045
7,3,21048
4,6,21054
-3,3,21057
8,2,21059
9,1,21060
6,4,21064
7,3,21067
-2,2,21069
8,2,21071
9,1,21072
9,1,21073
8,2,21075
6,4,21079
-1,1,21080
7,3,21083
9,1,21084
7,3,21087
9,1,21088
-9,9,21097
5,5,21102
8,2,21104
9,1,21105
-7,17,21122
9,1,21123
-5,5,21128
7,3,21131
9,1,21132
8,2,21134
7,3,21137
9,1,21138
8,2,21140
9,1,21141
7,3,21144
8,2,21146
8,2,21148
8,2,21150
8,2,21152
9,1,21153
9,1,21154
9,1,21155
9,1,21156
9,1,21157
5,5,21162
8,2,21164
9,1,21165
9,1,21166
9,1,21167
9,1,21168
9,1,21169
9,1,21170
7,3,21173
8,2,21175
0,10,21185
9,1,21186
9,1,21187
8,2,21189
7,3,21192
9,1,21193
7,3,21196
5,5,21201
4,6,21207
9,1,21208
7,3,21211
8,2,21213
9,1,21214
9,1,21215
9,1,21216
9,1,21217
8,2,21219
8,2,21221
8,2,21223
9,1,21224
8,2,21226
9,1,21227
9,1,21228
8,2,21230
8,2,21232
-2,2,21234
5,5,21239
9,1,21240
8,2,21242
8,2,21244
9,1,21245
8,2,21247
7,3,21250
8,2,21252
6,4,21256
7,3,21259
9,1,21260
8,2,21262
9,1,21263
7,3,21266
8,2,21268
4,6,21274
9,1,21275
4,6,21281
-1,1,21282
9,1,21283
-2,2,21285
6,4,21289
9,1,21290
-3,3,21293
8,2,21295
7,3,21298
8,2,21300
8,2,21302
5,5,21307
9,1,21308
4,6,21314
8,2,21316
-2,2,21318
9,1,21319
4,6,21325
9,1,21326
9,1,21327
9,1,21328
9,1,21329
9,1,21330
7,3,21333
-1,1,21334
9,1,21335
9,1,21336
8,2,21338
6,4,21342
-1,1,21343
9,1,21344
6,4,21348
7,3,21351
9,1,21352
6,4,21356
5,5,21361
7,3,21364
8,2,21366
9,1,21367
9,1,21368
8,2,21370
8,2,21372
9,1,21373
5,5,21378
8,2,21380
9,1,21381
9,1,21382
-9,9,21391
9,1,21392
9,1,21393
7,3,21396
8,2,21398
-2,2,21400
6,4,21404
7,3,21407
9,1,21408
9,1,21409
-2,2,21411
9,1,21412
9,1,21413
8,2,21415
8,2,21417
9,1,21418
8,2,21420
7,3,21423
8,2,21425
6,4,21429
7,3,21432
-4,14,21446
7,3,21449
5,5,21454
9,1,21455
8,2,21457
8,2,21459
9,1,21460
9,1,21461
7,3,21464
9,1,21465
8,2,21467
8,2,21469
9,1,21470
-2,12,21482
9,1,21483
9,1,21484
8,2,21486
9,1,21487
9,1,21488
8,2,21490
9,1,21491
9,1,21492
-5,5,21497
8,2,21499
9,1,21500
9,1,21501
9,1,21502
9,1,21503
9,1,21504
-1,1,21505
9,1,21506
6,4,21510
8,2,21512
9,1,21513
5,5,21518
9,1,21519
8,2,21521
-2,2,21523
8,2,21525
6,4,21529
7,3,21532
8,2,21534
9,1,21535
6,4,21539
9,1,21540
8,2,21542
8,2,21544
-1,1,21545
9,1,21546
8,2,21548
9,1,21549
9,1,21550
7,3,21553
7,3,21556
7,3,21559
8,2,21561
8,2,21563
9,1,21564
8,2,21566
9,1,21567
9,1,21568
3,7,21575
8,2,21577
9,1,21578
9,1,21579
7,3,21582
9,1,21583
1,9,21592
9,1,21593
9,1,21594
9,1,21595
7,3,21598
7,3,21601
7,3,21604
6,4,21608
7,3,21611
5,5,21616
-2,2,21618
9,1,21619
5,5,21624
8,2,21626
8,2,21628
8,2,21630
-2,2,21632
9,1,21633
4,6,21639
7,3,21642
8,2,21644
8,2,21646
3,7,21653
-4,4,21657
6,4,21661
8,2,21663
9,1,21664
8,2,21666
8,2,21668
8,2,21670
8,2,21672
9,1,21673
9,1,21674
9,1,21675
8,2,21677
7,3,21680
9,1,21681
-1,1,21682
8,2,21684
7,3,21687
9,1,21688
9,1,21689
9,1,21690
8,2,21692
5,5,21697
7,3,21700
9,1,21701
8,2,21703
9,1,21704
8,2,21706
9,1,21707
6,4,21711
9,1,21712
7,3,21715
8,2,21717
-6,6,21723
6,4,21727
9,1,21728
9,1,21729
9,1,21730
9,1,21731
8,2,21733
9,1,21734
8,2,21736
8,2,21738
9,1,21739
-1,1,21740
-2,2,21742
9,1,21743
5,5,21748
-3,3,21751
8,2,21753
8,2,21755
8,2,21757
9,1,21758
6,4,21762
9,1,21763
9,1,21764
9,1,21765
9,1,21766
9,1,21767
9,1,21768
9,1,21769
8,2,21771
5,5,21776
9,1,21777
9,1,21778
-2,2,21780
9,1,21781
9,1,21782
9,1,21783
-13,13,21796
9,1,21797
8,2,21799
9,1,21800
8,2,21802
8,2,21804
8,2,21806
9,1,21807
8,2,21809
9,1,21810
5,5,21815
9,1,21816
7,3,21819
8,2,21821
8,2,21823
9,1,21824
9,1,21825
9,1,21826
7,3,21829
9,1,21830
7,3,21833
9,1,21834
6,4,21838
9,1,21839
9,1,21840
9,1,21841
8,2,21843
8,2,21845
6,4,21849
4,6,21855
9,1,21856
9,1,21857
9,1,21858
-5,5,21863
-1,1,21864
5,5,21869
8,2,21871
8,2,21873
9,1,21874
6,4,21878
9,1,21879
6,4,21883
8,2,21885
-5,5,21890
9,1,21891
6,4,21895
8,2,21897
8,2,21899
9,1,21900
6,4,21904
9,1,21905
8,2,21907
8,2,21909
9,1,21910
9,1,21911
9,1,21912
8,2,21914
8,2,21916
9,1,21917
8,2,21919
9,1,21920
-2,2,21922
9,1,21923
-6,16,21939
6,4,21943
9,1,21944
5,5,21949
9,1,21950
6,4,21954
7,3,21957
8,2,21959
8,2,21961
9,1,21962
8,2,21964
7,3,21967
7,3,21970
8,2,21972
8,2,21974
8,2,21976
9,1,21977
8,2,21979
9,1,21980
9,1,21981
7,3,21984
7,3,21987
9,1,21988
9,1,21989
8,2,21991
7,3,21994
9,1,21995
8,2,21997
8,2,21999
9,1,22000
8,2,22002
-2,2,22004
8,2,22006
8,2,22008
8,2,22010
9,1,22011
9,1,22012
8,2,22014
8,2,22016
-1,11,22027
9,1,22028
5,5,22033
8,2,22035
8,2,22037
9,1,22038
9,1,22039
8,2,22041
8,2,22043
8,2,22045
8,2,22047
9,1,22048
8,2,22050
9,1,22051
8,2,22053
6,4,22057
3,7,22064
9,1,22065
6,4,22069
9,1,22070
9,1,22071
7,3,22074
9,1,22075
9,1,22076
9,1,22077
9,1,22078
-2,2,22080
6,4,22084
9,1,22085
8,2,22087
7,3,22090
8,2,22092
7,3,22095
8,2,22097
9,1,22098
9,1,22099
8,2,22101
9,1,22102
6,4,22106
8,2,22108
9,1,22109
7,3,22112
9,1,22113
9,1,22114
9,1,22115
9,1,22116
8,2,22118
9,1,22119
6,4,22123
9,1,22124
7,3,22127
7,3,22130
6,4,22134
8,2,22136
5,5,22141
7,3,22144
9,1,22145
9,1,22146
9,1,22147
7,3,22150
8,2,22152
-2,2,22154
9,1,22155
8,2,22157
8,2,22159
9,1,22160
3,7,22167
9,1,22168
9,1,22169
7,3,22172
9,1,22173
9,1,22174
9,1,22175
9,1,22176
9,1,22177
9,1,22178
1,9,22187
9,1,22188
8,2,22190
7,3,22193
6,4,22197
7,3,22200
7,3,22203
7,3,22206
8,2,22208
9,1,22209
9,1,22210
7,3,22213
9,1,22214
8,2,22216
9,1,22217
-2,2,22219
9,1,22220
7,3,22223
8,2,22225
8,2,22227
-1,1,22228
-1,1,22229
8,2,22231
9,1,22232
7,3,22235
9,1,22236
3,7,22243
9,1,22244
5,5,22249
9,1,22250
7,3,22253
9,1,22254
7,3,22257
7,3,22260
9,1,22261
9,1,22262
-2,2,22264
8,2,22266
4,6,22272
8,2,22274
7,3,22277
8,2,22279
9,1,22280
9,1,22281
7,3,22284
9,1,22285
-1,11,22296
8,2,22298
-1,1,22299
6,4,22303
4,6,22309
9,1,22310
9,1,22311
9,1,22312
9,1,22313
9,1,22314
9,1,22315
9,1,22316
9,1,22317
9,1,22318
-1,1,22319
8,2,22321
7,3,22324
8,2,22326
8,2,22328
9,1,22329
8,2,22331
9,1,22332
1,9,22341
8,2,22343
9,1,22344
-3,3,22347
-7,7,22354
9,1,22355
9,1,22356
7,3,22359
-3,3,22362
8,2,22364
9,1,22365
7,3,22368
9,1,22369
9,1,22370
8,2,22372
8,2,22374
9,1,22375
9,1,22376
9,1,22377
-7,7,22384
9,1,22385
8,2,22387
5,5,22392
8,2,22394
8,2,22396
7,3,22399
9,1,22400
6,4,22404
9,1,22405
8,2,22407
8,2,22409
8,2,22411
9,1,22412
-1,1,22413
8,2,22415
7,3,22418
9,1,22419
8,2,22421
-1,1,22422
9,1,22423
5,5,22428
9,1,22429
7,3,22432
7,3,22435
7,3,22438
9,1,22439
7,3,22442
9,1,22443
9,1,22444
8,2,22446
8,2,22448
7,3,22451
9,1,22452
9,1,22453
-4,4,22457
9,1,22458
9,1,22459
7,3,22462
6,4,22466
9,1,22467
8,2,22469
3,7,22476
9,1,22477
-2,2,22479
0,10,22489
9,1,22490
8,2,22492
-1,1,22493
9,1,22494
9,1,22495
9,1,22496
9,1,22497
9,1,22498
1,9,22507
8,2,22509
8,2,22511
8,2,22513
9,1,22514
9,1,22515
-2,2,22517
9,1,22518
7,3,22521
7,3,22524
8,2,22526
9,1,22527
8,2,22529
9,1,22530
2,8,22538
5,5,22543
-2,2,22545
8,2,22547
9,1,22548
7,3,22551
9,1,22552
-1,1,22553
9,1,22554
9,1,22555
6,4,22559
5,5,22564
9,1,22565
7,3,22568
7,3,22571
9,1,22572
9,1,22573
9,1,22574
9,1,22575
4,6,22581
-1,1,22582
8,2,22584
6,4,22588
-1,1,22589
-2,2,22591
7,3,22594
8,2,22596
-1,1,22597
9,1,22598
8,2,22600
8,2,22602
8,2,22604
9,1,22605
8,2,22607
8,2,22609
6,4,22613
9,1,22614
1,9,22623
6,4,22627
6,4,22631
9,1,22632
9,1,22633
9,1,22634
9,1,22635
7,3,22638
8,2,22640
-1,1,22641
8,2,22643
9,1,22644
9,1,22645
9,1,22646
9,1,22647
9,1,22648
8,2,22650
9,1,22651
3,7,22658
8,2,22660
4,6,22666
9,1,22667
-2,2,22669
4,6,22675
9,1,22676
7,3,22679
8,2,22681
8,2,22683
6,4,22687
6,4,22691
5,5,22696
-1,11,22707
9,1,22708
8,2,22710
-8,8,22718
9,1,22719
-4,14,22733
8,2,22735
9,1,22736
5,5,22741
9,1,22742
8,2,22744
9,1,22745
9,1,22746
7,3,22749
9,1,22750
7,3,22753
8,2,22755
7,3,22758
9,1,22759
9,1,22760
8,2,22762
8,2,22764
6,4,22768
8,2,22770
9,1,22771
9,1,22772
9,1,22773
9,1,22774
9,1,22775
7,3,22778
9,1,22779
4,6,22785
8,2,22787
9,1,22788
5,5,22793
9,1,22794
9,1,22795
4,6,22801
9,1,22802
8,2,22804
8,2,22806
9,1,22807
9,1,22808
8,2,22810
8,2,22812
-2,2,22814
8,2,22816
9,1,22817
9,1,22818
8,2,22820
7,3,22823
8,2,22825
7,3,22828
9,1,22829
9,1,22830
9,1,22831
4,6,22837
9,1,22838
9,1,22839
8,2,22841
8,2,22843
8,2,22845
9,1,22846
9,1,22847
9,1,22848
9,1,22849
9,1,22850
8,2,22852
5,5,22857
8,2,22859
8,2,22861
8,2,22863
6,4,22867
9,1,22868
8,2,22870
9,1,22871
9,1,22872
7,3,22875
8,2,22877
9,1,22878
8,2,22880
8,2,22882
9,1,22883
7,3,22886
7,3,22889
7,3,22892
9,1,22893
-1,1,22894
-1,1,22895
9,1,22896
7,3,22899
7,3,22902
9,1,22903
7,3,22906
1,9,22915
8,2,22917
5,5,22922
9,1,22923
7,3,22926
7,3,22929
-2,2,22931
8,2,22933
8,2,22935
9,1,22936
8,2,22938
9,1,22939
6,4,22943
8,2,22945
9,1,22946
8,2,22948
8,2,22950
9,1,22951
2,8,22959
4,6,22965
8,2,22967
8,2,22969
9,1,22970
9,1,22971
9,1,22972
8,2,22974
9,1,22975
-4,4,22979
9,1,22980
9,1,22981
9,1,22982
7,3,22985
7,3,22988
5,5,22993
-3,3,22996
8,2,22998
7,3,23001
9,1,23002
9,1,23003
6,4,23007
8,2,23009
9,1,23010
9,1,23011
7,3,23014
9,1,23015
8,2,23017
9,1,23018
8,2,23020
7,3,23023
5,5,23028
4,6,23034
6,4,23038
9,1,23039
9,1,23040
-3,3,23043
9,1,23044
9,1,23045
8,2,23047
7,3,23050
8,2,23052
6,4,23056
9,1,23057
8,2,23059
9,1,23060
9,1,23061
9,1,23062
8,2,23064
8,2,23066
9,1,23067
9,1,23068
8,2,23070
7,3,23073
9,1,23074
7,3,23077
8,2,23079
-5,5,23084
7,3,23087
-1,1,23088
7,3,23091
9,1,23092
9,1,23093
6,4,23097
9,1,23098
8,2,23100
9,1,23101
9,1,23102
-1,1,23103
9,1,23104
0,10,23114
8,2,23116
9,1,23117
9,1,23118
8,2,23120
9,1,23121
7,3,23124
8,2,23126
6,4,23130
9,1,23131
8,2,23133
9,1,23134
9,1,23135
9,1,23136
4,6,23142
-2,2,23144
9,1,23145
8,2,23147
8,2,23149
7,3,23152
9,1,23153
9,1,23154
9,1,23155
8,2,23157
9,1,23158
9,1,23159
-3,3,23162
5,5,23167
8,2,23169
7,3,23172
8,2,23174
9,1,23175
8,2,23177
-4,14,23191
8,2,23193
6,4,23197
9,1,23198
7,3,23201
-2,2,23203
9,1,23204
9,1,23205
9,1,23206
9,1,23207
8,2,23209
8,2,23211
6,4,23215
8,2,23217
9,1,23218
9,1,23219
7,3,23222
8,2,23224
9,1,23225
9,1,23226
8,2,23228
-3,3,23231
8,2,23233
9,1,23234
6,4,23238
8,2,23240
9,1,23241
9,1,23242
9,1,23243
9,1,23244
6,4,23248
9,1,23249
9,1,23250
6,4,23254
8,2,23256
9,1,23257
-1,1,23258
8,2,23260
9,1,23261
8,2,23263
9,1,23264
9,1,23265
9,1,23266
8,2,23268
7,3,23271
8,2,23273
8,2,23275
8,2,23277
9,1,23278
7,3,23281
8,2,23283
9,1,23284
7,3,23287
-2,2,23289
8,2,23291
9,1,23292
6,4,23296
9,1,23297
3,7,23304
8,2,23306
8,2,23308
7,3,23311
9,1,23312
8,2,23314
-3,3,23317
8,2,23319
6,4,23323
7,3,23326
7,3,23329
8,2,23331
9,1,23332
8,2,23334
9,1,23335
7,3,23338
8,2,23340
7,3,23343
9,1,23344
-2,2,23346
7,3,23349
9,1,23350
9,1,23351
9,1,23352
9,1,23353
9,1,23354
9,1,23355
8,2,23357
9,1,23358
8,2,23360
9,1,23361
5,5,23366
5,5,23371
-1,1,23372
7,3,23375
9,1,23376
8,2,23378
7,3,23381
9,1,23382
7,3,23385
7,3,23388
3,7,23395
9,1,23396
6,4,23400
9,1,23401
8,2,23403
7,3,23406
9,1,23407
8,2,23409
9,1,23410
5,5,23415
-1,1,23416
7,3,23419
9,1,23420
9,1,23421
7,3,23424
5,5,23429
8,2,23431
6,4,23435
6,4,23439
5,5,23444
9,1,23445
9,1,23446
8,2,23448
-2,2,23450
8,2,23452
9,1,23453
9,1,23454
9,1,23455
9,1,23456
8,2,23458
9,1,23459
7,3,23462
7,3,23465
7,3,23468
5,5,23473
6,4,23477
8,2,23479
8,2,23481
9,1,23482
8,2,23484
7,3,23487
9,1,23488
7,3,23491
8,2,23493
-3,3,23496
7,3,23499
9,1,23500
8,2,23502
7,3,23505
-10,10,23515
9,1,23516
9,1,23517
9,1,23518
9,1,23519
6,4,23523
9,1,23524
9,1,23525
9,1,23526
9,1,23527
9,1,23528
8,2,23530
9,1,23531
9,1,23532
8,2,23534
8,2,23536
9,1,23537
9,1,23538
8,2,23540
6,4,23544
7,3,23547
9,1,23548
8,2,23550
8,2,23552
8,2,23554
-1,1,23555
8,2,23557
-7,7,23564
8,2,23566
8,2,23568
4,6,23574
9,1,23575
6,4,23579
8,2,23581
9,1,23582
9,1,23583
8,2,23585
7,3,23588
3,7,23595
8,2,23597
9,1,23598
7,3,23601
9,1,23602
9,1,23603
-8,8,23611
7,3,23614
8,2,23616
-1,11,23627
9,1,23628
8,2,23630
-3,3,23633
8,2,23635
8,2,23637
6,4,23641
9,1,23642
9,1,23643
-1,1,23644
8,2,23646
9,1,23647
-1,1,23648
6,4,23652
9,1,23653
7,3,23656
8,2,23658
8,2,23660
8,2,23662
9,1,23663
9,1,23664
9,1,23665
8,2,23667
7,3,23670
8,2,23672
9,1,23673
9,1,23674
9,1,23675
7,3,23678
-3,3,23681
6,4,23685
-5,5,23690
7,3,23693
4,6,23699
8,2,23701
9,1,23702
8,2,23704
8,2,23706
2,8,23714
-1,1,23715
8,2,23717
6,4,23721
9,1,23722
8,2,23724
8,2,23726
7,3,23729
9,1,23730
9,1,23731
9,1,23732
-3,13,23745
5,5,23750
4,6,23756
9,1,23757
9,1,23758
9,1,23759
8,2,23761
9,1,23762
7,3,23765
8,2,23767
8,2,23769
8,2,23771
7,3,23774
8,2,23776
8,2,23778
-2,2,23780
5,5,23785
8,2,23787
9,1,23788
-2,2,23790
7,3,23793
8,2,23795
7,3,23798
-3,13,23811
8,2,23813
5,5,23818
5,5,23823
5,5,23828
5,5,23833
-1,1,23834
7,3,23837
-3,3,23840
8,2,23842
-1,1,23843
9,1,23844
8,2,23846
9,1,23847
7,3,23850
9,1,23851
8,2,23853
9,1,23854
7,3,23857
8,2,23859
8,2,23861
2,8,23869
9,1,23870
9,1,23871
9,1,23872
7,3,23875
3,7,23882
8,2,23884
9,1,23885
-1,1,23886
-2,2,23888
7,3,23891
9,1,23892
9,1,23893
9,1,23894
5,5,23899
9,1,23900
8,2,23902
8,2,23904
8,2,23906
7,3,23909
7,3,23912
8,2,23914
9,1,23915
6,4,23919
9,1,23920
9,1,23921
7,3,23924
6,4,23928
8,2,23930
7,3,23933
9,1,23934
5,5,23939
8,2,23941
8,2,23943
8,2,23945
-1,1,23946
0,10,23956
6,4,23960
9,1,23961
9,1,23962
9,1,23963
9,1,23964
7,3,23967
8,2,23969
9,1,23970
-1,1,23971
-1,1,23972
9,1,23973
9,1,23974
6,4,23978
7,3,23981
9,1,23982
7,3,23985
9,1,23986
9,1,23987
8,2,23989
9,1,23990
7,3,23993
9,1,23994
8,2,23996
7,3,23999
5,5,24004
9,1,24005
7,3,24008
9,1,24009
9,1,24010
9,1,24011
7,3,24014
7,3,24017
7,3,24020
8,2,24022
9,1,24023
9,1,24024
9,1,24025
9,1,24026
8,2,24028
9,1,24029
9,1,24030
9,1,24031
-1,1,24032
-1,1,24033
8,2,24035
8,2,24037
9,1,24038
-1,1,24039
5,5,24044
9,1,24045
9,1,24046
8,2,24048
3,7,24055
9,1,24056
9,1,24057
9,1,24058
9,1,24059
8,2,24061
9,1,24062
9,1,24063
8,2,24065
8,2,24067
5,5,24072
-1,1,24073
9,1,24074
8,2,24076
7,3,24079
9,1,24080
9,1,24081
0,10,24091
0,10,24101
7,3,24104
3,7,24111
9,1,24112
9,1,24113
7,3,24116
-4,4,24120
2,8,24128
8,2,24130
8,2,24132
8,2,24134
6,4,24138
-1,1,24139
4,6,24145
9,1,24146
9,1,24147
8,2,24149
-1,1,24150
9,1,24151
8,2,24153
4,6,24159
6,4,24163
-2,2,24165
9,1,24166
-1,1,24167
8,2,24169
-4,4,24173
6,4,24177
-1,1,24178
8,2,24180
8,2,24182
9,1,24183
9,1,24184
8,2,24186
7,3,24189
9,1,24190
4,6,24196
9,1,24197
9,1,24198
8,2,24200
9,1,24201
9,1,24202
7,3,24205
9,1,24206
8,2,24208
9,1,24209
9,1,24210
-3,3,24213
8,2,24215
8,2,24217
9,1,24218
6,4,24222
9,1,24223
9,1,24224
8,2,24226
5,5,24231
9,1,24232
9,1,24233
9,1,24234
9,1,24235
9,1,24236
8,2,24238
9,1,24239
8,2,24241
8,2,24243
6,4,24247
8,2,24249
9,1,24250
8,2,24252
9,1,24253
9,1,24254
3,7,24261
8,2,24263
-1,1,24264
9,1,24265
8,2,24267
-4,4,24271
-8,8,24279
9,1,24280
8,2,24282
8,2,24284
8,2,24286
7,3,24289
7,3,24292
7,3,24295
9,1,24296
-1,1,24297
8,2,24299
-1,1,24300
9,1,24301
8,2,24303
7,3,24306
8,2,24308
7,3,24311
9,1,24312
8,2,24314
7,3,24317
8,2,24319
9,1,24320
9,1,24321
9,1,24322
8,2,24324
8,2,24326
5,5,24331
8,2,24333
9,1,24334
8,2,24336
9,1,24337
9,1,24338
8,2,24340
9,1,24341
9,1,24342
8,2,24344
9,1,24345
7,3,24348
6,4,24352
6,4,24356
8,2,24358
8,2,24360
7,3,24363
8,2,24365
9,1,24366
9,1,24367
9,1,24368
8,2,24370
7,3,24373
0,10,24383
7,3,24386
9,1,24387
7,3,24390
9,1,24391
8,2,24393
9,1,24394
7,3,24397
9,1,24398
8,2,24400
8,2,24402
6,4,24406
6,4,24410
7,3,24413
9,1,24414
9,1,24415
9,1,24416
8,2,24418
9,1,24419
9,1,24420
9,1,24421
-1,1,24422
9,1,24423
-1,1,24424
7,3,24427
9,1,24428
9,1,24429
3,7,24436
6,4,24440
4,6,24446
9,1,24447
7,3,24450
8,2,24452
9,1,24453
9,1,24454
7,3,24457
-1,1,24458
9,1,24459
9,1,24460
7,3,24463
9,1,24464
8,2,24466
9,1,24467
6,4,24471
9,1,24472
7,3,24475
9,1,24476
-4,4,24480
7,3,24483
9,1,24484
9,1,24485
-1,1,24486
5,5,24491
-16,16,24507
9,1,24508
-2,2,24510
7,3,24513
7,3,24516
8,2,24518
9,1,24519
9,1,24520
8,2,24522
8,2,24524
-3,3,24527
9,1,24528
5,5,24533
-1,1,24534
9,1,24535
9,1,24536
9,1,24537
8,2,24539
9,1,24540
9,1,24541
9,1,24542
9,1,24543
8,2,24545
9,1,24546
9,1,24547
8,2,24549
9,1,24550
9,1,24551
8,2,24553
-2,2,24555
9,1,24556
8,2,24558
9,1,24559
9,1,24560
9,1,24561
8,2,24563
9,1,24564
9,1,24565
9,1,24566
9,1,24567
9,1,24568
7,3,24571
9,1,24572
-1,1,24573
9,1,24574
6,4,24578
8,2,24580
9,1,24581
9,1,24582
9,1,24583
3,7,24590
9,1,24591
8,2,24593
7,3,24596
9,1,24597
9,1,24598
9,1,24599
8,2,24601
9,1,24602
9,1,24603
6,4,24607
9,1,24608
9,1,24609
9,1,24610
7,3,24613
7,3,24616
7,3,24619
9,1,24620
8,2,24622
2,8,24630
-5,5,24635
8,2,24637
9,1,24638
5,5,24643
8,2,24645
-1,1,24646
8,2,24648
9,1,24649
6,4,24653
8,2,24655
8,2,24657
9,1,24658
9,1,24659
5,5,24664
9,1,24665
-2,2,24667
9,1,24668
-2,2,24670
9,1,24671
9,1,24672
8,2,24674
8,2,24676
-6,6,24682
8,2,24684
7,3,24687
9,1,24688
2,8,24696
9,1,24697
8,2,24699
9,1,24700
5,5,24705
0,10,24715
8,2,24717
9,1,24718
6,4,24722
9,1,24723
9,1,24724
9,1,24725
9,1,24726
8,2,24728
9,1,24729
8,2,24731
9,1,24732
9,1,24733
8,2,24735
9,1,24736
9,1,24737
9,1,24738
-2,2,24740
9,1,24741
7,3,24744
9,1,24745
7,3,24748
7,3,24751
9,1,24752
9,1,24753
9,1,24754
8,2,24756
9,1,24757
9,1,24758
9,1,24759
-2,2,24761
8,2,24763
-2,2,24765
8,2,24767
9,1,24768
-1,1,24769
9,1,24770
5,5,24775
8,2,24777
8,2,24779
9,1,24780
9,1,24781
8,2,24783
9,1,24784
8,2,24786
6,4,24790
8,2,24792
9,1,24793
8,2,24795
9,1,24796
-2,2,24798
-2,2,24800
7,3,24803
-1,1,24804
7,3,24807
9,1,24808
7,3,24811
-3,3,24814
7,3,24817
9,1,24818
9,1,24819
8,2,24821
8,2,24823
6,4,24827
9,1,24828
9,1,24829
6,4,24833
7,3,24836
7,3,24839
9,1,24840
9,1,24841
7,3,24844
8,2,24846
-11,11,24857
8,2,24859
8,2,24861
7,3,24864
8,2,24866
8,2,24868
9,1,24869
8,2,24871
9,1,24872
9,1,24873
9,1,24874
9,1,24875
6,4,24879
9,1,24880
-8,8,24888
9,1,24889
-1,1,24890
8,2,24892
-2,2,24894
7,3,24897
9,1,24898
8,2,24900
6,4,24904
-3,3,24907
8,2,24909
8,2,24911
8,2,24913
9,1,24914
9,1,24915
9,1,24916
-2,2,24918
-1,1,24919
9,1,24920
9,1,24921
6,4,24925
8,2,24927
9,1,24928
9,1,24929
9,1,24930
9,1,24931
9,1,24932
9,1,24933
9,1,24934
5,5,24939
5,5,24944
9,1,24945
9,1,24946
5,5,24951
9,1,24952
7,3,24955
7,3,24958
7,3,24961
8,2,24963
9,1,24964
-3,3,24967
9,1,24968
8,2,24970
-2,2,24972
9,1,24973
9,1,24974
8,2,24976
8,2,24978
7,3,24981
8,2,24983
8,2,24985
-4,14,24999
-1,1,25000
9,1,25001
9,1,25002
9,1,25003
8,2,25005
9,1,25006
7,3,25009
9,1,25010
9,1,25011
-1,1,25012
8,2,25014
9,1,25015
-1,1,25016
8,2,25018
9,1,25019
8,2,25021
8,2,25023
7,3,25026
9,1,25027
7,3,25030
9,1,25031
9,1,25032
9,1,25033
-3,3,25036
8,2,25038
-1,1,25039
7,3,25042
9,1,25043
7,3,25046
9,1,25047
-1,1,25048
9,1,25049
9,1,25050
4,6,25056
8,2,25058
9,1,25059
-3,3,25062
9,1,25063
8,2,25065
9,1,25066
9,1,25067
9,1,25068
-2,2,25070
4,6,25076
9,1,25077
8,2,25079
8,2,25081
9,1,25082
8,2,25084
8,2,25086
9,1,25087
9,1,25088
9,1,25089
1,9,25098
9,1,25099
8,2,25101
8,2,25103
8,2,25105
8,2,25107
9,1,25108
9,1,25109
-2,2,25111
9,1,25112
-1,1,25113
9,1,25114
9,1,25115
9,1,25116
8,2,25118
9,1,25119
9,1,25120
8,2,25122
7,3,25125
4,6,25131
8,2,25133
8,2,25135
3,7,25142
-1,1,25143
9,1,25144
9,1,25145
5,5,25150
9,1,25151
8,2,25153
9,1,25154
6,4,25158
9,1,25159
9,1,25160
8,2,25162
9,1,25163
9,1,25164
-1,1,25165
9,1,25166
-2,2,25168
8,2,25170
7,3,25173
8,2,25175
-1,1,25176
-1,1,25177
9,1,25178
7,3,25181
9,1,25182
6,4,25186
8,2,25188
8,2,25190
9,1,25191
-2,2,25193
8,2,25195
9,1,25196
9,1,25197
8,2,25199
6,4,25203
9,1,25204
9,1,25205
9,1,25206
9,1,25207
9,1,25208
9,1,25209
9,1,25210
8,2,25212
9,1,25213
-1,1,25214
5,5,25219
8,2,25221
8,2,25223
-3,3,25226
7,3,25229
9,1,25230
9,1,25231
5,5,25236
9,1,25237
-2,2,25239
8,2,25241
9,1,25242
9,1,25243
9,1,25244
9,1,25245
9,1,25246
8,2,25248
9,1,25249
9,1,25250
7,3,25253
8,2,25255
6,4,25259
9,1,25260
9,1,25261
9,1,25262
8,2,25264
9,1,25265
7,3,25268
8,2,25270
9,1,25271
6,4,25275
9,1,25276
9,1,25277
-2,2,25279
-1,1,25280
-3,3,25283
7,3,25286
9,1,25287
7,3,25290
8,2,25292
7,3,25295
7,3,25298
9,1,25299
8,2,25301
7,3,25304
6,4,25308
9,1,25309
8,2,25311
9,1,25312
-2,2,25314
9,1,25315
9,1,25316
8,2,25318
8,2,25320
9,1,25321
7,3,25324
6,4,25328
-6,6,25334
8,2,25336
7,3,25339
8,2,25341
9,1,25342
7,3,25345
8,2,25347
9,1,25348
9,1,25349
-1,1,25350
6,4,25354
4,6,25360
-3,3,25363
8,2,25365
6,4,25369
9,1,25370
9,1,25371
9,1,25372
8,2,25374
8,2,25376
6,4,25380
8,2,25382
8,2,25384
8,2,25386
-1,1,25387
8,2,25389
8,2,25391
9,1,25392
-2,2,25394
9,1,25395
9,1,25396
8,2,25398
8,2,25400
7,3,25403
4,6,25409
9,1,25410
8,2,25412
9,1,25413
9,1,25414
9,1,25415
9,1,25416
-1,1,25417
9,1,25418
9,1,25419
9,1,25420
9,1,25421
9,1,25422
8,2,25424
8,2,25426
8,2,25428
8,2,25430
7,3,25433
3,7,25440
9,1,25441
9,1,25442
8,2,25444
9,1,25445
-1,1,25446
9,1,25447
9,1,25448
9,1,25449
7,3,25452
9,1,25453
8,2,25455
8,2,25457
9,1,25458
7,3,25461
8,2,25463
6,4,25467
9,1,25468
9,1,25469
9,1,25470
-3,3,25473
9,1,25474
9,1,25475
9,1,25476
8,2,25478
6,4,25482
8,2,25484
7,3,25487
9,1,25488
9,1,25489
9,1,25490
9,1,25491
9,1,25492
6,4,25496
8,2,25498
8,2,25500
9,1,25501
8,2,25503
9,1,25504
9,1,25505
6,4,25509
6,4,25513
8,2,25515
6,4,25519
9,1,25520
9,1,25521
9,1,25522
5,5,25527
9,1,25528
8,2,25530
9,1,25531
8,2,25533
9,1,25534
8,2,25536
9,1,25537
-1,1,25538
-2,2,25540
9,1,25541
9,1,25542
-4,4,25546
-1,1,25547
9,1,25548
9,1,25549
6,4,25553
4,6,25559
9,1,25560
8,2,25562
7,3,25565
7,3,25568
8,2,25570
9,1,25571
7,3,25574
9,1,25575
8,2,25577
8,2,25579
7,3,25582
9,1,25583
9,1,25584
8,2,25586
8,2,25588
9,1,25589
8,2,25591
9,1,25592
8,2,25594
9,1,25595
9,1,25596
9,1,25597
9,1,25598
8,2,25600
7,3,25603
9,1,25604
9,1,25605
8,2,25607
9,1,25608
8,2,25610
8,2,25612
-3,3,25615
9,1,25616
-1,1,25617
9,1,25618
6,4,25622
8,2,25624
8,2,25626
9,1,25627
9,1,25628
9,1,25629
8,2,25631
7,3,25634
9,1,25635
9,1,25636
8,2,25638
-2,2,25640
9,1,25641
9,1,25642
8,2,25644
6,4,25648
5,5,25653
9,1,25654
8,2,25656
9,1,25657
9,1,25658
7,3,25661
8,2,25663
4,6,25669
4,6,25675
9,1,25676
8,2,25678
9,1,25679
7,3,25682
9,1,25683
8,2,25685
-2,2,25687
8,2,25689
-1,1,25690
9,1,25691
6,4,25695
9,1,25696
8,2,25698
7,3,25701
9,1,25702
7,3,25705
9,1,25706
9,1,25707
9,1,25708
9,1,25709
9,1,25710
8,2,25712
9,1,25713
8,2,25715
7,3,25718
9,1,25719
8,2,25721
7,3,25724
9,1,25725
9,1,25726
8,2,25728
9,1,25729
9,1,25730
8,2,25732
9,1,25733
7,3,25736
9,1,25737
9,1,25738
9,1,25739
9,1,25740
9,1,25741
9,1,25742
8,2,25744
9,1,25745
8,2,25747
-1,1,25748
7,3,25751
-1,1,25752
9,1,25753
9,1,25754
9,1,25755
9,1,25756
9,1,25757
6,4,25761
8,2,25763
7,3,25766
9,1,25767
8,2,25769
8,2,25771
8,2,25773
7,3,25776
8,2,25778
8,2,25780
9,1,25781
7,3,25784
9,1,25785
-3,3,25788
7,3,25791
9,1,25792
8,2,25794
9,1,25795
9,1,25796
-3,3,25799
8,2,25801
9,1,25802
9,1,25803
9,1,25804
-1,1,25805
8,2,25807
-1,1,25808
9,1,25809
-1,1,25810
9,1,25811
6,4,25815
7,3,25818
7,3,25821
-2,2,25823
9,1,25824
4,6,25830
9,1,25831
7,3,25834
9,1,25835
8,2,25837
9,1,25838
7,3,25841
8,2,25843
9,1,25844
7,3,25847
8,2,25849
8,2,25851
8,2,25853
9,1,25854
9,1,25855
8,2,25857
9,1,25858
8,2,25860
8,2,25862
9,1,25863
9,1,25864
9,1,25865
8,2,25867
-1,1,25868
9,1,25869
-6,6,25875
9,1,25876
9,1,25877
9,1,25878
-1,1,25879
8,2,25881
9,1,25882
7,3,25885
-1,1,25886
9,1,25887
9,1,25888
8,2,25890
9,1,25891
8,2,25893
6,4,25897
7,3,25900
8,2,25902
8,2,25904
6,4,25908
-2,2,25910
7,3,25913
9,1,25914
9,1,25915
9,1,25916
8,2,25918
9,1,25919
9,1,25920
9,1,25921
6,4,25925
9,1,25926
8,2,25928
9,1,25929
7,3,25932
8,2,25934
8,2,25936
9,1,25937
-1,1,25938
-2,2,25940
9,1,25941
9,1,25942
8,2,25944
9,1,25945
9,1,25946
-1,1,25947
8,2,25949
8,2,25951
5,5,25956
9,1,25957
8,2,25959
9,1,25960
9,1,25961
-1,1,25962
9,1,25963
-5,5,25968
8,2,25970
8,2,25972
2,8,25980
1,9,25989
8,2,25991
5,5,25996
-1,1,25997
9,1,25998
8,2,26000
9,1,26001
9,1,26002
9,1,26003
9,1,26004
9,1,26005
8,2,26007
9,1,26008
8,2,26010
9,1,26011
8,2,26013
9,1,26014
-2,2,26016
6,4,26020
9,1,26021
9,1,26022
7,3,26025
8,2,26027
9,1,26028
8,2,26030
9,1,26031
8,2,26033
8,2,26035
7,3,26038
9,1,26039
8,2,26041
9,1,26042
9,1,26043
9,1,26044
9,1,26045
-1,1,26046
8,2,26048
8,2,26050
8,2,26052
9,1,26053
7,3,26056
8,2,26058
-1,1,26059
9,1,26060
9,1,26061
8,2,26063
8,2,26065
8,2,26067
7,3,26070
8,2,26072
8,2,26074
8,2,26076
9,1,26077
6,4,26081
8,2,26083
7,3,26086
9,1,26087
9,1,26088
7,3,26091
7,3,26094
9,1,26095
9,1,26096
9,1,26097
9,1,26098
4,6,26104
9,1,26105
9,1,26106
9,1,26107
8,2,26109
9,1,26110
-3,3,26113
8,2,26115
9,1,26116
9,1,26117
9,1,26118
8,2,26120
9,1,26121
7,3,26124
7,3,26127
9,1,26128
9,1,26129
8,2,26131
8,2,26133
9,1,26134
9,1,26135
9,1,26136
7,3,26139
8,2,26141
8,2,26143
8,2,26145
9,1,26146
9,1,26147
9,1,26148
9,1,26149
9,1,26150
4,6,26156
8,2,26158
8,2,26160
-1,1,26161
9,1,26162
1,9,26171
9,1,26172
-2,2,26174
-1,1,26175
9,1,26176
9,1,26177
9,1,26178
7,3,26181
8,2,26183
8,2,26185
9,1,26186
9,1,26187
8,2,26189
8,2,26191
8,2,26193
8,2,26195
8,2,26197
8,2,26199
7,3,26202
8,2,26204
9,1,26205
9,1,26206
-4,4,26210
7,3,26213
-2,2,26215
8,2,26217
9,1,26218
8,2,26220
9,1,26221
7,3,26224
7,3,26227
8,2,26229
9,1,26230
9,1,26231
-2,2,26233
9,1,26234
8,2,26236
9,1,26237
7,3,26240
-2,2,26242
8,2,26244
8,2,26246
9,1,26247
8,2,26249
-1,1,26250
8,2,26252
8,2,26254
9,1,26255
7,3,26258
9,1,26259
8,2,26261
8,2,26263
8,2,26265
7,3,26268
8,2,26270
7,3,26273
8,2,26275
8,2,26277
9,1,26278
8,2,26280
9,1,26281
9,1,26282
9,1,26283
9,1,26284
8,2,26286
-2,2,26288
9,1,26289
8,2,26291
7,3,26294
8,2,26296
8,2,26298
7,3,26301
9,1,26302
9,1,26303
8,2,26305
7,3,26308
9,1,26309
7,3,26312
9,1,26313
9,1,26314
9,1,26315
9,1,26316
8,2,26318
-3,3,26321
9,1,26322
9,1,26323
9,1,26324
9,1,26325
-3,3,26328
9,1,26329
6,4,26333
9,1,26334
7,3,26337
8,2,26339
-1,1,26340
9,1,26341
9,1,26342
8,2,26344
6,4,26348
9,1,26349
9,1,26350
9,1,26351
8,2,26353
9,1,26354
9,1,26355
8,2,26357
9,1,26358
8,2,26360
7,3,26363
8,2,26365
9,1,26366
8,2,26368
9,1,26369
9,1,26370
8,2,26372
9,1,26373
8,2,26375
9,1,26376
9,1,26377
7,3,26380
9,1,26381
8,2,26383
7,3,26386
2,8,26394
8,2,26396
9,1,26397
9,1,26398
9,1,26399
8,2,26401
9,1,26402
6,4,26406
9,1,26407
9,1,26408
9,1,26409
9,1,26410
8,2,26412
9,1,26413
7,3,26416
8,2,26418
7,3,26421
9,1,26422
8,2,26424
5,5,26429
9,1,26430
9,1,26431
9,1,26432
8,2,26434
9,1,26435
-1,1,26436
9,1,26437
9,1,26438
8,2,26440
7,3,26443
9,1,26444
-2,2,26446
9,1,26447
9,1,26448
9,1,26449
8,2,26451
9,1,26452
8,2,26454
9,1,26455
8,2,26457
6,4,26461
7,3,26464
8,2,26466
9,1,26467
7,3,26470
9,1,26471
8,2,26473
9,1,26474
9,1,26475
6,4,26479
7,3,26482
9,1,26483
8,2,26485
9,1,26486
7,3,26489
9,1,26490
9,1,26491
6,4,26495
9,1,26496
-1,1,26497
7,3,26500
8,2,26502
9,1,26503
5,5,26508
7,3,26511
-2,2,26513
9,1,26514
8,2,26516
9,1,26517
8,2,26519
8,2,26521
8,2,26523
9,1,26524
9,1,26525
9,1,26526
9,1,26527
8,2,26529
9,1,26530
9,1,26531
9,1,26532
-2,2,26534
9,1,26535
4,6,26541
8,2,26543
8,2,26545
6,4,26549
9,1,26550
9,1,26551
7,3,26554
9,1,26555
9,1,26556
7,3,26559
9,1,26560
4,6,26566
8,2,26568
6,4,26572
8,2,26574
9,1,26575
9,1,26576
9,1,26577
8,2,26579
9,1,26580
9,1,26581
8,2,26583
9,1,26584
5,5,26589
8,2,26591
9,1,26592
9,1,26593
7,3,26596
-1,1,26597
7,3,26600
8,2,26602
9,1,26603
8,2,26605
7,3,26608
7,3,26611
8,2,26613
9,1,26614
9,1,26615
9,1,26616
-1,1,26617
-1,1,26618
8,2,26620
9,1,26621
9,1,26622
9,1,26623
9,1,26624
-1,1,26625
7,3,26628
9,1,26629
9,1,26630
-1,1,26631
9,1,26632
9,1,26633
9,1,26634
8,2,26636
9,1,26637
-2,2,26639
7,3,26642
-1,1,26643
7,3,26646
9,1,26647
8,2,26649
6,4,26653
8,2,26655
9,1,26656
9,1,26657
8,2,26659
6,4,26663
8,2,26665
-3,3,26668
9,1,26669
8,2,26671
9,1,26672
9,1,26673
9,1,26674
8,2,26676
8,2,26678
9,1,26679
8,2,26681
9,1,26682
8,2,26684
8,2,26686
9,1,26687
9,1,26688
9,1,26689
9,1,26690
-1,1,26691
9,1,26692
9,1,26693
9,1,26694
8,2,26696
9,1,26697
9,1,26698
5,5,26703
8,2,26705
9,1,26706
9,1,26707
9,1,26708
7,3,26711
8,2,26713
9,1,26714
-5,5,26719
8,2,26721
8,2,26723
8,2,26725
9,1,26726
7,3,26729
8,2,26731
8,2,26733
9,1,26734
9,1,26735
-7,7,26742
9,1,26743
9,1,26744
9,1,26745
9,1,26746
7,3,26749
7,3,26752
9,1,26753
9,1,26754
8,2,26756
-1,1,26757
9,1,26758
9,1,26759
9,1,26760
9,1,26761
9,1,26762
9,1,26763
8,2,26765
7,3,26768
-1,1,26769
8,2,26771
9,1,26772
8,2,26774
9,1,26775
6,4,26779
9,1,26780
9,1,26781
9,1,26782
9,1,26783
9,1,26784
9,1,26785
8,2,26787
7,3,26790
9,1,26791
9,1,26792
7,3,26795
9,1,26796
8,2,26798
8,2,26800
7,3,26803
-3,3,26806
9,1,26807
9,1,26808
9,1,26809
8,2,26811
-3,3,26814
9,1,26815
7,3,26818
6,4,26822
9,1,26823
9,1,26824
9,1,26825
9,1,26826
7,3,26829
8,2,26831
9,1,26832
6,4,26836
9,1,26837
8,2,26839
8,2,26841
-1,1,26842
9,1,26843
8,2,26845
8,2,26847
9,1,26848
9,1,26849
8,2,26851
7,3,26854
-3,3,26857
-4,4,26861
8,2,26863
-2,2,26865
6,4,26869
9,1,26870
-3,3,26873
6,4,26877
9,1,26878
9,1,26879
8,2,26881
-1,1,26882
9,1,26883
9,1,26884
9,1,26885
9,1,26886
7,3,26889
-2,2,26891
8,2,26893
9,1,26894
8,2,26896
6,4,26900
8,2,26902
9,1,26903
6,4,26907
9,1,26908
9,1,26909
9,1,26910
-4,4,26914
9,1,26915
8,2,26917
-2,2,26919
9,1,26920
-2,2,26922
8,2,26924
-2,2,26926
8,2,26928
-2,2,26930
8,2,26932
9,1,26933
8,2,26935
9,1,26936
-1,1,26937
6,4,26941
9,1,26942
6,4,26946
9,1,26947
9,1,26948
9,1,26949
8,2,26951
7,3,26954
9,1,26955
8,2,26957
5,5,26962
9,1,26963
9,1,26964
9,1,26965
9,1,26966
9,1,26967
7,3,26970
9,1,26971
9,1,26972
9,1,26973
9,1,26974
8,2,26976
9,1,26977
9,1,26978
9,1,26979
9,1,26980
9,1,26981
8,2,26983
9,1,26984
7,3,26987
9,1,26988
8,2,26990
-4,4,26994
7,3,26997
6,4,27001
9,1,27002
8,2,27004
9,1,27005
7,3,27008
-5,5,27013
7,3,27016
-1,1,27017
-1,1,27018
9,1,27019
7,3,27022
9,1,27023
8,2,27025
-1,1,27026
8,2,27028
9,1,27029
9,1,27030
9,1,27031
-1,1,27032
6,4,27036
9,1,27037
8,2,27039
8,2,27041
6,4,27045
9,1,27046
8,2,27048
8,2,27050
-4,4,27054
-15,15,27069
6,4,27073
9,1,27074
8,2,27076
8,2,27078
7,3,27081
8,2,27083
7,3,27086
-1,1,27087
8,2,27089
1,9,27098
9,1,27099
8,2,27101
-2,2,27103
9,1,27104
9,1,27105
5,5,27110
8,2,27112
-2,2,27114
9,1,27115
8,2,27117
9,1,27118
8,2,27120
8,2,27122
8,2,27124
8,2,27126
6,4,27130
9,1,27131
8,2,27133
8,2,27135
8,2,27137
7,3,27140
9,1,27141
8,2,27143
-2,2,27145
4,6,27151
6,4,27155
8,2,27157
9,1,27158
8,2,27160
9,1,27161
7,3,27164
8,2,27166
9,1,27167
8,2,27169
8,2,27171
9,1,27172
7,3,27175
9,1,27176
9,1,27177
9,1,27178
8,2,27180
9,1,27181
9,1,27182
9,1,27183
9,1,27184
8,2,27186
7,3,27189
8,2,27191
7,3,27194
9,1,27195
9,1,27196
6,4,27200
9,1,27201
7,3,27204
9,1,27205
8,2,27207
9,1,27208
9,1,27209
8,2,27211
9,1,27212
7,3,27215
8,2,27217
9,1,27218
9,1,27219
8,2,27221
8,2,27223
9,1,27224
9,1,27225
8,2,27227
8,2,27229
9,1,27230
9,1,27231
9,1,27232
9,1,27233
-1,1,27234
9,1,27235
8,2,27237
9,1,27238
7,3,27241
7,3,27244
9,1,27245
9,1,27246
8,2,27248
9,1,27249
9,1,27250
9,1,27251
8,2,27253
8,2,27255
9,1,27256
9,1,27257
9,1,27258
8,2,27260
7,3,27263
6,4,27267
7,3,27270
9,1,27271
7,3,27274
9,1,27275
9,1,27276
9,1,27277
9,1,27278
8,2,27280
-2,2,27282
-1,1,27283
8,2,27285
-1,1,27286
7,3,27289
8,2,27291
7,3,27294
3,7,27301
9,1,27302
6,4,27306
9,1,27307
8,2,27309
9,1,27310
7,3,27313
7,3,27316
9,1,27317
6,4,27321
-2,2,27323
9,1,27324
6,4,27328
7,3,27331
8,2,27333
9,1,27334
8,2,27336
9,1,27337
9,1,27338
8,2,27340
9,1,27341
8,2,27343
8,2,27345
9,1,27346
8,2,27348
9,1,27349
8,2,27351
8,2,27353
6,4,27357
8,2,27359
9,1,27360
-1,1,27361
8,2,27363
9,1,27364
-2,2,27366
-1,1,27367
7,3,27370
9,1,27371
9,1,27372
8,2,27374
8,2,27376
9,1,27377
8,2,27379
9,1,27380
8,2,27382
8,2,27384
9,1,27385
7,3,27388
9,1,27389
9,1,27390
7,3,27393
5,5,27398
-1,1,27399
9,1,27400
7,3,27403
9,1,27404
9,1,27405
9,1,27406
9,1,27407
8,2,27409
4,6,27415
8,2,27417
8,2,27419
4,6,27425
9,1,27426
9,1,27427
-2,2,27429
9,1,27430
9,1,27431
9,1,27432
9,1,27433
9,1,27434
8,2,27436
-2,2,27438
7,3,27441
8,2,27443
8,2,27445
7,3,27448
6,4,27452
8,2,27454
9,1,27455
9,1,27456
-1,1,27457
9,1,27458
8,2,27460
8,2,27462
5,5,27467
9,1,27468
9,1,27469
9,1,27470
5,5,27475
9,1,27476
7,3,27479
9,1,27480
8,2,27482
8,2,27484
9,1,27485
7,3,27488
4,6,27494
9,1,27495
9,1,27496
8,2,27498
9,1,27499
8,2,27501
6,4,27505
1,9,27514
8,2,27516
9,1,27517
-1,1,27518
7,3,27521
9,1,27522
9,1,27523
8,2,27525
7,3,27528
-3,3,27531
7,3,27534
-3,3,27537
7,3,27540
9,1,27541
8,2,27543
7,3,27546
9,1,27547
7,3,27550
9,1,27551
9,1,27552
-2,2,27554
5,5,27559
9,1,27560
9,1,27561
8,2,27563
9,1,27564
5,5,27569
9,1,27570
7,3,27573
9,1,27574
-1,1,27575
8,2,27577
9,1,27578
8,2,27580
9,1,27581
9,1,27582
9,1,27583
9,1,27584
-1,1,27585
9,1,27586
9,1,27587
7,3,27590
9,1,27591
8,2,27593
-2,2,27595
9,1,27596
9,1,27597
9,1,27598
8,2,27600
9,1,27601
7,3,27604
9,1,27605
9,1,27606
7,3,27609
9,1,27610
9,1,27611
-1,1,27612
9,1,27613
9,1,27614
8,2,27616
9,1,27617
8,2,27619
8,2,27621
8,2,27623
7,3,27626
9,1,27627
8,2,27629
9,1,27630
9,1,27631
9,1,27632
8,2,27634
9,1,27635
7,3,27638
8,2,27640
8,2,27642
9,1,27643
9,1,27644
9,1,27645
-2,2,27647
8,2,27649
7,3,27652
9,1,27653
9,1,27654
8,2,27656
9,1,27657
8,2,27659
-3,3,27662
9,1,27663
9,1,27664
9,1,27665
8,2,27667
8,2,27669
8,2,27671
8,2,27673
8,2,27675
8,2,27677
9,1,27678
7,3,27681
8,2,27683
-2,2,27685
8,2,27687
8,2,27689
6,4,27693
-2,2,27695
9,1,27696
7,3,27699
8,2,27701
9,1,27702
9,1,27703
9,1,27704
9,1,27705
9,1,27706
-1,1,27707
9,1,27708
8,2,27710
9,1,27711
8,2,27713
9,1,27714
9,1,27715
9,1,27716
7,3,27719
9,1,27720
9,1,27721
9,1,27722
8,2,27724
9,1,27725
8,2,27727
8,2,27729
7,3,27732
8,2,27734
-2,2,27736
9,1,27737
7,3,27740
-1,1,27741
9,1,27742
9,1,27743
-2,2,27745
9,1,27746
9,1,27747
8,2,27749
9,1,27750
9,1,27751
9,1,27752
-1,1,27753
8,2,27755
8,2,27757
7,3,27760
8,2,27762
9,1,27763
9,1,27764
8,2,27766
9,1,27767
9,1,27768
9,1,27769
6,4,27773
9,1,27774
9,1,27775
9,1,27776
9,1,27777
-2,2,27779
9,1,27780
9,1,27781
9,1,27782
9,1,27783
9,1,27784
7,3,27787
9,1,27788
8,2,27790
8,2,27792
9,1,27793
8,2,27795
8,2,27797
6,4,27801
9,1,27802
8,2,27804
9,1,27805
8,2,27807
7,3,27810
9,1,27811
8,2,27813
9,1,27814
9,1,27815
-3,3,27818
9,1,27819
9,1,27820
-4,4,27824
8,2,27826
8,2,27828
-3,3,27831
6,4,27835
9,1,27836
8,2,27838
-1,1,27839
7,3,27842
7,3,27845
-2,2,27847
9,1,27848
-1,1,27849
9,1,27850
9,1,27851
8,2,27853
9,1,27854
8,2,27856
9,1,27857
9,1,27858
9,1,27859
8,2,27861
-5,5,27866
9,1,27867
9,1,27868
-4,4,27872
8,2,27874
-1,1,27875
9,1,27876
8,2,27878
-1,1,27879
9,1,27880
9,1,27881
8,2,27883
-1,1,27884
8,2,27886
-1,1,27887
9,1,27888
8,2,27890
8,2,27892
9,1,27893
7,3,27896
9,1,27897
8,2,27899
9,1,27900
9,1,27901
9,1,27902
9,1,27903
9,1,27904
8,2,27906
7,3,27909
7,3,27912
8,2,27914
9,1,27915
9,1,27916
5,5,27921
7,3,27924
8,2,27926
9,1,27927
8,2,27929
8,2,27931
9,1,27932
8,2,27934
8,2,27936
-1,1,27937
8,2,27939
8,2,27941
9,1,27942
9,1,27943
9,1,27944
8,2,27946
9,1,27947
8,2,27949
5,5,27954
8,2,27956
9,1,27957
4,6,27963
8,2,27965
8,2,27967
8,2,27969
9,1,27970
8,2,27972
-2,2,27974
-3,3,27977
-1,1,27978
9,1,27979
-1,1,27980
9,1,27981
8,2,27983
7,3,27986
9,1,27987
9,1,27988
-1,1,27989
9,1,27990
8,2,27992
9,1,27993
8,2,27995
9,1,27996
-11,11,28007
-1,1,28008
8,2,28010
7,3,28013
9,1,28014
8,2,28016
7,3,28019
-1,1,28020
6,4,28024
-2,2,28026
9,1,28027
9,1,28028
9,1,28029
8,2,28031
9,1,28032
8,2,28034
9,1,28035
9,1,28036
9,1,28037
9,1,28038
6,4,28042
7,3,28045
8,2,28047
-1,1,28048
8,2,28050
9,1,28051
9,1,28052
8,2,28054
8,2,28056
9,1,28057
-2,2,28059
9,1,28060
9,1,28061
7,3,28064
8,2,28066
9,1,28067
7,3,28070
8,2,28072
7,3,28075
9,1,28076
9,1,28077
8,2,28079
9,1,28080
9,1,28081
9,1,28082
9,1,28083
8,2,28085
8,2,28087
9,1,28088
9,1,28089
9,1,28090
9,1,28091
9,1,28092
9,1,28093
8,2,28095
8,2,28097
8,2,28099
5,5,28104
9,1,28105
9,1,28106
-1,1,28107
8,2,28109
9,1,28110
9,1,28111
8,2,28113
8,2,28115
7,3,28118
3,7,28125
9,1,28126
9,1,28127
8,2,28129
6,4,28133
9,1,28134
7,3,28137
8,2,28139
9,1,28140
9,1,28141
8,2,28143
9,1,28144
9,1,28145
9,1,28146
8,2,28148
8,2,28150
8,2,28152
8,2,28154
8,2,28156
-1,1,28157
9,1,28158
8,2,28160
7,3,28163
6,4,28167
8,2,28169
5,5,28174
7,3,28177
8,2,28179
8,2,28181
9,1,28182
9,1,28183
8,2,28185
9,1,28186
9,1,28187
9,1,28188
-1,1,28189
8,2,28191
9,1,28192
6,4,28196
8,2,28198
9,1,28199
7,3,28202
7,3,28205
7,3,28208
9,1,28209
5,5,28214
8,2,28216
9,1,28217
9,1,28218
6,4,28222
8,2,28224
7,3,28227
8,2,28229
9,1,28230
9,1,28231
7,3,28234
8,2,28236
8,2,28238
9,1,28239
8,2,28241
8,2,28243
9,1,28244
9,1,28245
9,1,28246
9,1,28247
8,2,28249
9,1,28250
9,1,28251
9,1,28252
8,2,28254
7,3,28257
9,1,28258
8,2,28260
9,1,28261
9,1,28262
-2,2,28264
9,1,28265
9,1,28266
8,2,28268
9,1,28269
7,3,28272
8,2,28274
9,1,28275
5,5,28280
7,3,28283
9,1,28284
8,2,28286
3,7,28293
8,2,28295
7,3,28298
8,2,28300
9,1,28301
9,1,28302
-4,4,28306
9,1,28307
-1,1,28308
-1,1,28309
8,2,28311
9,1,28312
9,1,28313
-2,2,28315
9,1,28316
9,1,28317
9,1,28318
9,1,28319
-1,1,28320
-3,3,28323
-1,1,28324
8,2,28326
9,1,28327
9,1,28328
8,2,28330
9,1,28331
8,2,28333
7,3,28336
9,1,28337
7,3,28340
9,1,28341
9,1,28342
-1,1,28343
8,2,28345
9,1,28346
9,1,28347
9,1,28348
9,1,28349
-3,3,28352
5,5,28357
9,1,28358
9,1,28359
8,2,28361
9,1,28362
9,1,28363
-2,2,28365
6,4,28369
9,1,28370
8,2,28372
-1,1,28373
7,3,28376
8,2,28378
-2,2,28380
8,2,28382
-3,3,28385
6,4,28389
8,2,28391
7,3,28394
7,3,28397
9,1,28398
8,2,28400
8,2,28402
7,3,28405
8,2,28407
6,4,28411
9,1,28412
-3,3,28415
-1,1,28416
8,2,28418
9,1,28419
-1,1,28420
9,1,28421
8,2,28423
6,4,28427
3,7,28434
7,3,28437
8,2,28439
9,1,28440
8,2,28442
9,1,28443
9,1,28444
7,3,28447
8,2,28449
9,1,28450
9,1,28451
7,3,28454
9,1,28455
7,3,28458
9,1,28459
9,1,28460
7,3,28463
3,7,28470
9,1,28471
-1,1,28472
7,3,28475
-3,3,28478
-1,1,28479
9,1,28480
8,2,28482
9,1,28483
7,3,28486
8,2,28488
-1,1,28489
9,1,28490
8,2,28492
7,3,28495
8,2,28497
9,1,28498
8,2,28500
9,1,28501
9,1,28502
-1,1,28503
9,1,28504
8,2,28506
8,2,28508
8,2,28510
7,3,28513
9,1,28514
9,1,28515
5,5,28520
9,1,28521
5,5,28526
9,1,28527
8,2,28529
9,1,28530
9,1,28531
9,1,28532
8,2,28534
9,1,28535
8,2,28537
9,1,28538
8,2,28540
9,1,28541
9,1,28542
9,1,28543
4,6,28549
9,1,28550
-1,11,28561
7,3,28564
-1,1,28565
-2,12,28577
6,4,28581
8,2,28583
9,1,28584
-4,4,28588
8,2,28590
8,2,28592
7,3,28595
9,1,28596
9,1,28597
8,2,28599
9,1,28600
9,1,28601
7,3,28604
-5,5,28609
8,2,28611
2,8,28619
8,2,28621
8,2,28623
9,1,28624
8,2,28626
8,2,28628
9,1,28629
9,1,28630
8,2,28632
8,2,28634
9,1,28635
9,1,28636
9,1,28637
9,1,28638
8,2,28640
-5,5,28645
9,1,28646
8,2,28648
9,1,28649
9,1,28650
7,3,28653
8,2,28655
7,3,28658
7,3,28661
9,1,28662
8,2,28664
8,2,28666
9,1,28667
9,1,28668
9,1,28669
9,1,28670
5,5,28675
8,2,28677
8,2,28679
9,1,28680
-3,3,28683
9,1,28684
-4,4,28688
8,2,28690
6,4,28694
9,1,28695
8,2,28697
9,1,28698
8,2,28700
9,1,28701
8,2,28703
9,1,28704
8,2,28706
7,3,28709
9,1,28710
-1,1,28711
8,2,28713
7,3,28716
9,1,28717
-5,5,28722
-3,3,28725
8,2,28727
9,1,28728
9,1,28729
8,2,28731
9,1,28732
-2,2,28734
8,2,28736
-1,1,28737
8,2,28739
8,2,28741
8,2,28743
7,3,28746
9,1,28747
8,2,28749
8,2,28751
8,2,28753
8,2,28755
8,2,28757
8,2,28759
9,1,28760
9,1,28761
-1,1,28762
8,2,28764
9,1,28765
8,2,28767
9,1,28768
9,1,28769
9,1,28770
9,1,28771
9,1,28772
8,2,28774
8,2,28776
8,2,28778
8,2,28780
9,1,28781
9,1,28782
9,1,28783
8,2,28785
5,5,28790
9,1,28791
9,1,28792
9,1,28793
8,2,28795
8,2,28797
9,1,28798
-3,3,28801
7,3,28804
9,1,28805
9,1,28806
7,3,28809
9,1,28810
7,3,28813
9,1,28814
6,4,28818
-1,1,28819
9,1,28820
9,1,28821
-2,2,28823
9,1,28824
8,2,28826
9,1,28827
9,1,28828
-1,1,28829
9,1,28830
8,2,28832
8,2,28834
9,1,28835
8,2,28837
9,1,28838
9,1,28839
7,3,28842
8,2,28844
7,3,28847
7,3,28850
8,2,28852
8,2,28854
7,3,28857
8,2,28859
9,1,28860
8,2,28862
7,3,28865
-2,2,28867
9,1,28868
4,6,28874
-11,11,28885
8,2,28887
9,1,28888
9,1,28889
9,1,28890
9,1,28891
8,2,28893
9,1,28894
7,3,28897
6,4,28901
9,1,28902
9,1,28903
8,2,28905
8,2,28907
9,1,28908
9,1,28909
9,1,28910
6,4,28914
9,1,28915
9,1,28916
9,1,28917
9,1,28918
9,1,28919
-2,2,28921
8,2,28923
9,1,28924
9,1,28925
5,5,28930
9,1,28931
-1,1,28932
8,2,28934
9,1,28935
8,2,28937
7,3,28940
9,1,28941
8,2,28943
9,1,28944
9,1,28945
-2,2,28947
7,3,28950
9,1,28951
9,1,28952
8,2,28954
8,2,28956
7,3,28959
-3,3,28962
7,3,28965
8,2,28967
7,3,28970
8,2,28972
9,1,28973
9,1,28974
9,1,28975
9,1,28976
8,2,28978
9,1,28979
8,2,28981
9,1,28982
5,5,28987
9,1,28988
7,3,28991
9,1,28992
9,1,28993
9,1,28994
8,2,28996
9,1,28997
2,8,29005
9,1,29006
8,2,29008
9,1,29009
9,1,29010
8,2,29012
8,2,29014
8,2,29016
7,3,29019
6,4,29023
8,2,29025
6,4,29029
9,1,29030
8,2,29032
7,3,29035
8,2,29037
7,3,29040
7,3,29043
-1,1,29044
9,1,29045
8,2,29047
7,3,29050
4,6,29056
9,1,29057
9,1,29058
6,4,29062
9,1,29063
9,1,29064
9,1,29065
7,3,29068
-3,3,29071
6,4,29075
8,2,29077
-5,5,29082
9,1,29083
9,1,29084
9,1,29085
8,2,29087
8,2,29089
8,2,29091
9,1,29092
9,1,29093
8,2,29095
8,2,29097
9,1,29098
9,1,29099
8,2,29101
7,3,29104
-2,2,29106
9,1,29107
9,1,29108
7,3,29111
7,3,29114
8,2,29116
9,1,29117
8,2,29119
9,1,29120
7,3,29123
8,2,29125
8,2,29127
9,1,29128
9,1,29129
9,1,29130
8,2,29132
9,1,29133
8,2,29135
8,2,29137
8,2,29139
5,5,29144
9,1,29145
8,2,29147
-3,3,29150
8,2,29152
9,1,29153
4,6,29159
9,1,29160
9,1,29161
9,1,29162
8,2,29164
9,1,29165
-1,1,29166
7,3,29169
9,1,29170
9,1,29171
-3,3,29174
8,2,29176
8,2,29178
9,1,29179
7,3,29182
8,2,29184
9,1,29185
9,1,29186
8,2,29188
8,2,29190
9,1,29191
8,2,29193
-2,2,29195
8,2,29197
7,3,29200
9,1,29201
7,3,29204
9,1,29205
7,3,29208
8,2,29210
9,1,29211
9,1,29212
8,2,29214
5,5,29219
8,2,29221
9,1,29222
9,1,29223
9,1,29224
8,2,29226
9,1,29227
8,2,29229
9,1,29230
-2,2,29232
7,3,29235
7,3,29238
9,1,29239
-1,1,29240
9,1,29241
8,2,29243
9,1,29244
-1,11,29255
9,1,29256
9,1,29257
8,2,29259
5,5,29264
9,1,29265
9,1,29266
9,1,29267
8,2,29269
9,1,29270
9,1,29271
6,4,29275
9,1,29276
9,1,29277
7,3,29280
8,2,29282
9,1,29283
9,1,29284
8,2,29286
9,1,29287
9,1,29288
8,2,29290
8,2,29292
9,1,29293
-2,2,29295
9,1,29296
8,2,29298
-2,2,29300
8,2,29302
9,1,29303
9,1,29304
-1,1,29305
6,4,29309
8,2,29311
7,3,29314
9,1,29315
9,1,29316
9,1,29317
8,2,29319
8,2,29321
9,1,29322
8,2,29324
9,1,29325
9,1,29326
9,1,29327
9,1,29328
9,1,29329
8,2,29331
9,1,29332
7,3,29335
-7,7,29342
6,4,29346
-1,1,29347
3,7,29354
9,1,29355
7,3,29358
7,3,29361
8,2,29363
9,1,29364
7,3,29367
-2,2,29369
8,2,29371
-8,8,29379
9,1,29380
-1,1,29381
6,4,29385
7,3,29388
8,2,29390
9,1,29391
9,1,29392
7,3,29395
7,3,29398
6,4,29402
8,2,29404
8,2,29406
9,1,29407
7,3,29410
9,1,29411
8,2,29413
9,1,29414
9,1,29415
6,4,29419
9,1,29420
9,1,29421
9,1,29422
7,3,29425
9,1,29426
9,1,29427
8,2,29429
8,2,29431
9,1,29432
9,1,29433
8,2,29435
9,1,29436
9,1,29437
8,2,29439
9,1,29440
-3,3,29443
8,2,29445
9,1,29446
-7,7,29453
6,4,29457
-2,2,29459
8,2,29461
9,1,29462
8,2,29464
9,1,29465
-1,1,29466
9,1,29467
7,3,29470
6,4,29474
6,4,29478
7,3,29481
7,3,29484
8,2,29486
9,1,29487
-3,3,29490
7,3,29493
-2,2,29495
8,2,29497
8,2,29499
7,3,29502
9,1,29503
8,2,29505
-3,3,29508
9,1,29509
8,2,29511
9,1,29512
8,2,29514
9,1,29515
8,2,29517
8,2,29519
8,2,29521
8,2,29523
9,1,29524
6,4,29528
9,1,29529
9,1,29530
-2,2,29532
-1,1,29533
8,2,29535
9,1,29536
9,1,29537
7,3,29540
7,3,29543
9,1,29544
9,1,29545
5,5,29550
9,1,29551
8,2,29553
8,2,29555
-1,1,29556
-3,3,29559
9,1,29560
-1,1,29561
8,2,29563
9,1,29564
9,1,29565
8,2,29567
8,2,29569
6,4,29573
9,1,29574
8,2,29576
9,1,29577
9,1,29578
7,3,29581
8,2,29583
9,1,29584
5,5,29589
-1,1,29590
-2,2,29592
8,2,29594
9,1,29595
8,2,29597
9,1,29598
9,1,29599
-1,11,29610
9,1,29611
6,4,29615
9,1,29616
9,1,29617
8,2,29619
7,3,29622
9,1,29623
9,1,29624
8,2,29626
9,1,29627
5,5,29632
-2,2,29634
9,1,29635
8,2,29637
-3,3,29640
9,1,29641
9,1,29642
9,1,29643
8,2,29645
8,2,29647
7,3,29650
-1,1,29651
8,2,29653
9,1,29654
9,1,29655
8,2,29657
8,2,29659
9,1,29660
9,1,29661
8,2,29663
9,1,29664
9,1,29665
7,3,29668
7,3,29671
9,1,29672
-1,1,29673
8,2,29675
8,2,29677
8,2,29679
8,2,29681
9,1,29682
9,1,29683
8,2,29685
9,1,29686
7,3,29689
9,1,29690
3,7,29697
8,2,29699
9,1,29700
9,1,29701
8,2,29703
9,1,29704
8,2,29706
9,1,29707
9,1,29708
8,2,29710
-20,20,29730
9,1,29731
8,2,29733
9,1,29734
9,1,29735
6,4,29739
9,1,29740
9,1,29741
6,4,29745
7,3,29748
-2,2,29750
7,3,29753
9,1,29754
9,1,29755
9,1,29756
9,1,29757
9,1,29758
9,1,29759
9,1,29760
-4,4,29764
8,2,29766
8,2,29768
9,1,29769
9,1,29770
9,1,29771
9,1,29772
9,1,29773
5,5,29778
9,1,29779
7,3,29782
9,1,29783
8,2,29785
-3,3,29788
9,1,29789
9,1,29790
9,1,29791
9,1,29792
-2,2,29794
9,1,29795
9,1,29796
-1,1,29797
8,2,29799
8,2,29801
8,2,29803
5,5,29808
8,2,29810
5,5,29815
8,2,29817
9,1,29818
8,2,29820
8,2,29822
8,2,29824
5,5,29829
8,2,29831
9,1,29832
-1,1,29833
9,1,29834
8,2,29836
8,2,29838
-1,1,29839
9,1,29840
9,1,29841
8,2,29843
9,1,29844
5,5,29849
8,2,29851
-4,4,29855
8,2,29857
8,2,29859
9,1,29860
9,1,29861
9,1,29862
9,1,29863
7,3,29866
8,2,29868
-1,1,29869
8,2,29871
8,2,29873
8,2,29875
-2,2,29877
7,3,29880
-1,1,29881
9,1,29882
9,1,29883
6,4,29887
7,3,29890
9,1,29891
9,1,29892
9,1,29893
7,3,29896
7,3,29899
9,1,29900
9,1,29901
6,4,29905
9,1,29906
7,3,29909
8,2,29911
5,5,29916
9,1,29917
8,2,29919
8,2,29921
9,1,29922
9,1,29923
9,1,29924
-1,1,29925
4,6,29931
8,2,29933
9,1,29934
9,1,29935
9,1,29936
8,2,29938
8,2,29940
9,1,29941
7,3,29944
9,1,29945
8,2,29947
9,1,29948
6,4,29952
7,3,29955
9,1,29956
9,1,29957
6,4,29961
9,1,29962
7,3,29965
-2,2,29967
6,4,29971
7,3,29974
9,1,29975
9,1,29976
8,2,29978
8,2,29980
7,3,29983
9,1,29984
9,1,29985
9,1,29986
8,2,29988
-3,3,29991
9,1,29992
7,3,29995
8,2,29997
8,2,29999
8,2,30001
9,1,30002
8,2,30004
8,2,30006
9,1,30007
8,2,30009
7,3,30012
9,1,30013
8,2,30015
-2,2,30017
9,1,30018
-2,2,30020
5,5,30025
9,1,30026
9,1,30027
8,2,30029
7,3,30032
7,3,30035
8,2,30037
7,3,30040
-1,1,30041
9,1,30042
7,3,30045
9,1,30046
9,1,30047
8,2,30049
7,3,30052
9,1,30053
9,1,30054
8,2,30056
8,2,30058
8,2,30060
8,2,30062
9,1,30063
9,1,30064
6,4,30068
9,1,30069
9,1,30070
9,1,30071
8,2,30073
9,1,30074
9,1,30075
9,1,30076
9,1,30077
-1,1,30078
8,2,30080
8,2,30082
9,1,30083
9,1,30084
8,2,30086
7,3,30089
9,1,30090
9,1,30091
9,1,30092
7,3,30095
9,1,30096
9,1,30097
9,1,30098
7,3,30101
9,1,30102
6,4,30106
9,1,30107
9,1,30108
9,1,30109
9,1,30110
7,3,30113
9,1,30114
9,1,30115
5,5,30120
8,2,30122
6,4,30126
9,1,30127
9,1,30128
7,3,30131
9,1,30132
-3,3,30135
8,2,30137
8,2,30139
9,1,30140
9,1,30141
8,2,30143
9,1,30144
8,2,30146
7,3,30149
8,2,30151
4,6,30157
-1,1,30158
9,1,30159
8,2,30161
9,1,30162
8,2,30164
8,2,30166
9,1,30167
9,1,30168
8,2,30170
8,2,30172
8,2,30174
9,1,30175
8,2,30177
-1,1,30178
9,1,30179
8,2,30181
7,3,30184
9,1,30185
7,3,30188
8,2,30190
9,1,30191
6,4,30195
9,1,30196
9,1,30197
9,1,30198
8,2,30200
6,4,30204
8,2,30206
9,1,30207
9,1,30208
9,1,30209
9,1,30210
9,1,30211
8,2,30213
-3,3,30216
-3,3,30219
7,3,30222
9,1,30223
8,2,30225
8,2,30227
9,1,30228
9,1,30229
9,1,30230
9,1,30231
9,1,30232
8,2,30234
-2,2,30236
9,1,30237
9,1,30238
8,2,30240
6,4,30244
7,3,30247
8,2,30249
9,1,30250
9,1,30251
9,1,30252
9,1,30253
8,2,30255
9,1,30256
8,2,30258
9,1,30259
9,1,30260
8,2,30262
9,1,30263
9,1,30264
8,2,30266
7,3,30269
9,1,30270
8,2,30272
9,1,30273
-2,2,30275
-2,2,30277
7,3,30280
6,4,30284
9,1,30285
7,3,30288
-1,1,30289
9,1,30290
9,1,30291
8,2,30293
8,2,30295
-2,2,30297
8,2,30299
9,1,30300
9,1,30301
7,3,30304
8,2,30306
8,2,30308
-1,1,30309
9,1,30310
9,1,30311
8,2,30313
8,2,30315
-1,1,30316
8,2,30318
-1,1,30319
7,3,30322
9,1,30323
8,2,30325
9,1,30326
9,1,30327
8,2,30329
9,1,30330
9,1,30331
7,3,30334
8,2,30336
8,2,30338
9,1,30339
7,3,30342
-2,2,30344
9,1,30345
-1,1,30346
8,2,30348
8,2,30350
7,3,30353
7,3,30356
9,1,30357
8,2,30359
-1,1,30360
9,1,30361
-3,3,30364
9,1,30365
8,2,30367
9,1,30368
8,2,30370
8,2,30372
7,3,30375
6,4,30379
9,1,30380
9,1,30381
9,1,30382
-6,6,30388
-3,3,30391
9,1,30392
8,2,30394
7,3,30397
8,2,30399
9,1,30400
-2,2,30402
8,2,30404
7,3,30407
8,2,30409
9,1,30410
8,2,30412
9,1,30413
9,1,30414
9,1,30415
9,1,30416
8,2,30418
-1,1,30419
7,3,30422
9,1,30423
9,1,30424
3,7,30431
7,3,30434
9,1,30435
5,5,30440
9,1,30441
8,2,30443
8,2,30445
9,1,30446
7,3,30449
9,1,30450
8,2,30452
8,2,30454
-2,2,30456
8,2,30458
8,2,30460
9,1,30461
8,2,30463
7,3,30466
9,1,30467
8,2,30469
9,1,30470
7,3,30473
9,1,30474
8,2,30476
9,1,30477
9,1,30478
8,2,30480
3,7,30487
9,1,30488
9,1,30489
7,3,30492
9,1,30493
9,1,30494
8,2,30496
8,2,30498
9,1,30499
7,3,30502
5,5,30507
-1,1,30508
9,1,30509
8,2,30511
9,1,30512
9,1,30513
9,1,30514
9,1,30515
4,6,30521
7,3,30524
9,1,30525
7,3,30528
9,1,30529
9,1,30530
9,1,30531
9,1,30532
9,1,30533
8,2,30535
9,1,30536
-2,2,30538
9,1,30539
7,3,30542
8,2,30544
-2,2,30546
9,1,30547
9,1,30548
9,1,30549
8,2,30551
9,1,30552
9,1,30553
-1,1,30554
8,2,30556
7,3,30559
9,1,30560
9,1,30561
6,4,30565
8,2,30567
9,1,30568
9,1,30569
6,4,30573
9,1,30574
9,1,30575
9,1,30576
8,2,30578
9,1,30579
8,2,30581
9,1,30582
7,3,30585
9,1,30586
9,1,30587
9,1,30588
9,1,30589
8,2,30591
-1,1,30592
9,1,30593
7,3,30596
9,1,30597
9,1,30598
8,2,30600
8,2,30602
5,5,30607
9,1,30608
9,1,30609
8,2,30611
-17,17,30628
6,4,30632
-2,2,30634
9,1,30635
9,1,30636
9,1,30637
9,1,30638
9,1,30639
-1,1,30640
8,2,30642
9,1,30643
9,1,30644
8,2,30646
-2,2,30648
8,2,30650
8,2,30652
9,1,30653
9,1,30654
9,1,30655
9,1,30656
9,1,30657
9,1,30658
-3,3,30661
8,2,30663
9,1,30664
-2,2,30666
-1,1,30667
9,1,30668
8,2,30670
9,1,30671
8,2,30673
8,2,30675
7,3,30678
9,1,30679
7,3,30682
8,2,30684
9,1,30685
-2,2,30687
9,1,30688
9,1,30689
8,2,30691
9,1,30692
9,1,30693
9,1,30694
8,2,30696
9,1,30697
9,1,30698
8,2,30700
8,2,30702
8,2,30704
8,2,30706
-2,2,30708
8,2,30710
9,1,30711
8,2,30713
9,1,30714
9,1,30715
5,5,30720
9,1,30721
-5,5,30726
9,1,30727
8,2,30729
9,1,30730
9,1,30731
-3,3,30734
9,1,30735
7,3,30738
8,2,30740
9,1,30741
9,1,30742
9,1,30743
8,2,30745
9,1,30746
9,1,30747
9,1,30748
9,1,30749
5,5,30754
8,2,30756
9,1,30757
8,2,30759
8,2,30761
8,2,30763
9,1,30764
9,1,30765
8,2,30767
3,7,30774
8,2,30776
2,8,30784
6,4,30788
8,2,30790
9,1,30791
9,1,30792
9,1,30793
9,1,30794
9,1,30795
9,1,30796
-3,3,30799
8,2,30801
8,2,30803
7,3,30806
-2,2,30808
-1,1,30809
9,1,30810
8,2,30812
8,2,30814
9,1,30815
7,3,30818
9,1,30819
7,3,30822
8,2,30824
9,1,30825
8,2,30827
4,6,30833
9,1,30834
9,1,30835
9,1,30836
7,3,30839
9,1,30840
7,3,30843
8,2,30845
9,1,30846
-1,1,30847
9,1,30848
9,1,30849
9,1,30850
8,2,30852
9,1,30853
8,2,30855
9,1,30856
7,3,30859
9,1,30860
9,1,30861
9,1,30862
9,1,30863
9,1,30864
9,1,30865
6,4,30869
-2,2,30871
8,2,30873
8,2,30875
5,5,30880
8,2,30882
8,2,30884
8,2,30886
9,1,30887
9,1,30888
-1,1,30889
9,1,30890
9,1,30891
9,1,30892
7,3,30895
-3,3,30898
9,1,30899
8,2,30901
9,1,30902
7,3,30905
7,3,30908
9,1,30909
9,1,30910
9,1,30911
9,1,30912
-4,4,30916
8,2,30918
8,2,30920
9,1,30921
9,1,30922
7,3,30925
8,2,30927
9,1,30928
9,1,30929
9,1,30930
9,1,30931
8,2,30933
8,2,30935
8,2,30937
8,2,30939
7,3,30942
8,2,30944
8,2,30946
9,1,30947
6,4,30951
8,2,30953
9,1,30954
6,4,30958
7,3,30961
9,1,30962
8,2,30964
9,1,30965
6,4,30969
9,1,30970
9,1,30971
8,2,30973
8,2,30975
7,3,30978
8,2,30980
7,3,30983
7,3,30986
8,2,30988
-9,19,31007
9,1,31008
9,1,31009
9,1,31010
7,3,31013
9,1,31014
9,1,31015
8,2,31017
9,1,31018
9,1,31019
9,1,31020
9,1,31021
7,3,31024
-1,1,31025
9,1,31026
9,1,31027
8,2,31029
9,1,31030
7,3,31033
7,3,31036
1,9,31045
9,1,31046
8,2,31048
7,3,31051
9,1,31052
9,1,31053
8,2,31055
7,3,31058
9,1,31059
9,1,31060
-1,1,31061
-7,7,31068
7,3,31071
8,2,31073
8,2,31075
9,1,31076
8,2,31078
7,3,31081
8,2,31083
9,1,31084
7,3,31087
8,2,31089
8,2,31091
9,1,31092
9,1,31093
5,5,31098
9,1,31099
7,3,31102
9,1,31103
8,2,31105
9,1,31106
8,2,31108
8,2,31110
9,1,31111
9,1,31112
-3,3,31115
7,3,31118
9,1,31119
8,2,31121
8,2,31123
9,1,31124
9,1,31125
9,1,31126
9,1,31127
9,1,31128
8,2,31130
9,1,31131
4,6,31137
9,1,31138
8,2,31140
9,1,31141
9,1,31142
7,3,31145
8,2,31147
9,1,31148
9,1,31149
9,1,31150
9,1,31151
-1,1,31152
9,1,31153
8,2,31155
9,1,31156
9,1,31157
9,1,31158
7,3,31161
9,1,31162
9,1,31163
8,2,31165
7,3,31168
9,1,31169
9,1,31170
8,2,31172
9,1,31173
6,4,31177
7,3,31180
8,2,31182
9,1,31183
9,1,31184
7,3,31187
7,3,31190
9,1,31191
9,1,31192
8,2,31194
8,2,31196
7,3,31199
6,4,31203
8,2,31205
8,2,31207
8,2,31209
8,2,31211
8,2,31213
9,1,31214
9,1,31215
8,2,31217
8,2,31219
9,1,31220
9,1,31221
8,2,31223
9,1,31224
8,2,31226
8,2,31228
9,1,31229
8,2,31231
7,3,31234
8,2,31236
8,2,31238
-3,3,31241
7,3,31244
9,1,31245
8,2,31247
8,2,31249
7,3,31252
9,1,31253
7,3,31256
8,2,31258
9,1,31259
8,2,31261
8,2,31263
9,1,31264
-1,1,31265
8,2,31267
6,4,31271
-1,1,31272
-2,2,31274
9,1,31275
9,1,31276
8,2,31278
9,1,31279
-1,1,31280
8,2,31282
7,3,31285
9,1,31286
7,3,31289
7,3,31292
8,2,31294
2,8,31302
5,5,31307
8,2,31309
8,2,31311
9,1,31312
8,2,31314
7,3,31317
7,3,31320
8,2,31322
8,2,31324
5,5,31329
9,1,31330
7,3,31333
9,1,31334
-5,5,31339
8,2,31341
9,1,31342
9,1,31343
8,2,31345
9,1,31346
9,1,31347
8,2,31349
9,1,31350
8,2,31352
8,2,31354
8,2,31356
8,2,31358
9,1,31359
8,2,31361
7,3,31364
9,1,31365
-1,1,31366
9,1,31367
9,1,31368
9,1,31369
9,1,31370
7,3,31373
7,3,31376
9,1,31377
5,5,31382
9,1,31383
9,1,31384
9,1,31385
8,2,31387
7,3,31390
8,2,31392
9,1,31393
8,2,31395
9,1,31396
9,1,31397
8,2,31399
9,1,31400
9,1,31401
8,2,31403
7,3,31406
9,1,31407
8,2,31409
7,3,31412
9,1,31413
-2,2,31415
6,4,31419
9,1,31420
-1,1,31421
8,2,31423
8,2,31425
-1,1,31426
9,1,31427
8,2,31429
-2,2,31431
9,1,31432
6,4,31436
8,2,31438
8,2,31440
8,2,31442
7,3,31445
9,1,31446
-1,1,31447
7,3,31450
8,2,31452
8,2,31454
-2,2,31456
9,1,31457
9,1,31458
9,1,31459
6,4,31463
9,1,31464
8,2,31466
-1,1,31467
8,2,31469
9,1,31470
9,1,31471
7,3,31474
8,2,31476
6,4,31480
5,5,31485
-2,2,31487
9,1,31488
9,1,31489
8,2,31491
2,8,31499
9,1,31500
9,1,31501
7,3,31504
9,1,31505
9,1,31506
9,1,31507
8,2,31509
-2,2,31511
9,1,31512
-1,1,31513
8,2,31515
8,2,31517
8,2,31519
9,1,31520
-2,2,31522
-1,1,31523
9,1,31524
7,3,31527
8,2,31529
8,2,31531
8,2,31533
7,3,31536
9,1,31537
9,1,31538
9,1,31539
-2,2,31541
9,1,31542
8,2,31544
-1,1,31545
8,2,31547
9,1,31548
9,1,31549
9,1,31550
9,1,31551
-3,3,31554
9,1,31555
8,2,31557
9,1,31558
9,1,31559
-1,1,31560
8,2,31562
9,1,31563
-1,1,31564
7,3,31567
9,1,31568
8,2,31570
8,2,31572
-3,3,31575
8,2,31577
9,1,31578
9,1,31579
9,1,31580
9,1,31581
7,3,31584
9,1,31585
7,3,31588
-1,1,31589
6,4,31593
9,1,31594
9,1,31595
9,1,31596
8,2,31598
9,1,31599
8,2,31601
9,1,31602
-1,1,31603
9,1,31604
9,1,31605
-1,1,31606
9,1,31607
8,2,31609
9,1,31610
9,1,31611
8,2,31613
9,1,31614
7,3,31617
9,1,31618
9,1,31619
9,1,31620
9,1,31621
9,1,31622
9,1,31623
8,2,31625
7,3,31628
8,2,31630
8,2,31632
9,1,31633
8,2,31635
9,1,31636
9,1,31637
8,2,31639
8,2,31641
8,2,31643
8,2,31645
8,2,31647
8,2,31649
9,1,31650
9,1,31651
3,7,31658
9,1,31659
8,2,31661
-3,3,31664
8,2,31666
9,1,31667
9,1,31668
9,1,31669
9,1,31670
9,1,31671
9,1,31672
7,3,31675
-3,3,31678
9,1,31679
7,3,31682
9,1,31683
7,3,31686
7,3,31689
8,2,31691
4,6,31697
9,1,31698
9,1,31699
9,1,31700
9,1,31701
9,1,31702
7,3,31705
9,1,31706
8,2,31708
8,2,31710
9,1,31711
8,2,31713
8,2,31715
9,1,31716
8,2,31718
-2,2,31720
7,3,31723
9,1,31724
9,1,31725
7,3,31728
8,2,31730
8,2,31732
6,4,31736
8,2,31738
9,1,31739
-2,2,31741
8,2,31743
9,1,31744
8,2,31746
9,1,31747
7,3,31750
9,1,31751
-4,4,31755
-2,2,31757
9,1,31758
8,2,31760
4,6,31766
8,2,31768
9,1,31769
6,4,31773
7,3,31776
8,2,31778
9,1,31779
9,1,31780
9,1,31781
8,2,31783
-1,1,31784
9,1,31785
9,1,31786
9,1,31787
9,1,31788
8,2,31790
9,1,31791
9,1,31792
-1,1,31793
9,1,31794
9,1,31795
-2,2,31797
9,1,31798
9,1,31799
9,1,31800
-1,1,31801
8,2,31803
9,1,31804
9,1,31805
-1,1,31806
-1,1,31807
7,3,31810
9,1,31811
9,1,31812
9,1,31813
9,1,31814
7,3,31817
8,2,31819
8,2,31821
9,1,31822
7,3,31825
7,3,31828
8,2,31830
8,2,31832
9,1,31833
8,2,31835
8,2,31837
9,1,31838
7,3,31841
7,3,31844
8,2,31846
9,1,31847
5,5,31852
9,1,31853
7,3,31856
9,1,31857
9,1,31858
9,1,31859
7,3,31862
8,2,31864
7,3,31867
9,1,31868
-2,2,31870
5,5,31875
9,1,31876
8,2,31878
8,2,31880
8,2,31882
8,2,31884
6,4,31888
5,5,31893
7,3,31896
9,1,31897
9,1,31898
-1,1,31899
-1,1,31900
8,2,31902
9,1,31903
8,2,31905
9,1,31906
9,1,31907
9,1,31908
-1,1,31909
9,1,31910
9,1,31911
9,1,31912
9,1,31913
9,1,31914
9,1,31915
8,2,31917
7,3,31920
9,1,31921
7,3,31924
9,1,31925
8,2,31927
8,2,31929
8,2,31931
9,1,31932
9,1,31933
9,1,31934
8,2,31936
9,1,31937
9,1,31938
7,3,31941
7,3,31944
7,3,31947
8,2,31949
8,2,31951
9,1,31952
9,1,31953
9,1,31954
9,1,31955
9,1,31956
9,1,31957
9,1,31958
6,4,31962
9,1,31963
9,1,31964
9,1,31965
9,1,31966
9,1,31967
8,2,31969
8,2,31971
9,1,31972
8,2,31974
7,3,31977
7,3,31980
9,1,31981
9,1,31982
-1,1,31983
9,1,31984
5,5,31989
8,2,31991
7,3,31994
8,2,31996
9,1,31997
9,1,31998
9,1,31999
8,2,32001
8,2,32003
-1,1,32004
7,3,32007
7,3,32010
7,3,32013
9,1,32014
9,1,32015
9,1,32016
7,3,32019
9,1,32020
9,1,32021
9,1,32022
8,2,32024
9,1,32025
9,1,32026
9,1,32027
-5,5,32032
8,2,32034
9,1,32035
7,3,32038
8,2,32040
9,1,32041
9,1,32042
9,1,32043
9,1,32044
9,1,32045
8,2,32047
9,1,32048
8,2,32050
9,1,32051
9,1,32052
7,3,32055
8,2,32057
8,2,32059
5,5,32064
9,1,32065
5,5,32070
9,1,32071
7,3,32074
8,2,32076
9,1,32077
-2,2,32079
6,4,32083
6,4,32087
-1,1,32088
-2,2,32090
8,2,32092
9,1,32093
8,2,32095
8,2,32097
9,1,32098
7,3,32101
9,1,32102
9,1,32103
9,1,32104
6,4,32108
8,2,32110
-2,2,32112
9,1,32113
9,1,32114
9,1,32115
9,1,32116
9,1,32117
9,1,32118
8,2,32120
8,2,32122
-2,2,32124
9,1,32125
7,3,32128
7,3,32131
8,2,32133
9,1,32134
9,1,32135
9,1,32136
9,1,32137
9,1,32138
8,2,32140
9,1,32141
6,4,32145
8,2,32147
-2,2,32149
9,1,32150
9,1,32151
8,2,32153
9,1,32154
8,2,32156
7,3,32159
9,1,32160
9,1,32161
9,1,32162
8,2,32164
8,2,32166
8,2,32168
9,1,32169
-1,1,32170
9,1,32171
8,2,32173
9,1,32174
8,2,32176
9,1,32177
9,1,32178
8,2,32180
-1,1,32181
8,2,32183
-2,2,32185
-1,1,32186
9,1,32187
8,2,32189
8,2,32191
9,1,32192
9,1,32193
9,1,32194
9,1,32195
9,1,32196
8,2,32198
9,1,32199
8,2,32201
9,1,32202
9,1,32203
9,1,32204
7,3,32207
9,1,32208
9,1,32209
6,4,32213
8,2,32215
9,1,32216
8,2,32218
8,2,32220
8,2,32222
8,2,32224
9,1,32225
8,2,32227
9,1,32228
8,2,32230
6,4,32234
8,2,32236
8,2,32238
9,1,32239
8,2,32241
9,1,32242
9,1,32243
9,1,32244
8,2,32246
9,1,32247
9,1,32248
9,1,32249
9,1,32250
9,1,32251
7,3,32254
9,1,32255
9,1,32256
8,2,32258
8,2,32260
9,1,32261
7,3,32264
9,1,32265
9,1,32266
8,2,32268
9,1,32269
-3,3,32272
9,1,32273
9,1,32274
8,2,32276
8,2,32278
9,1,32279
4,6,32285
9,1,32286
8,2,32288
8,2,32290
7,3,32293
9,1,32294
9,1,32295
9,1,32296
7,3,32299
9,1,32300
8,2,32302
9,1,32303
8,2,32305
8,2,32307
-1,1,32308
9,1,32309
9,1,32310
8,2,32312
9,1,32313
9,1,32314
9,1,32315
8,2,32317
9,1,32318
8,2,32320
6,4,32324
9,1,32325
-2,2,32327
4,6,32333
7,3,32336
8,2,32338
9,1,32339
9,1,32340
7,3,32343
9,1,32344
8,2,32346
8,2,32348
9,1,32349
9,1,32350
8,2,32352
7,3,32355
8,2,32357
8,2,32359
9,1,32360
8,2,32362
9,1,32363
-3,3,32366
-2,2,32368
7,3,32371
9,1,32372
8,2,32374
-2,2,32376
8,2,32378
8,2,32380
9,1,32381
9,1,32382
-1,1,32383
-2,2,32385
8,2,32387
9,1,32388
9,1,32389
9,1,32390
9,1,32391
8,2,32393
-1,1,32394
5,5,32399
9,1,32400
5,5,32405
9,1,32406
5,5,32411
8,2,32413
-4,4,32417
9,1,32418
9,1,32419
8,2,32421
6,4,32425
8,2,32427
8,2,32429
9,1,32430
7,3,32433
9,1,32434
8,2,32436
-1,1,32437
8,2,32439
9,1,32440
9,1,32441
7,3,32444
9,1,32445
8,2,32447
9,1,32448
9,1,32449
9,1,32450
-4,4,32454
8,2,32456
9,1,32457
9,1,32458
9,1,32459
8,2,32461
9,1,32462
7,3,32465
8,2,32467
8,2,32469
8,2,32471
8,2,32473
7,3,32476
-1,1,32477
8,2,32479
9,1,32480
9,1,32481
7,3,32484
9,1,32485
9,1,32486
9,1,32487
8,2,32489
9,1,32490
9,1,32491
8,2,32493
9,1,32494
9,1,32495
-1,1,32496
9,1,32497
8,2,32499
9,1,32500
9,1,32501
8,2,32503
6,4,32507
8,2,32509
9,1,32510
5,5,32515
9,1,32516
9,1,32517
9,1,32518
8,2,32520
9,1,32521
9,1,32522
-1,1,32523
9,1,32524
8,2,32526
-4,4,32530
9,1,32531
9,1,32532
-2,2,32534
9,1,32535
7,3,32538
-1,1,32539
8,2,32541
9,1,32542
-2,2,32544
9,1,32545
9,1,32546
8,2,32548
7,3,32551
9,1,32552
9,1,32553
9,1,32554
8,2,32556
9,1,32557
9,1,32558
9,1,32559
7,3,32562
8,2,32564
8,2,32566
7,3,32569
9,1,32570
9,1,32571
9,1,32572
-2,2,32574
-2,2,32576
8,2,32578
-1,1,32579
9,1,32580
9,1,32581
9,1,32582
9,1,32583
8,2,32585
8,2,32587
8,2,32589
9,1,32590
8,2,32592
9,1,32593
9,1,32594
9,1,32595
8,2,32597
9,1,32598
8,2,32600
-1,1,32601
7,3,32604
8,2,32606
-2,2,32608
9,1,32609
9,1,32610
9,1,32611
8,2,32613
-2,2,32615
-1,1,32616
2,8,32624
8,2,32626
9,1,32627
9,1,32628
9,1,32629
6,4,32633
8,2,32635
9,1,32636
8,2,32638
8,2,32640
8,2,32642
9,1,32643
9,1,32644
8,2,32646
9,1,32647
7,3,32650
9,1,32651
9,1,32652
8,2,32654
9,1,32655
9,1,32656
8,2,32658
8,2,32660
8,2,32662
8,2,32664
9,1,32665
8,2,32667
3,7,32674
9,1,32675
5,5,32680
9,1,32681
9,1,32682
8,2,32684
8,2,32686
9,1,32687
7,3,32690
9,1,32691
8,2,32693
7,3,32696
7,3,32699
8,2,32701
9,1,32702
8,2,32704
-1,1,32705
8,2,32707
7,3,32710
-1,1,32711
9,1,32712
8,2,32714
9,1,32715
8,2,32717
9,1,32718
8,2,32720
8,2,32722
7,3,32725
9,1,32726
9,1,32727
9,1,32728
9,1,32729
9,1,32730
9,1,32731
6,4,32735
8,2,32737
-2,2,32739
9,1,32740
9,1,32741
8,2,32743
9,1,32744
9,1,32745
9,1,32746
9,1,32747
8,2,32749
-1,1,32750
9,1,32751
9,1,32752
9,1,32753
7,3,32756
9,1,32757
9,1,32758
7,3,32761
6,4,32765
-2,2,32767
6,4,32771
8,2,32773
8,2,32775
9,1,32776
9,1,32777
9,1,32778
9,1,32779
8,2,32781
8,2,32783
9,1,32784
5,5,32789
7,3,32792
9,1,32793
8,2,32795
8,2,32797
8,2,32799
-8,8,32807
9,1,32808
9,1,32809
9,1,32810
8,2,32812
6,4,32816
9,1,32817
7,3,32820
8,2,32822
8,2,32824
9,1,32825
-2,12,32837
7,3,32840
8,2,32842
6,4,32846
8,2,32848
6,4,32852
9,1,32853
-2,2,32855
9,1,32856
8,2,32858
9,1,32859
9,1,32860
9,1,32861
9,1,32862
8,2,32864
7,3,32867
7,3,32870
9,1,32871
7,3,32874
7,3,32877
-6,6,32883
9,1,32884
7,3,32887
8,2,32889
8,2,32891
9,1,32892
9,1,32893
9,1,32894
-1,1,32895
8,2,32897
7,3,32900
8,2,32902
8,2,32904
8,2,32906
7,3,32909
8,2,32911
9,1,32912
9,1,32913
9,1,32914
-2,2,32916
9,1,32917
8,2,32919
6,4,32923
9,1,32924
7,3,32927
6,4,32931
9,1,32932
8,2,32934
9,1,32935
7,3,32938
6,4,32942
6,4,32946
7,3,32949
8,2,32951
9,1,32952
9,1,32953
8,2,32955
9,1,32956
8,2,32958
7,3,32961
7,3,32964
9,1,32965
9,1,32966
8,2,32968
8,2,32970
9,1,32971
9,1,32972
8,2,32974
8,2,32976
9,1,32977
8,2,32979
7,3,32982
9,1,32983
7,3,32986
9,1,32987
-1,1,32988
8,2,32990
-6,6,32996
7,3,32999
7,3,33002
9,1,33003
9,1,33004
9,1,33005
7,3,33008
8,2,33010
9,1,33011
-2,2,33013
9,1,33014
8,2,33016
9,1,33017
-2,2,33019
9,1,33020
8,2,33022
-1,1,33023
9,1,33024
8,2,33026
8,2,33028
9,1,33029
8,2,33031
7,3,33034
9,1,33035
8,2,33037
-4,4,33041
9,1,33042
9,1,33043
8,2,33045
9,1,33046
8,2,33048
9,1,33049
9,1,33050
8,2,33052
2,8,33060
8,2,33062
8,2,33064
9,1,33065
8,2,33067
8,2,33069
9,1,33070
7,3,33073
7,3,33076
-1,1,33077
9,1,33078
9,1,33079
9,1,33080
9,1,33081
9,1,33082
9,1,33083
8,2,33085
7,3,33088
8,2,33090
7,3,33093
7,3,33096
8,2,33098
8,2,33100
7,3,33103
9,1,33104
6,4,33108
9,1,33109
8,2,33111
8,2,33113
7,3,33116
9,1,33117
7,3,33120
9,1,33121
8,2,33123
8,2,33125
8,2,33127
8,2,33129
9,1,33130
9,1,33131
9,1,33132
9,1,33133
9,1,33134
8,2,33136
7,3,33139
7,3,33142
7,3,33145
9,1,33146
8,2,33148
9,1,33149
9,1,33150
9,1,33151
9,1,33152
9,1,33153
7,3,33156
9,1,33157
7,3,33160
9,1,33161
9,1,33162
8,2,33164
9,1,33165
9,1,33166
8,2,33168
8,2,33170
9,1,33171
8,2,33173
9,1,33174
9,1,33175
9,1,33176
9,1,33177
7,3,33180
8,2,33182
8,2,33184
-2,2,33186
9,1,33187
8,2,33189
-1,1,33190
-2,2,33192
7,3,33195
8,2,33197
6,4,33201
8,2,33203
9,1,33204
9,1,33205
-1,1,33206
9,1,33207
8,2,33209
9,1,33210
8,2,33212
8,2,33214
8,2,33216
-1,1,33217
8,2,33219
8,2,33221
9,1,33222
8,2,33224
8,2,33226
8,2,33228
9,1,33229
8,2,33231
9,1,33232
9,1,33233
8,2,33235
-2,2,33237
9,1,33238
8,2,33240
6,4,33244
8,2,33246
8,2,33248
9,1,33249
9,1,33250
7,3,33253
-2,2,33255
9,1,33256
9,1,33257
9,1,33258
7,3,33261
9,1,33262
-3,3,33265
8,2,33267
9,1,33268
7,3,33271
9,1,33272
8,2,33274
-3,3,33277
8,2,33279
8,2,33281
9,1,33282
-3,3,33285
9,1,33286
9,1,33287
8,2,33289
9,1,33290
9,1,33291
8,2,33293
6,4,33297
7,3,33300
9,1,33301
9,1,33302
9,1,33303
2,8,33311
9,1,33312
-1,1,33313
9,1,33314
8,2,33316
6,4,33320
8,2,33322
9,1,33323
8,2,33325
7,3,33328
-4,4,33332
9,1,33333
9,1,33334
8,2,33336
9,1,33337
9,1,33338
8,2,33340
9,1,33341
9,1,33342
-3,3,33345
8,2,33347
8,2,33349
8,2,33351
9,1,33352
8,2,33354
-1,1,33355
7,3,33358
7,3,33361
7,3,33364
9,1,33365
9,1,33366
-1,1,33367
7,3,33370
7,3,33373
9,1,33374
9,1,33375
9,1,33376
8,2,33378
7,3,33381
9,1,33382
9,1,33383
8,2,33385
9,1,33386
8,2,33388
9,1,33389
8,2,33391
9,1,33392
9,1,33393
9,1,33394
9,1,33395
8,2,33397
7,3,33400
-5,5,33405
9,1,33406
9,1,33407
9,1,33408
8,2,33410
8,2,33412
6,4,33416
9,1,33417
7,3,33420
8,2,33422
9,1,33423
9,1,33424
8,2,33426
9,1,33427
6,4,33431
9,1,33432
7,3,33435
7,3,33438
-2,2,33440
9,1,33441
8,2,33443
9,1,33444
8,2,33446
7,3,33449
9,1,33450
8,2,33452
9,1,33453
8,2,33455
7,3,33458
8,2,33460
9,1,33461
-1,1,33462
9,1,33463
9,1,33464
8,2,33466
8,2,33468
9,1,33469
8,2,33471
9,1,33472
9,1,33473
8,2,33475
9,1,33476
8,2,33478
-1,1,33479
9,1,33480
8,2,33482
9,1,33483
8,2,33485
9,1,33486
9,1,33487
7,3,33490
9,1,33491
9,1,33492
7,3,33495
8,2,33497
9,1,33498
8,2,33500
6,4,33504
-1,1,33505
8,2,33507
9,1,33508
9,1,33509
7,3,33512
8,2,33514
8,2,33516
8,2,33518
7,3,33521
8,2,33523
-2,2,33525
8,2,33527
8,2,33529
-2,2,33531
9,1,33532
9,1,33533
9,1,33534
5,5,33539
7,3,33542
-1,1,33543
8,2,33545
8,2,33547
9,1,33548
9,1,33549
9,1,33550
9,1,33551
9,1,33552
8,2,33554
9,1,33555
8,2,33557
8,2,33559
9,1,33560
-2,2,33562
9,1,33563
9,1,33564
9,1,33565
7,3,33568
8,2,33570
9,1,33571
-1,1,33572
9,1,33573
9,1,33574
9,1,33575
7,3,33578
9,1,33579
8,2,33581
9,1,33582
8,2,33584
7,3,33587
7,3,33590
7,3,33593
9,1,33594
7,3,33597
9,1,33598
-1,1,33599
9,1,33600
6,4,33604
9,1,33605
9,1,33606
9,1,33607
8,2,33609
9,1,33610
7,3,33613
7,3,33616
9,1,33617
-4,4,33621
6,4,33625
9,1,33626
9,1,33627
8,2,33629
9,1,33630
8,2,33632
9,1,33633
8,2,33635
-1,1,33636
8,2,33638
9,1,33639
8,2,33641
8,2,33643
8,2,33645
7,3,33648
8,2,33650
8,2,33652
9,1,33653
-1,1,33654
-1,1,33655
9,1,33656
9,1,33657
7,3,33660
9,1,33661
9,1,33662
-2,2,33664
9,1,33665
7,3,33668
9,1,33669
-3,3,33672
8,2,33674
7,3,33677
7,3,33680
9,1,33681
7,3,33684
8,2,33686
9,1,33687
9,1,33688
9,1,33689
7,3,33692
6,4,33696
9,1,33697
8,2,33699
6,4,33703
9,1,33704
8,2,33706
9,1,33707
7,3,33710
8,2,33712
6,4,33716
-1,1,33717
7,3,33720
9,1,33721
9,1,33722
-1,1,33723
8,2,33725
7,3,33728
8,2,33730
8,2,33732
7,3,33735
9,1,33736
8,2,33738
7,3,33741
7,3,33744
9,1,33745
7,3,33748
9,1,33749
9,1,33750
7,3,33753
9,1,33754
7,3,33757
9,1,33758
9,1,33759
7,3,33762
8,2,33764
8,2,33766
8,2,33768
-1,1,33769
9,1,33770
9,1,33771
8,2,33773
8,2,33775
8,2,33777
4,6,33783
8,2,33785
-1,1,33786
9,1,33787
8,2,33789
9,1,33790
9,1,33791
-2,2,33793
9,1,33794
9,1,33795
9,1,33796
9,1,33797
9,1,33798
9,1,33799
9,1,33800
8,2,33802
9,1,33803
9,1,33804
-3,3,33807
9,1,33808
9,1,33809
9,1,33810
9,1,33811
9,1,33812
9,1,33813
7,3,33816
9,1,33817
8,2,33819
-1,1,33820
9,1,33821
9,1,33822
9,1,33823
4,6,33829
8,2,33831
8,2,33833
9,1,33834
8,2,33836
9,1,33837
-4,4,33841
9,1,33842
7,3,33845
9,1,33846
7,3,33849
8,2,33851
9,1,33852
9,1,33853
6,4,33857
8,2,33859
9,1,33860
6,4,33864
8,2,33866
9,1,33867
9,1,33868
9,1,33869
9,1,33870
9,1,33871
9,1,33872
-1,1,33873
9,1,33874
3,7,33881
-2,2,33883
9,1,33884
9,1,33885
8,2,33887
9,1,33888
-1,1,33889
8,2,33891
9,1,33892
9,1,33893
9,1,33894
9,1,33895
9,1,33896
9,1,33897
9,1,33898
8,2,33900
9,1,33901
8,2,33903
8,2,33905
7,3,33908
8,2,33910
9,1,33911
-1,1,33912
7,3,33915
9,1,33916
9,1,33917
9,1,33918
-2,2,33920
9,1,33921
7,3,33924
-6,6,33930
9,1,33931
8,2,33933
9,1,33934
5,5,33939
8,2,33941
9,1,33942
9,1,33943
9,1,33944
6,4,33948
9,1,33949
8,2,33951
8,2,33953
9,1,33954
8,2,33956
6,4,33960
9,1,33961
6,4,33965
9,1,33966
9,1,33967
7,3,33970
-1,1,33971
8,2,33973
-2,2,33975
8,2,33977
8,2,33979
9,1,33980
9,1,33981
8,2,33983
9,1,33984
8,2,33986
7,3,33989
-3,3,33992
8,2,33994
9,1,33995
9,1,33996
9,1,33997
9,1,33998
9,1,33999
-2,2,34001
9,1,34002
8,2,34004
8,2,34006
9,1,34007
9,1,34008
9,1,34009
9,1,34010
8,2,34012
7,3,34015
8,2,34017
8,2,34019
9,1,34020
7,3,34023
-1,1,34024
9,1,34025
6,4,34029
8,2,34031
9,1,34032
8,2,34034
7,3,34037
9,1,34038
9,1,34039
8,2,34041
6,4,34045
9,1,34046
8,2,34048
8,2,34050
9,1,34051
9,1,34052
9,1,34053
-1,1,34054
8,2,34056
9,1,34057
8,2,34059
-1,1,34060
9,1,34061
9,1,34062
8,2,34064
5,5,34069
8,2,34071
8,2,34073
9,1,34074
-2,2,34076
8,2,34078
8,2,34080
8,2,34082
8,2,34084
9,1,34085
9,1,34086
9,1,34087
-2,2,34089
9,1,34090
-3,3,34093
9,1,34094
8,2,34096
7,3,34099
9,1,34100
9,1,34101
9,1,34102
9,1,34103
8,2,34105
9,1,34106
6,4,34110
9,1,34111
9,1,34112
7,3,34115
8,2,34117
9,1,34118
9,1,34119
9,1,34120
9,1,34121
8,2,34123
8,2,34125
9,1,34126
9,1,34127
8,2,34129
9,1,34130
9,1,34131
8,2,34133
-1,1,34134
6,4,34138
8,2,34140
9,1,34141
8,2,34143
9,1,34144
8,2,34146
8,2,34148
8,2,34150
9,1,34151
7,3,34154
9,1,34155
-3,3,34158
8,2,34160
8,2,34162
-1,1,34163
8,2,34165
9,1,34166
6,4,34170
9,1,34171
8,2,34173
8,2,34175
8,2,34177
9,1,34178
7,3,34181
6,4,34185
9,1,34186
8,2,34188
9,1,34189
9,1,34190
6,4,34194
9,1,34195
8,2,34197
8,2,34199
8,2,34201
8,2,34203
9,1,34204
9,1,34205
9,1,34206
8,2,34208
-1,1,34209
8,2,34211
9,1,34212
8,2,34214
9,1,34215
9,1,34216
9,1,34217
9,1,34218
9,1,34219
8,2,34221
8,2,34223
9,1,34224
9,1,34225
8,2,34227
9,1,34228
9,1,34229
9,1,34230
8,2,34232
8,2,34234
8,2,34236
-1,1,34237
-2,2,34239
9,1,34240
7,3,34243
8,2,34245
8,2,34247
8,2,34249
9,1,34250
8,2,34252
7,3,34255
9,1,34256
7,3,34259
9,1,34260
8,2,34262
8,2,34264
-2,2,34266
9,1,34267
9,1,34268
8,2,34270
8,2,34272
9,1,34273
8,2,34275
9,1,34276
7,3,34279
9,1,34280
8,2,34282
7,3,34285
8,2,34287
9,1,34288
-1,1,34289
9,1,34290
8,2,34292
8,2,34294
8,2,34296
8,2,34298
9,1,34299
-1,1,34300
9,1,34301
7,3,34304
9,1,34305
8,2,34307
8,2,34309
8,2,34311
9,1,34312
8,2,34314
9,1,34315
8,2,34317
-1,1,34318
8,2,34320
8,2,34322
-6,6,34328
9,1,34329
-4,4,34333
7,3,34336
9,1,34337
6,4,34341
9,1,34342
8,2,34344
9,1,34345
7,3,34348
4,6,34354
9,1,34355
9,1,34356
9,1,34357
9,1,34358
9,1,34359
-2,2,34361
9,1,34362
9,1,34363
9,1,34364
9,1,34365
8,2,34367
9,1,34368
9,1,34369
9,1,34370
9,1,34371
9,1,34372
9,1,34373
8,2,34375
9,1,34376
9,1,34377
9,1,34378
9,1,34379
9,1,34380
8,2,34382
9,1,34383
8,2,34385
8,2,34387
9,1,34388
9,1,34389
9,1,34390
7,3,34393
8,2,34395
-1,1,34396
6,4,34400
9,1,34401
6,4,34405
9,1,34406
7,3,34409
9,1,34410
9,1,34411
8,2,34413
9,1,34414
9,1,34415
8,2,34417
9,1,34418
9,1,34419
9,1,34420
9,1,34421
7,3,34424
9,1,34425
9,1,34426
7,3,34429
-2,2,34431
9,1,34432
7,3,34435
-1,1,34436
9,1,34437
9,1,34438
9,1,34439
9,1,34440
9,1,34441
9,1,34442
8,2,34444
8,2,34446
7,3,34449
7,3,34452
8,2,34454
7,3,34457
7,3,34460
-1,1,34461
-2,2,34463
9,1,34464
8,2,34466
-2,2,34468
7,3,34471
9,1,34472
8,2,34474
9,1,34475
8,2,34477
9,1,34478
9,1,34479
9,1,34480
7,3,34483
7,3,34486
9,1,34487
9,1,34488
7,3,34491
-3,3,34494
8,2,34496
9,1,34497
6,4,34501
9,1,34502
8,2,34504
8,2,34506
9,1,34507
9,1,34508
9,1,34509
7,3,34512
9,1,34513
6,4,34517
6,4,34521
8,2,34523
8,2,34525
7,3,34528
-3,3,34531
-1,1,34532
9,1,34533
9,1,34534
9,1,34535
9,1,34536
7,3,34539
6,4,34543
9,1,34544
4,6,34550
-3,3,34553
9,1,34554
9,1,34555
9,1,34556
9,1,34557
9,1,34558
8,2,34560
9,1,34561
9,1,34562
9,1,34563
9,1,34564
9,1,34565
9,1,34566
8,2,34568
9,1,34569
9,1,34570
8,2,34572
4,6,34578
9,1,34579
9,1,34580
8,2,34582
8,2,34584
9,1,34585
9,1,34586
8,2,34588
9,1,34589
9,1,34590
7,3,34593
8,2,34595
8,2,34597
9,1,34598
9,1,34599
9,1,34600
9,1,34601
8,2,34603
9,1,34604
7,3,34607
9,1,34608
6,4,34612
8,2,34614
9,1,34615
9,1,34616
9,1,34617
7,3,34620
9,1,34621
9,1,34622
8,2,34624
9,1,34625
8,2,34627
9,1,34628
9,1,34629
7,3,34632
9,1,34633
9,1,34634
7,3,34637
8,2,34639
2,8,34647
-1,1,34648
8,2,34650
8,2,34652
7,3,34655
8,2,34657
-2,2,34659
8,2,34661
9,1,34662
8,2,34664
9,1,34665
8,2,34667
9,1,34668
9,1,34669
9,1,34670
9,1,34671
7,3,34674
7,3,34677
9,1,34678
9,1,34679
8,2,34681
9,1,34682
9,1,34683
9,1,34684
9,1,34685
-2,2,34687
9,1,34688
8,2,34690
9,1,34691
7,3,34694
9,1,34695
9,1,34696
9,1,34697
7,3,34700
9,1,34701
9,1,34702
9,1,34703
7,3,34706
8,2,34708
9,1,34709
7,3,34712
8,2,34714
9,1,34715
9,1,34716
7,3,34719
7,3,34722
8,2,34724
9,1,34725
9,1,34726
7,3,34729
9,1,34730
7,3,34733
4,6,34739
9,1,34740
9,1,34741
8,2,34743
9,1,34744
7,3,34747
9,1,34748
5,5,34753
-1,1,34754
8,2,34756
9,1,34757
9,1,34758
9,1,34759
8,2,34761
9,1,34762
-1,1,34763
8,2,34765
9,1,34766
8,2,34768
9,1,34769
9,1,34770
7,3,34773
9,1,34774
9,1,34775
8,2,34777
7,3,34780
9,1,34781
8,2,34783
7,3,34786
8,2,34788
9,1,34789
8,2,34791
8,2,34793
8,2,34795
9,1,34796
8,2,34798
9,1,34799
-1,1,34800
9,1,34801
8,2,34803
-1,1,34804
7,3,34807
8,2,34809
8,2,34811
8,2,34813
9,1,34814
-3,3,34817
8,2,34819
9,1,34820
9,1,34821
9,1,34822
9,1,34823
9,1,34824
8,2,34826
8,2,34828
9,1,34829
8,2,34831
8,2,34833
9,1,34834
8,2,34836
9,1,34837
8,2,34839
8,2,34841
8,2,34843
9,1,34844
8,2,34846
-5,5,34851
9,1,34852
7,3,34855
-1,1,34856
9,1,34857
8,2,34859
9,1,34860
9,1,34861
9,1,34862
8,2,34864
9,1,34865
7,3,34868
9,1,34869
9,1,34870
8,2,34872
6,4,34876
9,1,34877
8,2,34879
9,1,34880
9,1,34881
9,1,34882
9,1,34883
9,1,34884
4,6,34890
8,2,34892
9,1,34893
9,1,34894
9,1,34895
8,2,34897
9,1,34898
9,1,34899
9,1,34900
8,2,34902
9,1,34903
9,1,34904
-1,1,34905
9,1,34906
9,1,34907
8,2,34909
7,3,34912
9,1,34913
9,1,34914
9,1,34915
8,2,34917
9,1,34918
9,1,34919
8,2,34921
8,2,34923
9,1,34924
9,1,34925
9,1,34926
9,1,34927
8,2,34929
-1,1,34930
-2,2,34932
7,3,34935
1,9,34944
8,2,34946
7,3,34949
7,3,34952
8,2,34954
9,1,34955
9,1,34956
9,1,34957
9,1,34958
9,1,34959
8,2,34961
7,3,34964
9,1,34965
4,6,34971
-4,4,34975
9,1,34976
8,2,34978
9,1,34979
7,3,34982
9,1,34983
8,2,34985
8,2,34987
9,1,34988
-1,1,34989
9,1,34990
9,1,34991
7,3,34994
7,3,34997
9,1,34998
9,1,34999
9,1,35000
9,1,35001
9,1,35002
7,3,35005
8,2,35007
9,1,35008
8,2,35010
9,1,35011
9,1,35012
9,1,35013
9,1,35014
8,2,35016
8,2,35018
9,1,35019
9,1,35020
5,5,35025
-1,1,35026
9,1,35027
8,2,35029
7,3,35032
8,2,35034
8,2,35036
9,1,35037
8,2,35039
7,3,35042
9,1,35043
8,2,35045
6,4,35049
9,1,35050
9,1,35051
7,3,35054
9,1,35055
8,2,35057
6,4,35061
7,3,35064
9,1,35065
8,2,35067
9,1,35068
8,2,35070
9,1,35071
6,4,35075
8,2,35077
8,2,35079
7,3,35082
8,2,35084
9,1,35085
8,2,35087
9,1,35088
8,2,35090
9,1,35091
9,1,35092
9,1,35093
9,1,35094
7,3,35097
9,1,35098
9,1,35099
8,2,35101
9,1,35102
9,1,35103
9,1,35104
9,1,35105
8,2,35107
7,3,35110
9,1,35111
6,4,35115
8,2,35117
9,1,35118
5,5,35123
9,1,35124
7,3,35127
9,1,35128
-2,2,35130
8,2,35132
9,1,35133
8,2,35135
7,3,35138
7,3,35141
9,1,35142
6,4,35146
8,2,35148
8,2,35150
9,1,35151
8,2,35153
-1,1,35154
9,1,35155
9,1,35156
9,1,35157
-2,2,35159
9,1,35160
8,2,35162
8,2,35164
6,4,35168
6,4,35172
9,1,35173
4,6,35179
-1,1,35180
-1,1,35181
9,1,35182
8,2,35184
9,1,35185
8,2,35187
7,3,35190
9,1,35191
9,1,35192
9,1,35193
8,2,35195
7,3,35198
8,2,35200
8,2,35202
8,2,35204
9,1,35205
9,1,35206
9,1,35207
8,2,35209
9,1,35210
9,1,35211
9,1,35212
9,1,35213
-2,2,35215
9,1,35216
6,4,35220
8,2,35222
6,4,35226
9,1,35227
9,1,35228
-2,2,35230
9,1,35231
9,1,35232
6,4,35236
8,2,35238
9,1,35239
8,2,35241
9,1,35242
9,1,35243
-2,2,35245
8,2,35247
8,2,35249
9,1,35250
8,2,35252
8,2,35254
8,2,35256
9,1,35257
9,1,35258
8,2,35260
8,2,35262
9,1,35263
9,1,35264
9,1,35265
7,3,35268
8,2,35270
9,1,35271
8,2,35273
8,2,35275
6,4,35279
8,2,35281
9,1,35282
9,1,35283
7,3,35286
-1,1,35287
9,1,35288
9,1,35289
9,1,35290
8,2,35292
9,1,35293
9,1,35294
-5,5,35299
8,2,35301
8,2,35303
8,2,35305
9,1,35306
8,2,35308
7,3,35311
8,2,35313
8,2,35315
9,1,35316
9,1,35317
8,2,35319
9,1,35320
9,1,35321
9,1,35322
8,2,35324
8,2,35326
8,2,35328
5,5,35333
8,2,35335
-1,1,35336
6,4,35340
9,1,35341
9,1,35342
8,2,35344
6,4,35348
9,1,35349
7,3,35352
8,2,35354
9,1,35355
7,3,35358
9,1,35359
9,1,35360
8,2,35362
8,2,35364
9,1,35365
-1,1,35366
9,1,35367
7,3,35370
8,2,35372
-1,1,35373
9,1,35374
9,1,35375
8,2,35377
8,2,35379
8,2,35381
1,9,35390
9,1,35391
8,2,35393
8,2,35395
5,5,35400
9,1,35401
9,1,35402
9,1,35403
9,1,35404
9,1,35405
-2,2,35407
9,1,35408
9,1,35409
9,1,35410
9,1,35411
9,1,35412
8,2,35414
8,2,35416
9,1,35417
7,3,35420
9,1,35421
8,2,35423
8,2,35425
9,1,35426
8,2,35428
9,1,35429
9,1,35430
9,1,35431
9,1,35432
9,1,35433
8,2,35435
8,2,35437
8,2,35439
8,2,35441
-2,2,35443
8,2,35445
9,1,35446
9,1,35447
-2,2,35449
8,2,35451
9,1,35452
8,2,35454
9,1,35455
7,3,35458
-2,2,35460
9,1,35461
9,1,35462
8,2,35464
9,1,35465
-1,1,35466
8,2,35468
5,5,35473
7,3,35476
8,2,35478
9,1,35479
3,7,35486
8,2,35488
8,2,35490
8,2,35492
9,1,35493
4,6,35499
8,2,35501
8,2,35503
9,1,35504
9,1,35505
7,3,35508
9,1,35509
2,8,35517
9,1,35518
9,1,35519
-2,2,35521
-2,2,35523
9,1,35524
9,1,35525
8,2,35527
8,2,35529
9,1,35530
9,1,35531
8,2,35533
7,3,35536
9,1,35537
9,1,35538
8,2,35540
9,1,35541
7,3,35544
8,2,35546
8,2,35548
9,1,35549
9,1,35550
6,4,35554
7,3,35557
8,2,35559
-1,1,35560
9,1,35561
9,1,35562
8,2,35564
7,3,35567
9,1,35568
9,1,35569
7,3,35572
9,1,35573
9,1,35574
7,3,35577
9,1,35578
9,1,35579
9,1,35580
8,2,35582
9,1,35583
-1,1,35584
8,2,35586
-2,2,35588
9,1,35589
5,5,35594
9,1,35595
-4,4,35599
7,3,35602
6,4,35606
9,1,35607
-1,1,35608
9,1,35609
9,1,35610
8,2,35612
9,1,35613
-2,2,35615
8,2,35617
9,1,35618
9,1,35619
8,2,35621
9,1,35622
9,1,35623
8,2,35625
9,1,35626
9,1,35627
-3,3,35630
9,1,35631
9,1,35632
6,4,35636
9,1,35637
9,1,35638
7,3,35641
8,2,35643
9,1,35644
9,1,35645
9,1,35646
8,2,35648
8,2,35650
7,3,35653
9,1,35654
7,3,35657
9,1,35658
7,3,35661
9,1,35662
9,1,35663
9,1,35664
9,1,35665
8,2,35667
8,2,35669
8,2,35671
-1,1,35672
7,3,35675
9,1,35676
7,3,35679
6,4,35683
7,3,35686
9,1,35687
9,1,35688
9,1,35689
-1,1,35690
9,1,35691
-2,2,35693
8,2,35695
9,1,35696
8,2,35698
9,1,35699
5,5,35704
9,1,35705
8,2,35707
8,2,35709
8,2,35711
8,2,35713
9,1,35714
9,1,35715
9,1,35716
9,1,35717
9,1,35718
8,2,35720
7,3,35723
9,1,35724
9,1,35725
-1,1,35726
-3,3,35729
9,1,35730
8,2,35732
-3,3,35735
9,1,35736
9,1,35737
9,1,35738
7,3,35741
7,3,35744
-4,4,35748
9,1,35749
8,2,35751
9,1,35752
9,1,35753
9,1,35754
9,1,35755
8,2,35757
8,2,35759
9,1,35760
9,1,35761
8,2,35763
9,1,35764
-1,1,35765
-2,2,35767
8,2,35769
9,1,35770
9,1,35771
7,3,35774
8,2,35776
9,1,35777
8,2,35779
9,1,35780
-5,5,35785
-1,1,35786
8,2,35788
9,1,35789
7,3,35792
7,3,35795
8,2,35797
8,2,35799
9,1,35800
9,1,35801
9,1,35802
-1,1,35803
9,1,35804
8,2,35806
8,2,35808
8,2,35810
9,1,35811
8,2,35813
9,1,35814
8,2,35816
9,1,35817
-1,1,35818
9,1,35819
9,1,35820
7,3,35823
9,1,35824
6,4,35828
9,1,35829
8,2,35831
7,3,35834
9,1,35835
9,1,35836
8,2,35838
8,2,35840
-3,3,35843
8,2,35845
9,1,35846
9,1,35847
9,1,35848
9,1,35849
7,3,35852
8,2,35854
7,3,35857
9,1,35858
9,1,35859
9,1,35860
9,1,35861
9,1,35862
8,2,35864
9,1,35865
8,2,35867
-1,1,35868
9,1,35869
9,1,35870
-1,1,35871
-7,7,35878
8,2,35880
7,3,35883
8,2,35885
7,3,35888
7,3,35891
-4,4,35895
9,1,35896
7,3,35899
9,1,35900
9,1,35901
9,1,35902
9,1,35903
9,1,35904
9,1,35905
8,2,35907
9,1,35908
8,2,35910
9,1,35911
9,1,35912
9,1,35913
7,3,35916
-2,2,35918
8,2,35920
9,1,35921
6,4,35925
7,3,35928
8,2,35930
8,2,35932
9,1,35933
8,2,35935
9,1,35936
8,2,35938
6,4,35942
9,1,35943
9,1,35944
5,5,35949
9,1,35950
8,2,35952
-1,1,35953
-1,1,35954
-2,2,35956
8,2,35958
8,2,35960
9,1,35961
8,2,35963
9,1,35964
8,2,35966
-1,1,35967
9,1,35968
8,2,35970
9,1,35971
7,3,35974
7,3,35977
9,1,35978
9,1,35979
7,3,35982
9,1,35983
8,2,35985
-1,1,35986
9,1,35987
9,1,35988
9,1,35989
9,1,35990
-1,1,35991
8,2,35993
5,5,35998
8,2,36000
8,2,36002
5,5,36007
8,2,36009
7,3,36012
9,1,36013
9,1,36014
-1,1,36015
8,2,36017
9,1,36018
7,3,36021
5,5,36026
8,2,36028
7,3,36031
9,1,36032
6,4,36036
5,5,36041
9,1,36042
5,5,36047
6,4,36051
9,1,36052
-1,1,36053
9,1,36054
9,1,36055
9,1,36056
8,2,36058
9,1,36059
8,2,36061
9,1,36062
9,1,36063
9,1,36064
9,1,36065
7,3,36068
-1,1,36069
9,1,36070
9,1,36071
8,2,36073
8,2,36075
8,2,36077
9,1,36078
8,2,36080
8,2,36082
9,1,36083
9,1,36084
-1,1,36085
-4,4,36089
8,2,36091
8,2,36093
8,2,36095
-1,1,36096
9,1,36097
9,1,36098
6,4,36102
8,2,36104
8,2,36106
8,2,36108
7,3,36111
9,1,36112
9,1,36113
7,3,36116
8,2,36118
8,2,36120
-1,1,36121
7,3,36124
9,1,36125
9,1,36126
8,2,36128
9,1,36129
9,1,36130
8,2,36132
-1,1,36133
-3,3,36136
9,1,36137
8,2,36139
9,1,36140
8,2,36142
9,1,36143
9,1,36144
9,1,36145
9,1,36146
9,1,36147
9,1,36148
8,2,36150
-5,5,36155
8,2,36157
9,1,36158
9,1,36159
7,3,36162
9,1,36163
9,1,36164
8,2,36166
8,2,36168
7,3,36171
9,1,36172
-1,1,36173
9,1,36174
7,3,36177
8,2,36179
8,2,36181
8,2,36183
9,1,36184
-1,1,36185
8,2,36187
9,1,36188
9,1,36189
8,2,36191
8,2,36193
7,3,36196
8,2,36198
9,1,36199
7,3,36202
-1,1,36203
9,1,36204
9,1,36205
8,2,36207
7,3,36210
8,2,36212
8,2,36214
8,2,36216
9,1,36217
8,2,36219
8,2,36221
6,4,36225
-1,1,36226
8,2,36228
-2,2,36230
4,6,36236
-2,2,36238
8,2,36240
-1,1,36241
9,1,36242
9,1,36243
9,1,36244
8,2,36246
9,1,36247
8,2,36249
9,1,36250
9,1,36251
-2,2,36253
4,6,36259
7,3,36262
8,2,36264
9,1,36265
8,2,36267
9,1,36268
9,1,36269
8,2,36271
-5,5,36276
8,2,36278
9,1,36279
8,2,36281
9,1,36282
9,1,36283
8,2,36285
9,1,36286
9,1,36287
8,2,36289
8,2,36291
9,1,36292
8,2,36294
9,1,36295
8,2,36297
9,1,36298
9,1,36299
9,1,36300
9,1,36301
6,4,36305
9,1,36306
9,1,36307
8,2,36309
-2,2,36311
-1,1,36312
8,2,36314
8,2,36316
-2,2,36318
9,1,36319
8,2,36321
9,1,36322
8,2,36324
8,2,36326
8,2,36328
9,1,36329
9,1,36330
5,5,36335
-7,17,36352
7,3,36355
8,2,36357
9,1,36358
9,1,36359
9,1,36360
9,1,36361
7,3,36364
9,1,36365
9,1,36366
8,2,36368
8,2,36370
9,1,36371
7,3,36374
9,1,36375
9,1,36376
9,1,36377
9,1,36378
4,6,36384
9,1,36385
-2,2,36387
9,1,36388
9,1,36389
8,2,36391
7,3,36394
8,2,36396
8,2,36398
7,3,36401
8,2,36403
-1,1,36404
9,1,36405
9,1,36406
-1,1,36407
9,1,36408
7,3,36411
8,2,36413
9,1,36414
9,1,36415
7,3,36418
9,1,36419
-2,2,36421
-1,1,36422
9,1,36423
9,1,36424
9,1,36425
-3,3,36428
7,3,36431
7,3,36434
8,2,36436
-1,1,36437
-1,1,36438
9,1,36439
9,1,36440
-1,1,36441
9,1,36442
7,3,36445
7,3,36448
9,1,36449
9,1,36450
9,1,36451
-3,3,36454
6,4,36458
8,2,36460
8,2,36462
8,2,36464
8,2,36466
8,2,36468
7,3,36471
9,1,36472
8,2,36474
8,2,36476
8,2,36478
9,1,36479
8,2,36481
8,2,36483
9,1,36484
9,1,36485
9,1,36486
8,2,36488
-1,1,36489
9,1,36490
9,1,36491
8,2,36493
6,4,36497
6,4,36501
9,1,36502
9,1,36503
8,2,36505
8,2,36507
9,1,36508
8,2,36510
9,1,36511
-2,2,36513
8,2,36515
9,1,36516
9,1,36517
9,1,36518
8,2,36520
9,1,36521
9,1,36522
8,2,36524
8,2,36526
9,1,36527
6,4,36531
-2,2,36533
8,2,36535
8,2,36537
9,1,36538
9,1,36539
9,1,36540
8,2,36542
9,1,36543
-2,2,36545
8,2,36547
9,1,36548
8,2,36550
7,3,36553
9,1,36554
9,1,36555
-2,2,36557
9,1,36558
9,1,36559
8,2,36561
8,2,36563
8,2,36565
9,1,36566
8,2,36568
7,3,36571
9,1,36572
9,1,36573
-2,2,36575
8,2,36577
9,1,36578
-1,1,36579
9,1,36580
9,1,36581
9,1,36582
9,1,36583
8,2,36585
9,1,36586
8,2,36588
9,1,36589
8,2,36591
9,1,36592
-1,1,36593
6,4,36597
9,1,36598
9,1,36599
7,3,36602
9,1,36603
-1,1,36604
9,1,36605
6,4,36609
7,3,36612
6,4,36616
8,2,36618
8,2,36620
7,3,36623
-1,1,36624
9,1,36625
9,1,36626
9,1,36627
9,1,36628
8,2,36630
9,1,36631
-1,1,36632
9,1,36633
9,1,36634
5,5,36639
8,2,36641
9,1,36642
-1,1,36643
9,1,36644
-3,3,36647
9,1,36648
9,1,36649
7,3,36652
9,1,36653
7,3,36656
8,2,36658
9,1,36659
9,1,36660
8,2,36662
-1,1,36663
9,1,36664
8,2,36666
8,2,36668
9,1,36669
4,6,36675
9,1,36676
9,1,36677
9,1,36678
9,1,36679
9,1,36680
8,2,36682
9,1,36683
8,2,36685
9,1,36686
9,1,36687
7,3,36690
9,1,36691
9,1,36692
7,3,36695
7,3,36698
7,3,36701
9,1,36702
8,2,36704
9,1,36705
9,1,36706
8,2,36708
7,3,36711
9,1,36712
9,1,36713
9,1,36714
8,2,36716
8,2,36718
8,2,36720
8,2,36722
8,2,36724
8,2,36726
8,2,36728
9,1,36729
9,1,36730
8,2,36732
9,1,36733
-3,3,36736
8,2,36738
9,1,36739
7,3,36742
9,1,36743
9,1,36744
8,2,36746
9,1,36747
7,3,36750
9,1,36751
-2,2,36753
8,2,36755
7,3,36758
9,1,36759
8,2,36761
7,3,36764
7,3,36767
9,1,36768
8,2,36770
8,2,36772
9,1,36773
8,2,36775
9,1,36776
9,1,36777
9,1,36778
9,1,36779
9,1,36780
7,3,36783
9,1,36784
9,1,36785
6,4,36789
-2,2,36791
8,2,36793
7,3,36796
-2,2,36798
8,2,36800
9,1,36801
6,4,36805
9,1,36806
9,1,36807
8,2,36809
9,1,36810
9,1,36811
5,5,36816
8,2,36818
9,1,36819
9,1,36820
8,2,36822
9,1,36823
9,1,36824
-2,2,36826
7,3,36829
7,3,36832
8,2,36834
-2,2,36836
6,4,36840
-3,3,36843
9,1,36844
8,2,36846
9,1,36847
8,2,36849
8,2,36851
8,2,36853
8,2,36855
8,2,36857
9,1,36858
9,1,36859
6,4,36863
9,1,36864
-1,1,36865
8,2,36867
9,1,36868
9,1,36869
9,1,36870
8,2,36872
-1,1,36873
8,2,36875
8,2,36877
8,2,36879
9,1,36880
8,2,36882
9,1,36883
6,4,36887
9,1,36888
9,1,36889
8,2,36891
8,2,36893
9,1,36894
7,3,36897
7,3,36900
7,3,36903
4,6,36909
9,1,36910
9,1,36911
8,2,36913
8,2,36915
8,2,36917
9,1,36918
9,1,36919
9,1,36920
7,3,36923
8,2,36925
8,2,36927
9,1,36928
9,1,36929
9,1,36930
8,2,36932
9,1,36933
9,1,36934
9,1,36935
8,2,36937
9,1,36938
9,1,36939
8,2,36941
9,1,36942
7,3,36945
9,1,36946
7,3,36949
9,1,36950
8,2,36952
5,5,36957
9,1,36958
9,1,36959
9,1,36960
8,2,36962
9,1,36963
7,3,36966
9,1,36967
9,1,36968
-1,1,36969
9,1,36970
9,1,36971
9,1,36972
9,1,36973
9,1,36974
-1,1,36975
6,4,36979
9,1,36980
9,1,36981
9,1,36982
9,1,36983
8,2,36985
7,3,36988
8,2,36990
9,1,36991
9,1,36992
8,2,36994
9,1,36995
7,3,36998
8,2,37000
8,2,37002
9,1,37003
-2,2,37005
-1,1,37006
9,1,37007
9,1,37008
9,1,37009
9,1,37010
9,1,37011
9,1,37012
9,1,37013
9,1,37014
8,2,37016
8,2,37018
6,4,37022
8,2,37024
7,3,37027
6,4,37031
9,1,37032
8,2,37034
-2,2,37036
8,2,37038
8,2,37040
8,2,37042
9,1,37043
-1,1,37044
-1,1,37045
8,2,37047
9,1,37048
8,2,37050
8,2,37052
9,1,37053
9,1,37054
8,2,37056
9,1,37057
7,3,37060
8,2,37062
9,1,37063
-2,2,37065
6,4,37069
8,2,37071
9,1,37072
9,1,37073
8,2,37075
8,2,37077
9,1,37078
9,1,37079
9,1,37080
8,2,37082
9,1,37083
9,1,37084
9,1,37085
9,1,37086
9,1,37087
5,5,37092
9,1,37093
-1,1,37094
-2,2,37096
8,2,37098
9,1,37099
9,1,37100
9,1,37101
8,2,37103
9,1,37104
8,2,37106
6,4,37110
8,2,37112
9,1,37113
9,1,37114
8,2,37116
9,1,37117
5,5,37122
9,1,37123
9,1,37124
8,2,37126
9,1,37127
9,1,37128
-1,1,37129
-1,1,37130
8,2,37132
8,2,37134
2,8,37142
9,1,37143
8,2,37145
9,1,37146
-1,1,37147
9,1,37148
8,2,37150
6,4,37154
9,1,37155
9,1,37156
9,1,37157
7,3,37160
9,1,37161
9,1,37162
9,1,37163
8,2,37165
9,1,37166
9,1,37167
8,2,37169
8,2,37171
9,1,37172
4,6,37178
7,3,37181
8,2,37183
7,3,37186
8,2,37188
9,1,37189
9,1,37190
9,1,37191
9,1,37192
8,2,37194
9,1,37195
9,1,37196
8,2,37198
9,1,37199
6,4,37203
9,1,37204
9,1,37205
5,5,37210
9,1,37211
8,2,37213
8,2,37215
-2,2,37217
9,1,37218
7,3,37221
7,3,37224
9,1,37225
6,4,37229
8,2,37231
9,1,37232
7,3,37235
8,2,37237
6,4,37241
7,3,37244
9,1,37245
9,1,37246
9,1,37247
9,1,37248
8,2,37250
9,1,37251
9,1,37252
9,1,37253
9,1,37254
9,1,37255
9,1,37256
9,1,37257
8,2,37259
9,1,37260
9,1,37261
9,1,37262
8,2,37264
8,2,37266
8,2,37268
8,2,37270
8,2,37272
9,1,37273
7,3,37276
9,1,37277
9,1,37278
8,2,37280
8,2,37282
8,2,37284
8,2,37286
8,2,37288
7,3,37291
9,1,37292
9,1,37293
8,2,37295
9,1,37296
9,1,37297
8,2,37299
9,1,37300
9,1,37301
9,1,37302
7,3,37305
9,1,37306
9,1,37307
9,1,37308
6,4,37312
6,4,37316
6,4,37320
9,1,37321
8,2,37323
8,2,37325
6,4,37329
7,3,37332
9,1,37333
9,1,37334
8,2,37336
8,2,37338
9,1,37339
8,2,37341
9,1,37342
8,2,37344
8,2,37346
9,1,37347
9,1,37348
9,1,37349
8,2,37351
9,1,37352
8,2,37354
9,1,37355
9,1,37356
8,2,37358
-1,1,37359
9,1,37360
7,3,37363
9,1,37364
9,1,37365
8,2,37367
9,1,37368
9,1,37369
7,3,37372
9,1,37373
9,1,37374
7,3,37377
8,2,37379
7,3,37382
8,2,37384
8,2,37386
9,1,37387
9,1,37388
9,1,37389
9,1,37390
8,2,37392
8,2,37394
9,1,37395
-2,2,37397
9,1,37398
7,3,37401
9,1,37402
9,1,37403
9,1,37404
-1,1,37405
8,2,37407
-1,1,37408
9,1,37409
9,1,37410
9,1,37411
-1,1,37412
-1,1,37413
9,1,37414
7,3,37417
9,1,37418
9,1,37419
5,5,37424
7,3,37427
9,1,37428
8,2,37430
7,3,37433
9,1,37434
8,2,37436
9,1,37437
9,1,37438
-1,1,37439
8,2,37441
7,3,37444
8,2,37446
9,1,37447
9,1,37448
9,1,37449
7,3,37452
9,1,37453
8,2,37455
9,1,37456
9,1,37457
9,1,37458
9,1,37459
8,2,37461
8,2,37463
8,2,37465
9,1,37466
7,3,37469
8,2,37471
8,2,37473
8,2,37475
9,1,37476
9,1,37477
-3,3,37480
9,1,37481
8,2,37483
-1,1,37484
7,3,37487
9,1,37488
9,1,37489
9,1,37490
8,2,37492
8,2,37494
9,1,37495
9,1,37496
8,2,37498
9,1,37499
-2,2,37501
9,1,37502
5,5,37507
9,1,37508
7,3,37511
9,1,37512
8,2,37514
4,6,37520
9,1,37521
8,2,37523
9,1,37524
9,1,37525
8,2,37527
-1,1,37528
9,1,37529
9,1,37530
5,5,37535
8,2,37537
9,1,37538
7,3,37541
8,2,37543
8,2,37545
9,1,37546
8,2,37548
8,2,37550
9,1,37551
8,2,37553
-9,9,37562
9,1,37563
9,1,37564
6,4,37568
9,1,37569
9,1,37570
9,1,37571
9,1,37572
-1,1,37573
9,1,37574
-1,1,37575
9,1,37576
8,2,37578
9,1,37579
-4,4,37583
7,3,37586
9,1,37587
8,2,37589
7,3,37592
8,2,37594
-1,1,37595
9,1,37596
9,1,37597
7,3,37600
9,1,37601
9,1,37602
-1,1,37603
9,1,37604
-2,2,37606
7,3,37609
8,2,37611
8,2,37613
9,1,37614
9,1,37615
9,1,37616
7,3,37619
9,1,37620
9,1,37621
9,1,37622
7,3,37625
8,2,37627
9,1,37628
8,2,37630
9,1,37631
9,1,37632
8,2,37634
8,2,37636
8,2,37638
8,2,37640
7,3,37643
-3,3,37646
9,1,37647
6,4,37651
9,1,37652
9,1,37653
8,2,37655
8,2,37657
8,2,37659
7,3,37662
-1,1,37663
7,3,37666
7,3,37669
-1,1,37670
2,8,37678
9,1,37679
6,4,37683
9,1,37684
8,2,37686
8,2,37688
8,2,37690
9,1,37691
8,2,37693
9,1,37694
6,4,37698
-1,1,37699
9,1,37700
-1,1,37701
9,1,37702
9,1,37703
8,2,37705
9,1,37706
7,3,37709
9,1,37710
9,1,37711
9,1,37712
8,2,37714
8,2,37716
9,1,37717
6,4,37721
9,1,37722
9,1,37723
9,1,37724
8,2,37726
8,2,37728
8,2,37730
-1,1,37731
8,2,37733
9,1,37734
9,1,37735
7,3,37738
6,4,37742
-2,2,37744
9,1,37745
-1,1,37746
8,2,37748
-2,2,37750
9,1,37751
9,1,37752
9,1,37753
8,2,37755
9,1,37756
-1,1,37757
9,1,37758
9,1,37759
9,1,37760
8,2,37762
-1,1,37763
4,6,37769
9,1,37770
9,1,37771
7,3,37774
-1,1,37775
9,1,37776
9,1,37777
9,1,37778
9,1,37779
7,3,37782
9,1,37783
8,2,37785
9,1,37786
9,1,37787
8,2,37789
9,1,37790
8,2,37792
9,1,37793
9,1,37794
9,1,37795
9,1,37796
9,1,37797
9,1,37798
9,1,37799
8,2,37801
-2,2,37803
7,3,37806
9,1,37807
-1,1,37808
9,1,37809
9,1,37810
-3,3,37813
9,1,37814
8,2,37816
5,5,37821
6,4,37825
9,1,37826
9,1,37827
8,2,37829
8,2,37831
9,1,37832
9,1,37833
8,2,37835
8,2,37837
-2,2,37839
-1,1,37840
8,2,37842
-1,1,37843
9,1,37844
-1,1,37845
5,5,37850
9,1,37851
8,2,37853
9,1,37854
5,5,37859
9,1,37860
9,1,37861
9,1,37862
7,3,37865
8,2,37867
9,1,37868
9,1,37869
9,1,37870
8,2,37872
9,1,37873
9,1,37874
9,1,37875
8,2,37877
8,2,37879
9,1,37880
7,3,37883
9,1,37884
-2,2,37886
9,1,37887
8,2,37889
9,1,37890
9,1,37891
9,1,37892
8,2,37894
8,2,37896
5,5,37901
-3,3,37904
2,8,37912
7,3,37915
9,1,37916
8,2,37918
9,1,37919
9,1,37920
3,7,37927
7,3,37930
9,1,37931
9,1,37932
-1,1,37933
9,1,37934
9,1,37935
8,2,37937
7,3,37940
9,1,37941
9,1,37942
9,1,37943
8,2,37945
9,1,37946
9,1,37947
9,1,37948
7,3,37951
9,1,37952
9,1,37953
8,2,37955
8,2,37957
9,1,37958
9,1,37959
7,3,37962
-1,1,37963
9,1,37964
7,3,37967
6,4,37971
8,2,37973
9,1,37974
9,1,37975
7,3,37978
7,3,37981
8,2,37983
-2,2,37985
-1,1,37986
-2,2,37988
8,2,37990
-1,1,37991
7,3,37994
9,1,37995
9,1,37996
9,1,37997
7,3,38000
6,4,38004
9,1,38005
9,1,38006
6,4,38010
8,2,38012
8,2,38014
8,2,38016
9,1,38017
9,1,38018
9,1,38019
9,1,38020
9,1,38021
8,2,38023
9,1,38024
8,2,38026
8,2,38028
6,4,38032
5,5,38037
9,1,38038
9,1,38039
-3,3,38042
9,1,38043
6,4,38047
8,2,38049
9,1,38050
9,1,38051
7,3,38054
8,2,38056
-2,2,38058
9,1,38059
6,4,38063
9,1,38064
8,2,38066
8,2,38068
6,4,38072
8,2,38074
9,1,38075
9,1,38076
6,4,38080
8,2,38082
9,1,38083
8,2,38085
9,1,38086
9,1,38087
-1,1,38088
9,1,38089
8,2,38091
9,1,38092
8,2,38094
9,1,38095
8,2,38097
6,4,38101
8,2,38103
9,1,38104
7,3,38107
9,1,38108
9,1,38109
9,1,38110
8,2,38112
9,1,38113
-1,1,38114
-2,2,38116
7,3,38119
8,2,38121
-2,2,38123
9,1,38124
9,1,38125
9,1,38126
9,1,38127
7,3,38130
6,4,38134
7,3,38137
9,1,38138
9,1,38139
-1,1,38140
7,3,38143
9,1,38144
8,2,38146
8,2,38148
8,2,38150
9,1,38151
8,2,38153
9,1,38154
8,2,38156
9,1,38157
9,1,38158
9,1,38159
9,1,38160
7,3,38163
8,2,38165
8,2,38167
9,1,38168
5,5,38173
8,2,38175
6,4,38179
9,1,38180
9,1,38181
9,1,38182
9,1,38183
8,2,38185
9,1,38186
9,1,38187
9,1,38188
8,2,38190
8,2,38192
6,4,38196
7,3,38199
7,3,38202
9,1,38203
8,2,38205
9,1,38206
8,2,38208
9,1,38209
9,1,38210
9,1,38211
8,2,38213
-2,2,38215
9,1,38216
8,2,38218
9,1,38219
9,1,38220
9,1,38221
7,3,38224
7,3,38227
-5,5,38232
9,1,38233
9,1,38234
9,1,38235
8,2,38237
7,3,38240
8,2,38242
8,2,38244
8,2,38246
8,2,38248
9,1,38249
8,2,38251
9,1,38252
8,2,38254
9,1,38255
9,1,38256
8,2,38258
8,2,38260
9,1,38261
8,2,38263
-5,5,38268
9,1,38269
9,1,38270
8,2,38272
-1,1,38273
-1,1,38274
9,1,38275
7,3,38278
7,3,38281
9,1,38282
9,1,38283
9,1,38284
9,1,38285
-4,4,38289
7,3,38292
9,1,38293
9,1,38294
9,1,38295
9,1,38296
9,1,38297
9,1,38298
-1,1,38299
8,2,38301
9,1,38302
9,1,38303
9,1,38304
9,1,38305
9,1,38306
9,1,38307
9,1,38308
7,3,38311
9,1,38312
9,1,38313
7,3,38316
9,1,38317
9,1,38318
9,1,38319
9,1,38320
8,2,38322
8,2,38324
9,1,38325
5,5,38330
5,5,38335
-3,3,38338
9,1,38339
9,1,38340
9,1,38341
9,1,38342
8,2,38344
8,2,38346
8,2,38348
9,1,38349
5,5,38354
9,1,38355
8,2,38357
-1,1,38358
7,3,38361
8,2,38363
9,1,38364
9,1,38365
6,4,38369
9,1,38370
9,1,38371
9,1,38372
8,2,38374
8,2,38376
8,2,38378
9,1,38379
8,2,38381
9,1,38382
9,1,38383
8,2,38385
9,1,38386
9,1,38387
-5,5,38392
7,3,38395
9,1,38396
7,3,38399
8,2,38401
8,2,38403
9,1,38404
9,1,38405
-1,1,38406
9,1,38407
9,1,38408
8,2,38410
9,1,38411
9,1,38412
8,2,38414
9,1,38415
8,2,38417
8,2,38419
8,2,38421
9,1,38422
9,1,38423
7,3,38426
9,1,38427
-2,2,38429
8,2,38431
9,1,38432
9,1,38433
8,2,38435
9,1,38436
8,2,38438
8,2,38440
8,2,38442
8,2,38444
-2,2,38446
7,3,38449
8,2,38451
9,1,38452
8,2,38454
9,1,38455
9,1,38456
9,1,38457
8,2,38459
7,3,38462
9,1,38463
8,2,38465
9,1,38466
8,2,38468
9,1,38469
9,1,38470
9,1,38471
9,1,38472
9,1,38473
-2,2,38475
6,4,38479
8,2,38481
7,3,38484
6,4,38488
7,3,38491
8,2,38493
6,4,38497
9,1,38498
9,1,38499
-1,1,38500
-4,4,38504
9,1,38505
9,1,38506
8,2,38508
7,3,38511
9,1,38512
6,4,38516
8,2,38518
9,1,38519
8,2,38521
9,1,38522
9,1,38523
-1,1,38524
9,1,38525
9,1,38526
9,1,38527
8,2,38529
9,1,38530
8,2,38532
9,1,38533
-5,5,38538
8,2,38540
8,2,38542
8,2,38544
9,1,38545
8,2,38547
9,1,38548
9,1,38549
-2,2,38551
9,1,38552
9,1,38553
9,1,38554
9,1,38555
9,1,38556
9,1,38557
8,2,38559
9,1,38560
7,3,38563
8,2,38565
-2,2,38567
8,2,38569
9,1,38570
9,1,38571
8,2,38573
9,1,38574
8,2,38576
9,1,38577
9,1,38578
9,1,38579
8,2,38581
-1,1,38582
-2,2,38584
9,1,38585
9,1,38586
9,1,38587
-1,1,38588
9,1,38589
8,2,38591
8,2,38593
9,1,38594
9,1,38595
5,5,38600
-1,1,38601
8,2,38603
-1,1,38604
9,1,38605
9,1,38606
9,1,38607
-1,1,38608
9,1,38609
7,3,38612
8,2,38614
9,1,38615
7,3,38618
8,2,38620
9,1,38621
9,1,38622
9,1,38623
9,1,38624
7,3,38627
-3,3,38630
7,3,38633
9,1,38634
9,1,38635
9,1,38636
5,5,38641
7,3,38644
9,1,38645
4,6,38651
6,4,38655
-3,3,38658
9,1,38659
8,2,38661
9,1,38662
9,1,38663
9,1,38664
-3,3,38667
9,1,38668
9,1,38669
8,2,38671
8,2,38673
9,1,38674
8,2,38676
9,1,38677
8,2,38679
8,2,38681
9,1,38682
9,1,38683
9,1,38684
9,1,38685
9,1,38686
9,1,38687
8,2,38689
7,3,38692
-1,1,38693
9,1,38694
9,1,38695
-2,2,38697
9,1,38698
9,1,38699
9,1,38700
7,3,38703
8,2,38705
8,2,38707
8,2,38709
9,1,38710
9,1,38711
9,1,38712
9,1,38713
8,2,38715
7,3,38718
-2,2,38720
8,2,38722
9,1,38723
7,3,38726
8,2,38728
9,1,38729
9,1,38730
9,1,38731
9,1,38732
4,6,38738
9,1,38739
8,2,38741
-1,1,38742
9,1,38743
5,5,38748
9,1,38749
9,1,38750
9,1,38751
8,2,38753
9,1,38754
9,1,38755
9,1,38756
5,5,38761
9,1,38762
9,1,38763
8,2,38765
5,5,38770
8,2,38772
8,2,38774
6,4,38778
7,3,38781
-1,1,38782
8,2,38784
8,2,38786
8,2,38788
9,1,38789
9,1,38790
7,3,38793
7,3,38796
9,1,38797
9,1,38798
9,1,38799
9,1,38800
9,1,38801
7,3,38804
8,2,38806
8,2,38808
8,2,38810
9,1,38811
9,1,38812
9,1,38813
9,1,38814
9,1,38815
9,1,38816
6,4,38820
9,1,38821
9,1,38822
8,2,38824
9,1,38825
8,2,38827
8,2,38829
8,2,38831
7,3,38834
8,2,38836
9,1,38837
8,2,38839
6,4,38843
9,1,38844
9,1,38845
6,4,38849
-1,1,38850
-3,3,38853
9,1,38854
8,2,38856
8,2,38858
8,2,38860
9,1,38861
9,1,38862
9,1,38863
8,2,38865
8,2,38867
-7,7,38874
8,2,38876
9,1,38877
8,2,38879
8,2,38881
9,1,38882
9,1,38883
9,1,38884
9,1,38885
8,2,38887
8,2,38889
9,1,38890
9,1,38891
7,3,38894
8,2,38896
9,1,38897
8,2,38899
-1,1,38900
8,2,38902
8,2,38904
8,2,38906
9,1,38907
9,1,38908
9,1,38909
9,1,38910
8,2,38912
9,1,38913
9,1,38914
9,1,38915
8,2,38917
8,2,38919
8,2,38921
8,2,38923
9,1,38924
9,1,38925
8,2,38927
8,2,38929
9,1,38930
9,1,38931
9,1,38932
8,2,38934
9,1,38935
8,2,38937
8,2,38939
9,1,38940
8,2,38942
9,1,38943
7,3,38946
9,1,38947
4,6,38953
9,1,38954
8,2,38956
9,1,38957
-1,1,38958
9,1,38959
9,1,38960
8,2,38962
2,8,38970
9,1,38971
8,2,38973
-1,1,38974
8,2,38976
6,4,38980
8,2,38982
9,1,38983
6,4,38987
-1,1,38988
7,3,38991
9,1,38992
9,1,38993
6,4,38997
8,2,38999
8,2,39001
9,1,39002
9,1,39003
9,1,39004
7,3,39007
8,2,39009
9,1,39010
9,1,39011
8,2,39013
9,1,39014
9,1,39015
-1,1,39016
7,3,39019
7,3,39022
9,1,39023
7,3,39026
6,4,39030
6,4,39034
9,1,39035
-4,4,39039
9,1,39040
-1,1,39041
9,1,39042
9,1,39043
9,1,39044
-1,1,39045
9,1,39046
8,2,39048
8,2,39050
9,1,39051
9,1,39052
8,2,39054
9,1,39055
9,1,39056
-1,1,39057
8,2,39059
8,2,39061
9,1,39062
8,2,39064
8,2,39066
9,1,39067
9,1,39068
9,1,39069
9,1,39070
9,1,39071
9,1,39072
9,1,39073
7,3,39076
8,2,39078
6,4,39082
7,3,39085
8,2,39087
8,2,39089
8,2,39091
9,1,39092
9,1,39093
8,2,39095
9,1,39096
8,2,39098
8,2,39100
7,3,39103
8,2,39105
8,2,39107
9,1,39108
9,1,39109
9,1,39110
8,2,39112
7,3,39115
8,2,39117
9,1,39118
-1,1,39119
7,3,39122
9,1,39123
9,1,39124
9,1,39125
9,1,39126
8,2,39128
9,1,39129
8,2,39131
8,2,39133
7,3,39136
7,3,39139
-3,3,39142
9,1,39143
9,1,39144
-1,1,39145
9,1,39146
-3,3,39149
9,1,39150
9,1,39151
9,1,39152
9,1,39153
7,3,39156
8,2,39158
8,2,39160
8,2,39162
9,1,39163
9,1,39164
7,3,39167
8,2,39169
8,2,39171
8,2,39173
8,2,39175
9,1,39176
6,4,39180
9,1,39181
9,1,39182
9,1,39183
8,2,39185
8,2,39187
9,1,39188
6,4,39192
6,4,39196
9,1,39197
6,4,39201
9,1,39202
8,2,39204
-1,1,39205
-1,1,39206
7,3,39209
9,1,39210
9,1,39211
9,1,39212
8,2,39214
8,2,39216
9,1,39217
8,2,39219
8,2,39221
8,2,39223
6,4,39227
6,4,39231
9,1,39232
8,2,39234
8,2,39236
9,1,39237
9,1,39238
7,3,39241
-2,2,39243
7,3,39246
8,2,39248
9,1,39249
7,3,39252
8,2,39254
8,2,39256
9,1,39257
9,1,39258
9,1,39259
9,1,39260
9,1,39261
9,1,39262
7,3,39265
9,1,39266
8,2,39268
9,1,39269
9,1,39270
9,1,39271
9,1,39272
8,2,39274
9,1,39275
9,1,39276
9,1,39277
9,1,39278
8,2,39280
8,2,39282
9,1,39283
8,2,39285
9,1,39286
7,3,39289
9,1,39290
8,2,39292
9,1,39293
9,1,39294
9,1,39295
9,1,39296
9,1,39297
9,1,39298
9,1,39299
9,1,39300
8,2,39302
-2,2,39304
9,1,39305
9,1,39306
9,1,39307
9,1,39308
9,1,39309
9,1,39310
9,1,39311
9,1,39312
9,1,39313
8,2,39315
9,1,39316
9,1,39317
9,1,39318
9,1,39319
9,1,39320
9,1,39321
8,2,39323
9,1,39324
9,1,39325
7,3,39328
9,1,39329
9,1,39330
8,2,39332
9,1,39333
-2,2,39335
9,1,39336
8,2,39338
9,1,39339
9,1,39340
9,1,39341
9,1,39342
8,2,39344
9,1,39345
9,1,39346
9,1,39347
9,1,39348
9,1,39349
6,4,39353
7,3,39356
-1,1,39357
9,1,39358
8,2,39360
8,2,39362
9,1,39363
9,1,39364
8,2,39366
9,1,39367
-1,1,39368
8,2,39370
8,2,39372
9,1,39373
9,1,39374
-1,1,39375
9,1,39376
8,2,39378
8,2,39380
8,2,39382
9,1,39383
8,2,39385
9,1,39386
-1,1,39387
7,3,39390
9,1,39391
8,2,39393
-2,2,39395
-1,1,39396
9,1,39397
8,2,39399
7,3,39402
9,1,39403
9,1,39404
7,3,39407
9,1,39408
9,1,39409
-1,1,39410
-3,3,39413
9,1,39414
9,1,39415
9,1,39416
8,2,39418
-2,2,39420
8,2,39422
7,3,39425
9,1,39426
7,3,39429
7,3,39432
9,1,39433
7,3,39436
7,3,39439
7,3,39442
8,2,39444
4,6,39450
9,1,39451
8,2,39453
7,3,39456
8,2,39458
9,1,39459
9,1,39460
6,4,39464
9,1,39465
7,3,39468
8,2,39470
9,1,39471
