episode_return,episode_length,total_steps
0,0,0
-14,14,14
-1,1,15
-20,20,35
-20,20,55
8,2,57
6,4,61
9,1,62
-1,1,63
-20,20,83
8,2,85
9,1,86
-20,20,106
7,3,109
9,1,110
-20,20,130
9,1,131
7,3,134
8,2,136
9,1,137
6,4,141
9,1,142
-1,1,143
9,1,144
-20,20,164
4,6,170
-6,6,176
6,4,180
7,3,183
4,6,189
-20,20,209
7,3,212
8,2,214
-1,1,215
-20,20,235
8,2,237
-20,20,257
-2,2,259
-4,4,263
-8,18,281
2,8,289
7,3,292
-13,13,305
-20,20,325
6,4,329
-20,20,349
9,1,350
9,1,351
4,6,357
-20,20,377
-20,20,397
6,4,401
3,7,408
-7,7,415
-1,1,416
6,4,420
9,1,421
-20,20,441
-20,20,461
5,5,466
8,2,468
-10,20,488
5,5,493
-10,10,503
7,3,506
9,1,507
6,4,511
8,2,513
-20,20,533
-20,20,553
-20,20,573
6,4,577
-3,3,580
8,2,582
-8,18,600
8,2,602
7,3,605
-11,11,616
-5,5,621
5,5,626
7,3,629
9,1,630
7,3,633
9,1,634
7,3,637
-2,2,639
9,1,640
1,9,649
-1,1,650
9,1,651
-1,1,652
-1,1,653
-1,1,654
6,4,658
7,3,661
3,7,668
-1,1,669
8,2,671
-1,1,672
1,9,681
7,3,684
9,1,685
8,2,687
-2,2,689
7,3,692
9,1,693
9,1,694
-1,1,695
-4,4,699
-2,2,701
-5,5,706
8,2,708
9,1,709
9,1,710
-3,3,713
-2,2,715
9,1,716
9,1,717
-1,1,718
8,2,720
9,1,721
9,1,722
9,1,723
9,1,724
-2,2,726
9,1,727
-1,1,728
-4,4,732
9,1,733
7,3,736
-1,1,737
-1,1,738
-1,1,739
9,1,740
9,1,741
-1,1,742
-1,1,743
9,1,744
9,1,745
-1,1,746
9,1,747
8,2,749
8,2,751
-1,1,752
9,1,753
-2,2,755
7,3,758
9,1,759
9,1,760
-2,2,762
-2,2,764
9,1,765
8,2,767
-1,1,768
9,1,769
7,3,772
8,2,774
9,1,775
9,1,776
8,2,778
9,1,779
8,2,781
-1,1,782
9,1,783
9,1,784
9,1,785
8,2,787
9,1,788
9,1,789
-4,14,803
9,1,804
9,1,805
-1,1,806
7,3,809
-4,4,813
8,2,815
-4,4,819
8,2,821
8,2,823
9,1,824
9,1,825
-2,2,827
9,1,828
-2,2,830
-2,2,832
8,2,834
-1,1,835
8,2,837
9,1,838
-4,4,842
-5,5,847
-1,1,848
8,2,850
6,4,854
7,3,857
9,1,858
-1,1,859
9,1,860
9,1,861
8,2,863
9,1,864
8,2,866
8,2,868
1,9,877
-7,7,884
-1,1,885
-1,1,886
8,2,888
9,1,889
7,3,892
9,1,893
9,1,894
8,2,896
5,5,901
9,1,902
8,2,904
6,4,908
9,1,909
8,2,911
7,3,914
8,2,916
-10,10,926
-1,1,927
2,8,935
-7,7,942
8,2,944
9,1,945
8,2,947
9,1,948
-1,1,949
9,1,950
5,5,955
9,1,956
9,1,957
-18,18,975
8,2,977
9,1,978
-5,5,983
6,4,987
8,2,989
-2,12,1001
8,2,1003
9,1,1004
-10,10,1014
9,1,1015
8,2,1017
7,3,1020
9,1,1021
9,1,1022
8,2,1024
-1,1,1025
6,4,1029
9,1,1030
9,1,1031
6,4,1035
-2,2,1037
7,3,1040
8,2,1042
5,5,1047
-1,1,1048
9,1,1049
9,1,1050
-8,8,1058
-8,18,1076
8,2,1078
8,2,1080
8,2,1082
9,1,1083
8,2,1085
8,2,1087
9,1,1088
8,2,1090
7,3,1093
6,4,1097
-13,13,1110
7,3,1113
9,1,1114
9,1,1115
9,1,1116
0,10,1126
-1,1,1127
-1,1,1128
-7,7,1135
-9,9,1144
8,2,1146
7,3,1149
9,1,1150
-2,2,1152
-1,11,1163
9,1,1164
8,2,1166
-17,17,1183
6,4,1187
-20,20,1207
8,2,1209
9,1,1210
7,3,1213
9,1,1214
8,2,1216
9,1,1217
9,1,1218
5,5,1223
9,1,1224
8,2,1226
7,3,1229
8,2,1231
8,2,1233
8,2,1235
7,3,1238
-2,12,1250
-1,1,1251
9,1,1252
7,3,1255
9,1,1256
8,2,1258
6,4,1262
0,10,1272
6,4,1276
9,1,1277
8,2,1279
6,4,1283
6,4,1287
9,1,1288
9,1,1289
9,1,1290
8,2,1292
9,1,1293
3,7,1300
6,4,1304
8,2,1306
8,2,1308
5,5,1313
-3,3,1316
8,2,1318
6,4,1322
9,1,1323
-3,13,1336
6,4,1340
9,1,1341
9,1,1342
-3,13,1355
1,9,1364
-10,20,1384
-13,13,1397
-4,14,1411
8,2,1413
9,1,1414
7,3,1417
9,1,1418
-1,1,1419
-2,2,1421
2,8,1429
9,1,1430
7,3,1433
7,3,1436
-20,20,1456
-5,5,1461
3,7,1468
9,1,1469
8,2,1471
9,1,1472
8,2,1474
-5,15,1489
8,2,1491
8,2,1493
8,2,1495
9,1,1496
1,9,1505
-3,3,1508
7,3,1511
9,1,1512
5,5,1517
8,2,1519
-3,3,1522
9,1,1523
8,2,1525
9,1,1526
7,3,1529
-1,1,1530
4,6,1536
7,3,1539
9,1,1540
9,1,1541
9,1,1542
-1,1,1543
8,2,1545
7,3,1548
-20,20,1568
9,1,1569
-20,20,1589
8,2,1591
9,1,1592
8,2,1594
9,1,1595
-5,15,1610
6,4,1614
-2,2,1616
8,2,1618
8,2,1620
-20,20,1640
-2,12,1652
3,7,1659
9,1,1660
9,1,1661
-12,12,1673
8,2,1675
4,6,1681
7,3,1684
7,3,1687
8,2,1689
9,1,1690
-1,1,1691
2,8,1699
8,2,1701
9,1,1702
9,1,1703
-20,20,1723
9,1,1724
7,3,1727
2,8,1735
5,5,1740
5,5,1745
7,3,1748
-12,12,1760
6,4,1764
-1,1,1765
9,1,1766
9,1,1767
9,1,1768
-5,15,1783
9,1,1784
9,1,1785
-6,6,1791
9,1,1792
6,4,1796
9,1,1797
8,2,1799
7,3,1802
3,7,1809
7,3,1812
-4,4,1816
8,2,1818
-8,18,1836
9,1,1837
9,1,1838
6,4,1842
8,2,1844
-4,4,1848
9,1,1849
6,4,1853
9,1,1854
-20,20,1874
2,8,1882
-20,20,1902
6,4,1906
-2,12,1918
9,1,1919
-6,6,1925
7,3,1928
7,3,1931
-2,12,1943
-1,11,1954
-1,1,1955
7,3,1958
6,4,1962
9,1,1963
8,2,1965
8,2,1967
-4,14,1981
9,1,1982
8,2,1984
9,1,1985
9,1,1986
6,4,1990
8,2,1992
-5,5,1997
9,1,1998
9,1,1999
8,2,2001
9,1,2002
8,2,2004
-20,20,2024
7,3,2027
9,1,2028
8,2,2030
7,3,2033
6,4,2037
8,2,2039
-1,1,2040
7,3,2043
4,6,2049
7,3,2052
9,1,2053
5,5,2058
7,3,2061
7,3,2064
8,2,2066
-20,20,2086
9,1,2087
7,3,2090
-1,11,2101
-10,20,2121
9,1,2122
-20,20,2142
9,1,2143
8,2,2145
3,7,2152
-20,20,2172
1,9,2181
7,3,2184
4,6,2190
6,4,2194
8,2,2196
9,1,2197
8,2,2199
6,4,2203
5,5,2208
-20,20,2228
7,3,2231
6,4,2235
-20,20,2255
6,4,2259
0,10,2269
4,6,2275
6,4,2279
8,2,2281
-19,19,2300
6,4,2304
-4,14,2318
9,1,2319
7,3,2322
-2,2,2324
-8,18,2342
-20,20,2362
8,2,2364
2,8,2372
-19,19,2391
4,6,2397
9,1,2398
2,8,2406
-9,19,2425
6,4,2429
3,7,2436
6,4,2440
9,1,2441
-3,13,2454
-5,15,2469
-10,20,2489
8,2,2491
7,3,2494
-7,17,2511
-6,16,2527
6,4,2531
-7,7,2538
-20,20,2558
5,5,2563
9,1,2564
9,1,2565
-2,12,2577
-20,20,2597
4,6,2603
3,7,2610
7,3,2613
2,8,2621
4,6,2627
-20,20,2647
-10,20,2667
-1,1,2668
-17,17,2685
8,2,2687
6,4,2691
0,10,2701
7,3,2704
7,3,2707
-20,20,2727
6,4,2731
-1,1,2732
0,10,2742
6,4,2746
6,4,2750
7,3,2753
-20,20,2773
4,6,2779
9,1,2780
9,1,2781
9,1,2782
-4,14,2796
9,1,2797
-4,4,2801
-20,20,2821
-6,16,2837
6,4,2841
9,1,2842
8,2,2844
-4,4,2848
5,5,2853
-19,19,2872
-5,5,2877
5,5,2882
9,1,2883
8,2,2885
-2,2,2887
-10,20,2907
-5,15,2922
9,1,2923
7,3,2926
7,3,2929
1,9,2938
9,1,2939
6,4,2943
7,3,2946
7,3,2949
-2,2,2951
9,1,2952
7,3,2955
6,4,2959
8,2,2961
-5,15,2976
0,10,2986
5,5,2991
2,8,2999
9,1,3000
6,4,3004
-1,1,3005
6,4,3009
9,1,3010
7,3,3013
9,1,3014
9,1,3015
-2,2,3017
1,9,3026
6,4,3030
6,4,3034
1,9,3043
3,7,3050
9,1,3051
8,2,3053
7,3,3056
6,4,3060
-4,14,3074
9,1,3075
9,1,3076
9,1,3077
2,8,3085
3,7,3092
2,8,3100
6,4,3104
9,1,3105
8,2,3107
-13,13,3120
9,1,3121
9,1,3122
8,2,3124
-3,3,3127
-1,1,3128
-3,3,3131
7,3,3134
5,5,3139
-20,20,3159
9,1,3160
7,3,3163
9,1,3164
3,7,3171
-8,8,3179
9,1,3180
9,1,3181
-2,2,3183
6,4,3187
5,5,3192
9,1,3193
9,1,3194
9,1,3195
8,2,3197
-15,15,3212
8,2,3214
8,2,3216
7,3,3219
9,1,3220
6,4,3224
3,7,3231
8,2,3233
7,3,3236
9,1,3237
8,2,3239
8,2,3241
8,2,3243
-6,16,3259
9,1,3260
7,3,3263
-7,7,3270
9,1,3271
9,1,3272
9,1,3273
9,1,3274
9,1,3275
6,4,3279
-1,11,3290
-5,5,3295
2,8,3303
-2,2,3305
8,2,3307
8,2,3309
-3,3,3312
2,8,3320
7,3,3323
-3,3,3326
9,1,3327
7,3,3330
1,9,3339
-1,1,3340
-7,17,3357
9,1,3358
8,2,3360
9,1,3361
-1,1,3362
9,1,3363
9,1,3364
8,2,3366
5,5,3371
7,3,3374
3,7,3381
9,1,3382
-5,15,3397
9,1,3398
9,1,3399
-1,1,3400
6,4,3404
8,2,3406
9,1,3407
9,1,3408
9,1,3409
8,2,3411
9,1,3412
8,2,3414
-5,5,3419
9,1,3420
-6,6,3426
6,4,3430
8,2,3432
7,3,3435
9,1,3436
7,3,3439
7,3,3442
6,4,3446
2,8,3454
9,1,3455
-3,3,3458
8,2,3460
-5,5,3465
8,2,3467
9,1,3468
7,3,3471
9,1,3472
-5,5,3477
-1,1,3478
9,1,3479
8,2,3481
8,2,3483
-2,2,3485
8,2,3487
9,1,3488
9,1,3489
8,2,3491
8,2,3493
7,3,3496
8,2,3498
9,1,3499
8,2,3501
-3,3,3504
6,4,3508
-1,1,3509
9,1,3510
-1,1,3511
8,2,3513
9,1,3514
6,4,3518
6,4,3522
9,1,3523
9,1,3524
9,1,3525
-2,2,3527
9,1,3528
9,1,3529
9,1,3530
-1,1,3531
9,1,3532
9,1,3533
7,3,3536
9,1,3537
9,1,3538
9,1,3539
9,1,3540
-4,4,3544
9,1,3545
9,1,3546
-3,3,3549
9,1,3550
9,1,3551
8,2,3553
9,1,3554
-2,2,3556
9,1,3557
-3,3,3560
9,1,3561
8,2,3563
7,3,3566
-2,2,3568
9,1,3569
8,2,3571
8,2,3573
-3,3,3576
9,1,3577
7,3,3580
9,1,3581
8,2,3583
7,3,3586
8,2,3588
9,1,3589
8,2,3591
9,1,3592
9,1,3593
6,4,3597
8,2,3599
9,1,3600
7,3,3603
6,4,3607
-1,11,3618
8,2,3620
-3,3,3623
9,1,3624
4,6,3630
8,2,3632
9,1,3633
-3,3,3636
9,1,3637
7,3,3640
-1,1,3641
6,4,3645
8,2,3647
8,2,3649
7,3,3652
9,1,3653
-1,1,3654
6,4,3658
-1,1,3659
-4,4,3663
7,3,3666
9,1,3667
9,1,3668
9,1,3669
7,3,3672
6,4,3676
9,1,3677
9,1,3678
-1,1,3679
-1,1,3680
8,2,3682
8,2,3684
8,2,3686
9,1,3687
9,1,3688
-6,6,3694
-1,11,3705
8,2,3707
7,3,3710
9,1,3711
9,1,3712
9,1,3713
8,2,3715
9,1,3716
8,2,3718
9,1,3719
9,1,3720
9,1,3721
6,4,3725
9,1,3726
9,1,3727
7,3,3730
8,2,3732
-1,1,3733
9,1,3734
-1,1,3735
9,1,3736
9,1,3737
8,2,3739
9,1,3740
9,1,3741
-1,1,3742
8,2,3744
-2,2,3746
9,1,3747
9,1,3748
6,4,3752
-5,5,3757
8,2,3759
9,1,3760
8,2,3762
9,1,3763
-2,2,3765
7,3,3768
9,1,3769
9,1,3770
-1,1,3771
8,2,3773
9,1,3774
9,1,3775
8,2,3777
7,3,3780
-1,1,3781
9,1,3782
-1,1,3783
9,1,3784
-2,2,3786
9,1,3787
9,1,3788
9,1,3789
8,2,3791
8,2,3793
-6,6,3799
-4,4,3803
9,1,3804
8,2,3806
5,5,3811
8,2,3813
9,1,3814
8,2,3816
-3,3,3819
9,1,3820
-1,1,3821
8,2,3823
9,1,3824
-1,1,3825
1,9,3834
9,1,3835
9,1,3836
7,3,3839
7,3,3842
6,4,3846
8,2,3848
-1,1,3849
-2,2,3851
-3,3,3854
9,1,3855
6,4,3859
-1,1,3860
9,1,3861
9,1,3862
9,1,3863
9,1,3864
8,2,3866
-1,1,3867
7,3,3870
9,1,3871
9,1,3872
9,1,3873
9,1,3874
9,1,3875
-1,1,3876
6,4,3880
9,1,3881
-8,8,3889
9,1,3890
7,3,3893
9,1,3894
-2,2,3896
-2,2,3898
9,1,3899
8,2,3901
8,2,3903
7,3,3906
7,3,3909
7,3,3912
8,2,3914
7,3,3917
9,1,3918
8,2,3920
8,2,3922
8,2,3924
9,1,3925
8,2,3927
-1,1,3928
9,1,3929
-15,15,3944
8,2,3946
8,2,3948
9,1,3949
9,1,3950
6,4,3954
9,1,3955
8,2,3957
9,1,3958
-1,1,3959
7,3,3962
8,2,3964
8,2,3966
6,4,3970
9,1,3971
9,1,3972
9,1,3973
-2,2,3975
-1,1,3976
1,9,3985
-2,2,3987
6,4,3991
8,2,3993
9,1,3994
9,1,3995
-1,1,3996
-2,2,3998
9,1,3999
8,2,4001
9,1,4002
9,1,4003
9,1,4004
8,2,4006
9,1,4007
9,1,4008
-1,1,4009
9,1,4010
9,1,4011
9,1,4012
9,1,4013
9,1,4014
9,1,4015
9,1,4016
7,3,4019
7,3,4022
9,1,4023
9,1,4024
8,2,4026
9,1,4027
7,3,4030
4,6,4036
9,1,4037
7,3,4040
-3,3,4043
-10,20,4063
9,1,4064
-1,1,4065
0,10,4075
9,1,4076
-6,6,4082
6,4,4086
-1,1,4087
9,1,4088
8,2,4090
9,1,4091
8,2,4093
6,4,4097
-1,1,4098
9,1,4099
9,1,4100
-4,4,4104
7,3,4107
9,1,4108
8,2,4110
-2,2,4112
8,2,4114
9,1,4115
-2,2,4117
9,1,4118
9,1,4119
9,1,4120
9,1,4121
-1,1,4122
9,1,4123
-2,2,4125
9,1,4126
-16,16,4142
-20,20,4162
9,1,4163
9,1,4164
-2,2,4166
-4,4,4170
2,8,4178
9,1,4179
-2,2,4181
-8,18,4199
-1,1,4200
-1,1,4201
9,1,4202
-2,2,4204
9,1,4205
-2,2,4207
7,3,4210
-1,1,4211
8,2,4213
9,1,4214
-1,1,4215
9,1,4216
9,1,4217
9,1,4218
8,2,4220
6,4,4224
8,2,4226
8,2,4228
8,2,4230
9,1,4231
9,1,4232
8,2,4234
6,4,4238
-1,1,4239
-9,9,4248
9,1,4249
6,4,4253
8,2,4255
-2,2,4257
-5,15,4272
0,10,4282
7,3,4285
-4,4,4289
-10,20,4309
9,1,4310
9,1,4311
8,2,4313
-1,1,4314
9,1,4315
9,1,4316
6,4,4320
9,1,4321
-3,3,4324
8,2,4326
8,2,4328
-1,1,4329
-1,1,4330
-7,7,4337
8,2,4339
7,3,4342
8,2,4344
9,1,4345
-2,2,4347
9,1,4348
-1,1,4349
7,3,4352
8,2,4354
8,2,4356
9,1,4357
-2,2,4359
-1,1,4360
-17,17,4377
8,2,4379
9,1,4380
5,5,4385
6,4,4389
8,2,4391
9,1,4392
6,4,4396
9,1,4397
9,1,4398
-1,1,4399
8,2,4401
9,1,4402
-2,2,4404
-1,11,4415
4,6,4421
8,2,4423
-8,18,4441
9,1,4442
9,1,4443
9,1,4444
9,1,4445
-1,1,4446
9,1,4447
-2,2,4449
9,1,4450
5,5,4455
5,5,4460
9,1,4461
8,2,4463
8,2,4465
9,1,4466
-1,1,4467
8,2,4469
7,3,4472
-10,20,4492
6,4,4496
-1,1,4497
9,1,4498
8,2,4500
7,3,4503
9,1,4504
8,2,4506
-14,14,4520
-1,1,4521
9,1,4522
-1,11,4533
7,3,4536
8,2,4538
9,1,4539
1,9,4548
9,1,4549
9,1,4550
-20,20,4570
8,2,4572
8,2,4574
3,7,4581
8,2,4583
7,3,4586
-2,2,4588
-1,1,4589
9,1,4590
-7,17,4607
8,2,4609
9,1,4610
-1,1,4611
-10,20,4631
6,4,4635
9,1,4636
5,5,4641
1,9,4650
9,1,4651
9,1,4652
9,1,4653
-1,1,4654
7,3,4657
9,1,4658
-5,15,4673
8,2,4675
9,1,4676
9,1,4677
8,2,4679
-3,3,4682
-2,2,4684
9,1,4685
7,3,4688
-1,1,4689
-9,9,4698
8,2,4700
9,1,4701
-1,1,4702
7,3,4705
6,4,4709
9,1,4710
9,1,4711
7,3,4714
9,1,4715
8,2,4717
5,5,4722
8,2,4724
6,4,4728
9,1,4729
7,3,4732
-1,1,4733
8,2,4735
8,2,4737
-3,13,4750
-20,20,4770
9,1,4771
8,2,4773
9,1,4774
8,2,4776
-8,18,4794
4,6,4800
8,2,4802
8,2,4804
7,3,4807
8,2,4809
9,1,4810
7,3,4813
6,4,4817
9,1,4818
6,4,4822
4,6,4828
-1,1,4829
9,1,4830
-20,20,4850
4,6,4856
9,1,4857
6,4,4861
-4,4,4865
6,4,4869
6,4,4873
-5,5,4878
9,1,4879
8,2,4881
-1,1,4882
1,9,4891
8,2,4893
9,1,4894
9,1,4895
6,4,4899
7,3,4902
9,1,4903
8,2,4905
9,1,4906
9,1,4907
9,1,4908
9,1,4909
9,1,4910
9,1,4911
8,2,4913
4,6,4919
6,4,4923
-1,1,4924
7,3,4927
-2,2,4929
9,1,4930
-1,1,4931
-2,2,4933
7,3,4936
-8,8,4944
-20,20,4964
9,1,4965
8,2,4967
-15,15,4982
7,3,4985
8,2,4987
8,2,4989
3,7,4996
-12,12,5008
9,1,5009
8,2,5011
-1,1,5012
-20,20,5032
-1,1,5033
5,5,5038
6,4,5042
8,2,5044
8,2,5046
9,1,5047
8,2,5049
-1,1,5050
-2,2,5052
-1,1,5053
9,1,5054
9,1,5055
9,1,5056
9,1,5057
8,2,5059
5,5,5064
9,1,5065
9,1,5066
9,1,5067
8,2,5069
9,1,5070
9,1,5071
4,6,5077
-10,10,5087
-1,1,5088
9,1,5089
8,2,5091
9,1,5092
9,1,5093
1,9,5102
9,1,5103
9,1,5104
8,2,5106
9,1,5107
9,1,5108
3,7,5115
9,1,5116
8,2,5118
6,4,5122
-9,19,5141
6,4,5145
9,1,5146
5,5,5151
-4,4,5155
8,2,5157
9,1,5158
8,2,5160
9,1,5161
-7,7,5168
5,5,5173
9,1,5174
9,1,5175
-2,2,5177
7,3,5180
8,2,5182
8,2,5184
9,1,5185
8,2,5187
9,1,5188
-4,4,5192
8,2,5194
7,3,5197
-1,1,5198
8,2,5200
9,1,5201
7,3,5204
9,1,5205
9,1,5206
9,1,5207
9,1,5208
9,1,5209
9,1,5210
9,1,5211
-6,16,5227
9,1,5228
9,1,5229
7,3,5232
8,2,5234
-1,11,5245
9,1,5246
4,6,5252
8,2,5254
-3,3,5257
9,1,5258
8,2,5260
8,2,5262
5,5,5267
9,1,5268
-1,1,5269
9,1,5270
-3,3,5273
8,2,5275
8,2,5277
8,2,5279
9,1,5280
-4,4,5284
-2,2,5286
8,2,5288
-4,4,5292
9,1,5293
9,1,5294
4,6,5300
6,4,5304
9,1,5305
-9,19,5324
8,2,5326
8,2,5328
8,2,5330
9,1,5331
9,1,5332
7,3,5335
6,4,5339
9,1,5340
8,2,5342
5,5,5347
8,2,5349
8,2,5351
8,2,5353
9,1,5354
6,4,5358
8,2,5360
9,1,5361
-1,1,5362
9,1,5363
9,1,5364
9,1,5365
9,1,5366
-8,8,5374
7,3,5377
8,2,5379
-6,6,5385
8,2,5387
-5,5,5392
6,4,5396
7,3,5399
5,5,5404
9,1,5405
-10,20,5425
7,3,5428
8,2,5430
8,2,5432
-1,1,5433
9,1,5434
-1,1,5435
8,2,5437
9,1,5438
1,9,5447
8,2,5449
6,4,5453
-1,1,5454
7,3,5457
5,5,5462
9,1,5463
9,1,5464
7,3,5467
8,2,5469
-6,16,5485
8,2,5487
5,5,5492
6,4,5496
-3,3,5499
8,2,5501
9,1,5502
6,4,5506
9,1,5507
9,1,5508
9,1,5509
7,3,5512
9,1,5513
8,2,5515
8,2,5517
9,1,5518
8,2,5520
-1,1,5521
9,1,5522
8,2,5524
9,1,5525
-4,4,5529
9,1,5530
-1,11,5541
9,1,5542
-1,1,5543
9,1,5544
6,4,5548
-7,7,5555
8,2,5557
9,1,5558
8,2,5560
6,4,5564
-4,4,5568
8,2,5570
9,1,5571
6,4,5575
7,3,5578
7,3,5581
8,2,5583
7,3,5586
7,3,5589
4,6,5595
-2,2,5597
7,3,5600
1,9,5609
9,1,5610
8,2,5612
4,6,5618
8,2,5620
8,2,5622
8,2,5624
8,2,5626
9,1,5627
8,2,5629
8,2,5631
7,3,5634
9,1,5635
8,2,5637
6,4,5641
8,2,5643
8,2,5645
7,3,5648
7,3,5651
8,2,5653
8,2,5655
7,3,5658
-8,8,5666
9,1,5667
8,2,5669
6,4,5673
9,1,5674
-1,1,5675
8,2,5677
8,2,5679
9,1,5680
9,1,5681
-2,2,5683
-1,1,5684
9,1,5685
9,1,5686
2,8,5694
9,1,5695
7,3,5698
-9,9,5707
8,2,5709
6,4,5713
8,2,5715
-9,9,5724
9,1,5725
8,2,5727
8,2,5729
7,3,5732
9,1,5733
-4,4,5737
8,2,5739
9,1,5740
-17,17,5757
6,4,5761
9,1,5762
9,1,5763
8,2,5765
-1,1,5766
8,2,5768
7,3,5771
-2,2,5773
-1,1,5774
6,4,5778
9,1,5779
0,10,5789
7,3,5792
8,2,5794
9,1,5795
9,1,5796
8,2,5798
-4,4,5802
7,3,5805
9,1,5806
9,1,5807
9,1,5808
-20,20,5828
-1,1,5829
5,5,5834
8,2,5836
4,6,5842
7,3,5845
7,3,5848
9,1,5849
9,1,5850
8,2,5852
8,2,5854
9,1,5855
9,1,5856
6,4,5860
9,1,5861
9,1,5862
7,3,5865
8,2,5867
-2,2,5869
9,1,5870
9,1,5871
8,2,5873
7,3,5876
-1,11,5887
7,3,5890
-2,2,5892
6,4,5896
7,3,5899
8,2,5901
8,2,5903
8,2,5905
-2,2,5907
8,2,5909
9,1,5910
7,3,5913
-5,5,5918
9,1,5919
8,2,5921
7,3,5924
9,1,5925
8,2,5927
8,2,5929
7,3,5932
9,1,5933
4,6,5939
-1,1,5940
7,3,5943
8,2,5945
6,4,5949
9,1,5950
8,2,5952
-6,6,5958
-1,1,5959
-1,1,5960
8,2,5962
7,3,5965
-3,3,5968
9,1,5969
9,1,5970
8,2,5972
9,1,5973
8,2,5975
4,6,5981
7,3,5984
7,3,5987
-1,1,5988
8,2,5990
9,1,5991
8,2,5993
9,1,5994
8,2,5996
9,1,5997
-1,1,5998
6,4,6002
9,1,6003
-1,1,6004
8,2,6006
7,3,6009
9,1,6010
9,1,6011
-1,1,6012
8,2,6014
-2,2,6016
9,1,6017
9,1,6018
6,4,6022
9,1,6023
7,3,6026
8,2,6028
1,9,6037
6,4,6041
7,3,6044
9,1,6045
9,1,6046
-5,5,6051
9,1,6052
-1,1,6053
5,5,6058
8,2,6060
6,4,6064
9,1,6065
8,2,6067
6,4,6071
7,3,6074
9,1,6075
7,3,6078
3,7,6085
5,5,6090
9,1,6091
9,1,6092
9,1,6093
-6,6,6099
1,9,6108
8,2,6110
7,3,6113
9,1,6114
5,5,6119
8,2,6121
-2,2,6123
-8,8,6131
9,1,6132
9,1,6133
7,3,6136
9,1,6137
7,3,6140
4,6,6146
9,1,6147
8,2,6149
8,2,6151
8,2,6153
2,8,6161
9,1,6162
8,2,6164
8,2,6166
7,3,6169
9,1,6170
7,3,6173
8,2,6175
9,1,6176
9,1,6177
-1,1,6178
8,2,6180
8,2,6182
7,3,6185
-1,1,6186
8,2,6188
-5,5,6193
7,3,6196
8,2,6198
9,1,6199
9,1,6200
9,1,6201
-1,1,6202
-1,1,6203
8,2,6205
-1,1,6206
6,4,6210
9,1,6211
9,1,6212
5,5,6217
6,4,6221
6,4,6225
7,3,6228
9,1,6229
9,1,6230
-2,2,6232
9,1,6233
7,3,6236
7,3,6239
-2,2,6241
8,2,6243
-2,2,6245
9,1,6246
9,1,6247
5,5,6252
-1,1,6253
7,3,6256
-2,2,6258
-9,9,6267
7,3,6270
6,4,6274
8,2,6276
7,3,6279
8,2,6281
-2,12,6293
7,3,6296
8,2,6298
0,10,6308
-3,3,6311
-4,4,6315
5,5,6320
7,3,6323
6,4,6327
8,2,6329
-2,2,6331
7,3,6334
-6,16,6350
8,2,6352
-3,3,6355
8,2,6357
7,3,6360
7,3,6363
-1,1,6364
8,2,6366
9,1,6367
7,3,6370
9,1,6371
-2,2,6373
7,3,6376
9,1,6377
7,3,6380
9,1,6381
9,1,6382
9,1,6383
9,1,6384
-2,2,6386
9,1,6387
9,1,6388
-2,2,6390
9,1,6391
8,2,6393
-1,1,6394
-4,4,6398
8,2,6400
6,4,6404
7,3,6407
8,2,6409
8,2,6411
7,3,6414
-8,8,6422
7,3,6425
9,1,6426
8,2,6428
7,3,6431
9,1,6432
8,2,6434
9,1,6435
9,1,6436
6,4,6440
5,5,6445
7,3,6448
-2,2,6450
3,7,6457
-1,1,6458
8,2,6460
7,3,6463
9,1,6464
6,4,6468
8,2,6470
7,3,6473
8,2,6475
9,1,6476
6,4,6480
-1,1,6481
8,2,6483
6,4,6487
-2,2,6489
9,1,6490
9,1,6491
-1,1,6492
-2,2,6494
7,3,6497
5,5,6502
9,1,6503
6,4,6507
8,2,6509
-3,3,6512
-1,1,6513
9,1,6514
9,1,6515
-1,1,6516
9,1,6517
8,2,6519
9,1,6520
9,1,6521
6,4,6525
-3,3,6528
7,3,6531
-6,6,6537
9,1,6538
8,2,6540
-5,5,6545
9,1,6546
-1,11,6557
-1,1,6558
8,2,6560
8,2,6562
6,4,6566
-9,9,6575
9,1,6576
7,3,6579
8,2,6581
9,1,6582
9,1,6583
6,4,6587
9,1,6588
9,1,6589
9,1,6590
8,2,6592
9,1,6593
-1,1,6594
9,1,6595
7,3,6598
5,5,6603
6,4,6607
7,3,6610
9,1,6611
-5,5,6616
9,1,6617
-2,2,6619
7,3,6622
9,1,6623
9,1,6624
8,2,6626
9,1,6627
-1,1,6628
9,1,6629
-2,2,6631
-3,13,6644
-2,12,6656
9,1,6657
8,2,6659
8,2,6661
7,3,6664
8,2,6666
9,1,6667
9,1,6668
8,2,6670
9,1,6671
-1,1,6672
9,1,6673
9,1,6674
9,1,6675
1,9,6684
-1,1,6685
8,2,6687
7,3,6690
8,2,6692
-1,1,6693
-1,1,6694
-1,1,6695
9,1,6696
9,1,6697
8,2,6699
9,1,6700
9,1,6701
2,8,6709
-2,2,6711
7,3,6714
9,1,6715
9,1,6716
6,4,6720
8,2,6722
7,3,6725
-1,1,6726
-1,1,6727
3,7,6734
7,3,6737
8,2,6739
9,1,6740
7,3,6743
8,2,6745
7,3,6748
9,1,6749
9,1,6750
8,2,6752
-1,1,6753
7,3,6756
7,3,6759
9,1,6760
-8,8,6768
7,3,6771
-7,7,6778
6,4,6782
9,1,6783
7,3,6786
8,2,6788
4,6,6794
7,3,6797
9,1,6798
8,2,6800
7,3,6803
6,4,6807
6,4,6811
8,2,6813
9,1,6814
3,7,6821
-1,1,6822
9,1,6823
9,1,6824
9,1,6825
-1,1,6826
9,1,6827
7,3,6830
7,3,6833
7,3,6836
5,5,6841
-3,3,6844
3,7,6851
6,4,6855
9,1,6856
-1,1,6857
-3,3,6860
7,3,6863
9,1,6864
-8,8,6872
9,1,6873
2,8,6881
-4,4,6885
-4,4,6889
9,1,6890
8,2,6892
9,1,6893
9,1,6894
-1,1,6895
6,4,6899
7,3,6902
9,1,6903
8,2,6905
-1,1,6906
9,1,6907
3,7,6914
9,1,6915
9,1,6916
7,3,6919
9,1,6920
-2,2,6922
6,4,6926
7,3,6929
9,1,6930
9,1,6931
-1,1,6932
8,2,6934
7,3,6937
9,1,6938
9,1,6939
9,1,6940
9,1,6941
9,1,6942
5,5,6947
8,2,6949
9,1,6950
5,5,6955
9,1,6956
8,2,6958
8,2,6960
8,2,6962
9,1,6963
9,1,6964
9,1,6965
-5,5,6970
6,4,6974
6,4,6978
7,3,6981
-1,1,6982
-1,1,6983
8,2,6985
7,3,6988
8,2,6990
8,2,6992
9,1,6993
8,2,6995
-1,1,6996
9,1,6997
8,2,6999
-1,1,7000
8,2,7002
7,3,7005
6,4,7009
-4,4,7013
9,1,7014
-1,1,7015
9,1,7016
8,2,7018
-2,12,7030
8,2,7032
9,1,7033
9,1,7034
9,1,7035
9,1,7036
6,4,7040
8,2,7042
5,5,7047
8,2,7049
8,2,7051
-6,6,7057
9,1,7058
9,1,7059
9,1,7060
8,2,7062
9,1,7063
-1,1,7064
6,4,7068
9,1,7069
-6,6,7075
9,1,7076
-1,1,7077
9,1,7078
9,1,7079
-1,1,7080
8,2,7082
9,1,7083
9,1,7084
9,1,7085
6,4,7089
-3,3,7092
9,1,7093
9,1,7094
-4,4,7098
9,1,7099
-3,3,7102
-1,1,7103
6,4,7107
9,1,7108
9,1,7109
9,1,7110
8,2,7112
8,2,7114
7,3,7117
9,1,7118
-4,4,7122
7,3,7125
7,3,7128
6,4,7132
9,1,7133
8,2,7135
2,8,7143
3,7,7150
-1,1,7151
9,1,7152
-2,2,7154
-1,1,7155
5,5,7160
8,2,7162
9,1,7163
-3,3,7166
8,2,7168
-2,2,7170
9,1,7171
-8,18,7189
7,3,7192
6,4,7196
8,2,7198
9,1,7199
7,3,7202
-4,14,7216
5,5,7221
6,4,7225
7,3,7228
4,6,7234
9,1,7235
9,1,7236
9,1,7237
9,1,7238
-3,3,7241
5,5,7246
6,4,7250
9,1,7251
9,1,7252
9,1,7253
9,1,7254
9,1,7255
8,2,7257
9,1,7258
9,1,7259
8,2,7261
-1,1,7262
6,4,7266
8,2,7268
-2,2,7270
-5,5,7275
7,3,7278
5,5,7283
9,1,7284
8,2,7286
8,2,7288
6,4,7292
9,1,7293
4,6,7299
9,1,7300
3,7,7307
8,2,7309
-1,1,7310
1,9,7319
8,2,7321
9,1,7322
7,3,7325
1,9,7334
-2,2,7336
-3,3,7339
9,1,7340
8,2,7342
-1,1,7343
9,1,7344
-1,1,7345
9,1,7346
3,7,7353
8,2,7355
9,1,7356
9,1,7357
8,2,7359
9,1,7360
7,3,7363
6,4,7367
6,4,7371
9,1,7372
8,2,7374
6,4,7378
9,1,7379
7,3,7382
8,2,7384
9,1,7385
9,1,7386
5,5,7391
8,2,7393
9,1,7394
7,3,7397
8,2,7399
-1,1,7400
9,1,7401
9,1,7402
8,2,7404
8,2,7406
8,2,7408
9,1,7409
9,1,7410
7,3,7413
8,2,7415
8,2,7417
9,1,7418
7,3,7421
8,2,7423
7,3,7426
9,1,7427
9,1,7428
8,2,7430
9,1,7431
9,1,7432
9,1,7433
9,1,7434
9,1,7435
8,2,7437
8,2,7439
-5,5,7444
2,8,7452
6,4,7456
-3,3,7459
9,1,7460
9,1,7461
8,2,7463
9,1,7464
-1,1,7465
7,3,7468
8,2,7470
-1,1,7471
-1,1,7472
7,3,7475
7,3,7478
5,5,7483
-2,2,7485
9,1,7486
-2,2,7488
5,5,7493
6,4,7497
9,1,7498
7,3,7501
9,1,7502
7,3,7505
9,1,7506
8,2,7508
9,1,7509
8,2,7511
3,7,7518
7,3,7521
7,3,7524
8,2,7526
9,1,7527
-7,7,7534
8,2,7536
9,1,7537
-2,2,7539
5,5,7544
6,4,7548
8,2,7550
7,3,7553
-1,1,7554
9,1,7555
7,3,7558
8,2,7560
7,3,7563
-2,2,7565
7,3,7568
8,2,7570
8,2,7572
9,1,7573
9,1,7574
7,3,7577
9,1,7578
5,5,7583
9,1,7584
9,1,7585
8,2,7587
-3,3,7590
7,3,7593
-4,4,7597
7,3,7600
9,1,7601
9,1,7602
0,10,7612
6,4,7616
7,3,7619
8,2,7621
9,1,7622
9,1,7623
8,2,7625
9,1,7626
-8,8,7634
-2,2,7636
9,1,7637
9,1,7638
8,2,7640
-1,1,7641
8,2,7643
9,1,7644
-2,2,7646
9,1,7647
-2,2,7649
8,2,7651
6,4,7655
9,1,7656
9,1,7657
7,3,7660
9,1,7661
7,3,7664
8,2,7666
8,2,7668
8,2,7670
8,2,7672
-5,5,7677
3,7,7684
7,3,7687
8,2,7689
8,2,7691
9,1,7692
-1,1,7693
9,1,7694
-18,18,7712
9,1,7713
9,1,7714
2,8,7722
7,3,7725
8,2,7727
9,1,7728
-5,5,7733
9,1,7734
-2,2,7736
9,1,7737
8,2,7739
9,1,7740
9,1,7741
5,5,7746
-1,1,7747
9,1,7748
9,1,7749
3,7,7756
-5,5,7761
-1,1,7762
7,3,7765
9,1,7766
8,2,7768
2,8,7776
9,1,7777
8,2,7779
9,1,7780
7,3,7783
9,1,7784
9,1,7785
8,2,7787
9,1,7788
6,4,7792
8,2,7794
-2,2,7796
9,1,7797
7,3,7800
8,2,7802
8,2,7804
6,4,7808
8,2,7810
2,8,7818
-1,1,7819
9,1,7820
8,2,7822
8,2,7824
9,1,7825
7,3,7828
8,2,7830
-3,3,7833
-2,2,7835
9,1,7836
9,1,7837
9,1,7838
-6,6,7844
-7,7,7851
-2,2,7853
9,1,7854
8,2,7856
-1,1,7857
-1,1,7858
-2,2,7860
9,1,7861
7,3,7864
6,4,7868
8,2,7870
9,1,7871
9,1,7872
6,4,7876
9,1,7877
8,2,7879
9,1,7880
9,1,7881
9,1,7882
8,2,7884
-2,2,7886
8,2,7888
9,1,7889
9,1,7890
-1,1,7891
-1,1,7892
9,1,7893
8,2,7895
8,2,7897
8,2,7899
8,2,7901
7,3,7904
7,3,7907
9,1,7908
8,2,7910
-1,1,7911
9,1,7912
9,1,7913
8,2,7915
9,1,7916
9,1,7917
-4,4,7921
-2,2,7923
9,1,7924
8,2,7926
-1,1,7927
7,3,7930
7,3,7933
9,1,7934
9,1,7935
8,2,7937
7,3,7940
9,1,7941
6,4,7945
-1,1,7946
8,2,7948
-2,2,7950
9,1,7951
9,1,7952
-2,2,7954
9,1,7955
7,3,7958
9,1,7959
9,1,7960
9,1,7961
8,2,7963
-3,3,7966
-3,3,7969
-1,1,7970
-1,1,7971
7,3,7974
8,2,7976
-1,1,7977
9,1,7978
-1,1,7979
6,4,7983
-2,2,7985
8,2,7987
8,2,7989
6,4,7993
9,1,7994
-2,2,7996
8,2,7998
6,4,8002
-3,3,8005
6,4,8009
6,4,8013
9,1,8014
-1,1,8015
9,1,8016
9,1,8017
9,1,8018
-5,5,8023
6,4,8027
9,1,8028
7,3,8031
9,1,8032
9,1,8033
9,1,8034
-2,2,8036
8,2,8038
9,1,8039
9,1,8040
9,1,8041
4,6,8047
-3,3,8050
9,1,8051
8,2,8053
7,3,8056
8,2,8058
9,1,8059
9,1,8060
9,1,8061
9,1,8062
8,2,8064
5,5,8069
9,1,8070
-2,2,8072
6,4,8076
-2,2,8078
8,2,8080
-2,2,8082
6,4,8086
7,3,8089
8,2,8091
9,1,8092
5,5,8097
9,1,8098
9,1,8099
8,2,8101
-2,2,8103
8,2,8105
-2,2,8107
9,1,8108
9,1,8109
8,2,8111
9,1,8112
8,2,8114
-5,5,8119
8,2,8121
-1,1,8122
8,2,8124
9,1,8125
7,3,8128
9,1,8129
-3,3,8132
-3,3,8135
9,1,8136
-4,4,8140
-3,3,8143
8,2,8145
8,2,8147
9,1,8148
6,4,8152
8,2,8154
6,4,8158
8,2,8160
-7,7,8167
8,2,8169
4,6,8175
9,1,8176
9,1,8177
9,1,8178
-1,1,8179
9,1,8180
9,1,8181
-1,1,8182
8,2,8184
9,1,8185
9,1,8186
7,3,8189
7,3,8192
-4,14,8206
8,2,8208
7,3,8211
6,4,8215
9,1,8216
9,1,8217
5,5,8222
9,1,8223
9,1,8224
7,3,8227
9,1,8228
9,1,8229
-2,2,8231
8,2,8233
5,5,8238
9,1,8239
7,3,8242
5,5,8247
9,1,8248
9,1,8249
8,2,8251
9,1,8252
9,1,8253
7,3,8256
7,3,8259
8,2,8261
8,2,8263
9,1,8264
8,2,8266
-1,1,8267
9,1,8268
8,2,8270
8,2,8272
7,3,8275
9,1,8276
-1,1,8277
9,1,8278
-4,4,8282
9,1,8283
9,1,8284
9,1,8285
7,3,8288
9,1,8289
9,1,8290
-1,1,8291
9,1,8292
-3,3,8295
7,3,8298
9,1,8299
-1,1,8300
9,1,8301
7,3,8304
9,1,8305
-5,5,8310
-1,1,8311
9,1,8312
-2,2,8314
8,2,8316
8,2,8318
9,1,8319
9,1,8320
9,1,8321
9,1,8322
-3,3,8325
8,2,8327
8,2,8329
7,3,8332
8,2,8334
-1,1,8335
-2,2,8337
4,6,8343
-4,4,8347
9,1,8348
8,2,8350
-2,2,8352
9,1,8353
4,6,8359
8,2,8361
-4,14,8375
9,1,8376
-2,2,8378
9,1,8379
-1,1,8380
4,6,8386
9,1,8387
9,1,8388
1,9,8397
9,1,8398
-2,2,8400
8,2,8402
9,1,8403
9,1,8404
8,2,8406
7,3,8409
8,2,8411
7,3,8414
6,4,8418
9,1,8419
8,2,8421
9,1,8422
7,3,8425
8,2,8427
8,2,8429
9,1,8430
7,3,8433
-1,1,8434
8,2,8436
-1,1,8437
8,2,8439
9,1,8440
7,3,8443
5,5,8448
9,1,8449
8,2,8451
5,5,8456
7,3,8459
6,4,8463
9,1,8464
5,5,8469
9,1,8470
7,3,8473
9,1,8474
9,1,8475
9,1,8476
7,3,8479
7,3,8482
8,2,8484
9,1,8485
9,1,8486
4,6,8492
-2,2,8494
8,2,8496
8,2,8498
9,1,8499
9,1,8500
-2,2,8502
9,1,8503
6,4,8507
9,1,8508
8,2,8510
-2,2,8512
9,1,8513
-2,2,8515
7,3,8518
9,1,8519
6,4,8523
2,8,8531
-1,1,8532
9,1,8533
-1,1,8534
9,1,8535
9,1,8536
9,1,8537
9,1,8538
9,1,8539
-2,2,8541
7,3,8544
2,8,8552
8,2,8554
8,2,8556
8,2,8558
9,1,8559
9,1,8560
-1,1,8561
7,3,8564
-1,1,8565
7,3,8568
8,2,8570
8,2,8572
9,1,8573
-1,1,8574
7,3,8577
-1,1,8578
6,4,8582
9,1,8583
7,3,8586
-7,7,8593
-2,2,8595
7,3,8598
9,1,8599
-1,1,8600
-2,2,8602
-6,6,8608
9,1,8609
-1,1,8610
9,1,8611
8,2,8613
9,1,8614
8,2,8616
8,2,8618
-3,3,8621
8,2,8623
-1,1,8624
-4,4,8628
-5,5,8633
-2,2,8635
3,7,8642
9,1,8643
7,3,8646
9,1,8647
9,1,8648
9,1,8649
8,2,8651
-1,1,8652
2,8,8660
8,2,8662
8,2,8664
6,4,8668
8,2,8670
-1,1,8671
7,3,8674
9,1,8675
-3,3,8678
9,1,8679
7,3,8682
9,1,8683
-1,1,8684
-2,2,8686
-1,1,8687
9,1,8688
9,1,8689
9,1,8690
8,2,8692
8,2,8694
9,1,8695
9,1,8696
8,2,8698
9,1,8699
-9,9,8708
9,1,8709
9,1,8710
7,3,8713
7,3,8716
-1,1,8717
8,2,8719
6,4,8723
9,1,8724
7,3,8727
-2,2,8729
4,6,8735
9,1,8736
9,1,8737
9,1,8738
9,1,8739
9,1,8740
-3,3,8743
9,1,8744
9,1,8745
9,1,8746
7,3,8749
8,2,8751
-3,3,8754
-2,2,8756
8,2,8758
-2,2,8760
9,1,8761
9,1,8762
8,2,8764
-3,3,8767
8,2,8769
9,1,8770
9,1,8771
9,1,8772
0,10,8782
9,1,8783
9,1,8784
8,2,8786
8,2,8788
8,2,8790
5,5,8795
9,1,8796
9,1,8797
-3,3,8800
8,2,8802
8,2,8804
8,2,8806
7,3,8809
-2,2,8811
-1,1,8812
8,2,8814
7,3,8817
8,2,8819
8,2,8821
9,1,8822
7,3,8825
5,5,8830
-7,7,8837
9,1,8838
-3,3,8841
9,1,8842
-2,2,8844
7,3,8847
9,1,8848
8,2,8850
9,1,8851
9,1,8852
9,1,8853
-2,2,8855
-5,5,8860
-3,3,8863
-2,2,8865
-1,1,8866
9,1,8867
-2,2,8869
-2,2,8871
9,1,8872
-1,1,8873
9,1,8874
-4,4,8878
8,2,8880
8,2,8882
8,2,8884
8,2,8886
-5,5,8891
6,4,8895
9,1,8896
-7,7,8903
8,2,8905
6,4,8909
9,1,8910
9,1,8911
9,1,8912
4,6,8918
8,2,8920
7,3,8923
9,1,8924
7,3,8927
9,1,8928
9,1,8929
-1,1,8930
-1,1,8931
2,8,8939
7,3,8942
9,1,8943
8,2,8945
-3,3,8948
9,1,8949
9,1,8950
9,1,8951
8,2,8953
9,1,8954
-1,1,8955
8,2,8957
9,1,8958
-3,3,8961
5,5,8966
9,1,8967
9,1,8968
9,1,8969
9,1,8970
8,2,8972
8,2,8974
7,3,8977
9,1,8978
-2,2,8980
9,1,8981
-1,1,8982
-1,1,8983
4,6,8989
4,6,8995
9,1,8996
9,1,8997
7,3,9000
-1,1,9001
7,3,9004
6,4,9008
9,1,9009
-1,1,9010
9,1,9011
8,2,9013
-3,3,9016
7,3,9019
9,1,9020
9,1,9021
7,3,9024
9,1,9025
9,1,9026
9,1,9027
9,1,9028
-1,1,9029
9,1,9030
9,1,9031
9,1,9032
7,3,9035
8,2,9037
9,1,9038
6,4,9042
9,1,9043
9,1,9044
-1,1,9045
9,1,9046
6,4,9050
9,1,9051
-1,1,9052
8,2,9054
9,1,9055
7,3,9058
-2,2,9060
-2,2,9062
7,3,9065
7,3,9068
-2,2,9070
9,1,9071
8,2,9073
-1,1,9074
5,5,9079
-1,1,9080
3,7,9087
9,1,9088
-2,2,9090
9,1,9091
9,1,9092
9,1,9093
9,1,9094
9,1,9095
7,3,9098
8,2,9100
-2,2,9102
9,1,9103
9,1,9104
9,1,9105
8,2,9107
9,1,9108
9,1,9109
6,4,9113
5,5,9118
8,2,9120
9,1,9121
-1,1,9122
8,2,9124
8,2,9126
-3,3,9129
7,3,9132
8,2,9134
9,1,9135
9,1,9136
-3,3,9139
6,4,9143
9,1,9144
-1,1,9145
9,1,9146
9,1,9147
-3,3,9150
7,3,9153
8,2,9155
9,1,9156
9,1,9157
-3,3,9160
6,4,9164
6,4,9168
9,1,9169
9,1,9170
9,1,9171
9,1,9172
8,2,9174
9,1,9175
-1,1,9176
9,1,9177
6,4,9181
-5,5,9186
8,2,9188
9,1,9189
5,5,9194
5,5,9199
-2,2,9201
9,1,9202
5,5,9207
5,5,9212
9,1,9213
4,6,9219
-1,1,9220
-2,2,9222
-1,11,9233
-4,4,9237
-1,1,9238
7,3,9241
8,2,9243
-2,2,9245
-1,1,9246
6,4,9250
4,6,9256
8,2,9258
7,3,9261
5,5,9266
8,2,9268
-1,1,9269
9,1,9270
9,1,9271
-1,1,9272
-1,1,9273
4,6,9279
7,3,9282
9,1,9283
9,1,9284
9,1,9285
8,2,9287
-4,4,9291
-2,2,9293
9,1,9294
8,2,9296
8,2,9298
9,1,9299
5,5,9304
9,1,9305
-4,4,9309
8,2,9311
9,1,9312
8,2,9314
-7,7,9321
4,6,9327
9,1,9328
9,1,9329
-1,1,9330
8,2,9332
8,2,9334
9,1,9335
6,4,9339
-3,3,9342
-1,1,9343
8,2,9345
-1,1,9346
9,1,9347
-1,1,9348
9,1,9349
-4,4,9353
7,3,9356
9,1,9357
9,1,9358
8,2,9360
8,2,9362
5,5,9367
8,2,9369
5,5,9374
8,2,9376
9,1,9377
-1,1,9378
9,1,9379
9,1,9380
7,3,9383
6,4,9387
6,4,9391
6,4,9395
8,2,9397
-3,3,9400
-1,1,9401
-3,3,9404
8,2,9406
7,3,9409
9,1,9410
8,2,9412
6,4,9416
9,1,9417
9,1,9418
9,1,9419
9,1,9420
-1,1,9421
9,1,9422
-3,3,9425
9,1,9426
8,2,9428
9,1,9429
9,1,9430
9,1,9431
9,1,9432
8,2,9434
-3,3,9437
9,1,9438
9,1,9439
-2,2,9441
9,1,9442
-1,1,9443
9,1,9444
4,6,9450
9,1,9451
7,3,9454
-3,3,9457
9,1,9458
9,1,9459
-2,2,9461
9,1,9462
9,1,9463
5,5,9468
2,8,9476
7,3,9479
9,1,9480
9,1,9481
8,2,9483
9,1,9484
5,5,9489
-1,1,9490
-1,1,9491
9,1,9492
7,3,9495
9,1,9496
-2,2,9498
6,4,9502
9,1,9503
-1,1,9504
9,1,9505
8,2,9507
8,2,9509
-3,3,9512
9,1,9513
-1,1,9514
7,3,9517
-5,5,9522
7,3,9525
8,2,9527
8,2,9529
9,1,9530
9,1,9531
9,1,9532
6,4,9536
-3,3,9539
-3,3,9542
6,4,9546
8,2,9548
-5,5,9553
6,4,9557
9,1,9558
9,1,9559
-1,1,9560
9,1,9561
8,2,9563
6,4,9567
-11,11,9578
8,2,9580
8,2,9582
-2,2,9584
9,1,9585
7,3,9588
6,4,9592
7,3,9595
-1,1,9596
-1,1,9597
8,2,9599
-3,3,9602
9,1,9603
8,2,9605
8,2,9607
7,3,9610
-2,2,9612
4,6,9618
9,1,9619
9,1,9620
9,1,9621
9,1,9622
9,1,9623
-7,7,9630
9,1,9631
9,1,9632
-3,3,9635
-4,4,9639
8,2,9641
-1,1,9642
8,2,9644
9,1,9645
8,2,9647
9,1,9648
8,2,9650
-1,1,9651
8,2,9653
6,4,9657
3,7,9664
7,3,9667
9,1,9668
-3,3,9671
9,1,9672
-2,2,9674
7,3,9677
7,3,9680
9,1,9681
9,1,9682
3,7,9689
8,2,9691
8,2,9693
-1,1,9694
6,4,9698
6,4,9702
9,1,9703
-2,2,9705
-1,1,9706
-2,2,9708
9,1,9709
9,1,9710
3,7,9717
9,1,9718
6,4,9722
3,7,9729
-2,2,9731
7,3,9734
7,3,9737
6,4,9741
9,1,9742
8,2,9744
9,1,9745
9,1,9746
8,2,9748
8,2,9750
-1,1,9751
-1,1,9752
7,3,9755
9,1,9756
-1,1,9757
7,3,9760
-3,3,9763
-1,1,9764
8,2,9766
-2,2,9768
8,2,9770
9,1,9771
-1,1,9772
9,1,9773
-1,1,9774
8,2,9776
9,1,9777
9,1,9778
9,1,9779
9,1,9780
-1,1,9781
9,1,9782
9,1,9783
-1,1,9784
9,1,9785
-2,2,9787
9,1,9788
-4,4,9792
9,1,9793
9,1,9794
-4,4,9798
9,1,9799
7,3,9802
8,2,9804
9,1,9805
6,4,9809
7,3,9812
7,3,9815
1,9,9824
-1,1,9825
9,1,9826
9,1,9827
7,3,9830
4,6,9836
9,1,9837
-1,1,9838
9,1,9839
-1,1,9840
9,1,9841
8,2,9843
7,3,9846
9,1,9847
8,2,9849
9,1,9850
7,3,9853
9,1,9854
-1,1,9855
9,1,9856
-1,1,9857
6,4,9861
-10,10,9871
9,1,9872
9,1,9873
8,2,9875
-2,2,9877
-1,1,9878
9,1,9879
6,4,9883
-1,1,9884
4,6,9890
-2,2,9892
-1,1,9893
9,1,9894
-1,1,9895
-2,2,9897
7,3,9900
-1,1,9901
6,4,9905
-6,16,9921
8,2,9923
-1,1,9924
-1,1,9925
-2,2,9927
-5,15,9942
9,1,9943
-1,1,9944
8,2,9946
8,2,9948
9,1,9949
-1,1,9950
8,2,9952
-4,4,9956
-2,2,9958
8,2,9960
5,5,9965
9,1,9966
-3,3,9969
-1,1,9970
8,2,9972
9,1,9973
8,2,9975
9,1,9976
9,1,9977
7,3,9980
9,1,9981
9,1,9982
9,1,9983
-1,1,9984
-1,1,9985
9,1,9986
-1,1,9987
-3,3,9990
8,2,9992
9,1,9993
9,1,9994
9,1,9995
9,1,9996
8,2,9998
8,2,10000
8,2,10002
9,1,10003
8,2,10005
-2,2,10007
7,3,10010
-3,3,10013
9,1,10014
9,1,10015
9,1,10016
6,4,10020
9,1,10021
-3,3,10024
9,1,10025
8,2,10027
9,1,10028
-1,1,10029
7,3,10032
6,4,10036
7,3,10039
-2,2,10041
9,1,10042
-3,3,10045
9,1,10046
9,1,10047
8,2,10049
7,3,10052
9,1,10053
9,1,10054
9,1,10055
9,1,10056
9,1,10057
7,3,10060
5,5,10065
-1,1,10066
8,2,10068
9,1,10069
8,2,10071
-3,3,10074
8,2,10076
-2,2,10078
8,2,10080
9,1,10081
9,1,10082
9,1,10083
9,1,10084
8,2,10086
9,1,10087
9,1,10088
9,1,10089
-1,1,10090
9,1,10091
9,1,10092
-2,2,10094
-2,2,10096
9,1,10097
9,1,10098
-1,1,10099
9,1,10100
8,2,10102
9,1,10103
7,3,10106
9,1,10107
9,1,10108
9,1,10109
9,1,10110
8,2,10112
8,2,10114
8,2,10116
8,2,10118
8,2,10120
-1,1,10121
8,2,10123
-4,4,10127
9,1,10128
8,2,10130
-1,1,10131
9,1,10132
9,1,10133
-2,2,10135
9,1,10136
8,2,10138
9,1,10139
-1,1,10140
-4,4,10144
9,1,10145
8,2,10147
8,2,10149
8,2,10151
9,1,10152
7,3,10155
5,5,10160
9,1,10161
4,6,10167
8,2,10169
-1,1,10170
-6,6,10176
8,2,10178
-1,1,10179
9,1,10180
8,2,10182
-2,2,10184
9,1,10185
-1,1,10186
8,2,10188
9,1,10189
9,1,10190
9,1,10191
-2,2,10193
-3,3,10196
-2,2,10198
9,1,10199
8,2,10201
6,4,10205
-2,2,10207
8,2,10209
8,2,10211
9,1,10212
9,1,10213
9,1,10214
-1,1,10215
-1,1,10216
8,2,10218
9,1,10219
-2,2,10221
8,2,10223
-3,3,10226
-1,1,10227
9,1,10228
-1,1,10229
8,2,10231
-5,5,10236
9,1,10237
-1,1,10238
9,1,10239
8,2,10241
9,1,10242
9,1,10243
4,6,10249
7,3,10252
7,3,10255
8,2,10257
9,1,10258
9,1,10259
8,2,10261
9,1,10262
8,2,10264
9,1,10265
8,2,10267
-1,1,10268
5,5,10273
6,4,10277
-4,4,10281
9,1,10282
-4,4,10286
8,2,10288
8,2,10290
9,1,10291
7,3,10294
9,1,10295
7,3,10298
8,2,10300
-2,2,10302
-3,3,10305
8,2,10307
-3,3,10310
6,4,10314
7,3,10317
8,2,10319
9,1,10320
-4,4,10324
-1,1,10325
9,1,10326
-1,1,10327
9,1,10328
9,1,10329
7,3,10332
8,2,10334
4,6,10340
6,4,10344
9,1,10345
9,1,10346
8,2,10348
-1,1,10349
-5,5,10354
8,2,10356
9,1,10357
5,5,10362
9,1,10363
8,2,10365
8,2,10367
-3,3,10370
8,2,10372
7,3,10375
8,2,10377
9,1,10378
8,2,10380
9,1,10381
8,2,10383
-1,1,10384
7,3,10387
7,3,10390
9,1,10391
8,2,10393
9,1,10394
8,2,10396
-3,3,10399
8,2,10401
9,1,10402
5,5,10407
5,5,10412
-1,1,10413
-1,1,10414
5,5,10419
9,1,10420
9,1,10421
-1,1,10422
8,2,10424
8,2,10426
9,1,10427
7,3,10430
9,1,10431
6,4,10435
3,7,10442
-3,3,10445
9,1,10446
6,4,10450
8,2,10452
-2,2,10454
8,2,10456
9,1,10457
9,1,10458
7,3,10461
9,1,10462
7,3,10465
-1,1,10466
9,1,10467
-1,1,10468
7,3,10471
9,1,10472
9,1,10473
-1,1,10474
9,1,10475
9,1,10476
9,1,10477
7,3,10480
9,1,10481
-2,2,10483
-3,3,10486
-4,4,10490
7,3,10493
9,1,10494
8,2,10496
9,1,10497
9,1,10498
-1,1,10499
9,1,10500
9,1,10501
9,1,10502
9,1,10503
5,5,10508
9,1,10509
9,1,10510
9,1,10511
7,3,10514
9,1,10515
-4,4,10519
-2,2,10521
-1,1,10522
9,1,10523
8,2,10525
8,2,10527
9,1,10528
9,1,10529
8,2,10531
9,1,10532
9,1,10533
9,1,10534
9,1,10535
9,1,10536
9,1,10537
9,1,10538
9,1,10539
8,2,10541
9,1,10542
9,1,10543
9,1,10544
-1,1,10545
9,1,10546
9,1,10547
8,2,10549
-1,1,10550
3,7,10557
9,1,10558
9,1,10559
-1,1,10560
9,1,10561
8,2,10563
9,1,10564
4,6,10570
-1,1,10571
9,1,10572
9,1,10573
-11,11,10584
9,1,10585
7,3,10588
9,1,10589
9,1,10590
8,2,10592
9,1,10593
9,1,10594
-1,1,10595
7,3,10598
9,1,10599
2,8,10607
7,3,10610
9,1,10611
8,2,10613
9,1,10614
8,2,10616
5,5,10621
9,1,10622
8,2,10624
8,2,10626
-2,2,10628
9,1,10629
7,3,10632
9,1,10633
-2,2,10635
8,2,10637
-1,1,10638
8,2,10640
9,1,10641
7,3,10644
9,1,10645
7,3,10648
8,2,10650
-3,3,10653
9,1,10654
-3,3,10657
9,1,10658
9,1,10659
9,1,10660
9,1,10661
7,3,10664
9,1,10665
6,4,10669
9,1,10670
9,1,10671
9,1,10672
7,3,10675
9,1,10676
-8,8,10684
9,1,10685
6,4,10689
8,2,10691
-2,2,10693
8,2,10695
9,1,10696
8,2,10698
-1,1,10699
9,1,10700
9,1,10701
9,1,10702
8,2,10704
-2,2,10706
-2,2,10708
9,1,10709
9,1,10710
9,1,10711
9,1,10712
3,7,10719
9,1,10720
8,2,10722
8,2,10724
8,2,10726
9,1,10727
9,1,10728
8,2,10730
6,4,10734
9,1,10735
-1,1,10736
9,1,10737
8,2,10739
9,1,10740
5,5,10745
8,2,10747
9,1,10748
8,2,10750
8,2,10752
-1,1,10753
9,1,10754
8,2,10756
9,1,10757
-3,3,10760
-1,1,10761
8,2,10763
9,1,10764
-1,1,10765
6,4,10769
9,1,10770
-1,1,10771
-3,3,10774
9,1,10775
9,1,10776
4,6,10782
9,1,10783
9,1,10784
7,3,10787
8,2,10789
8,2,10791
9,1,10792
9,1,10793
9,1,10794
9,1,10795
9,1,10796
8,2,10798
-3,3,10801
9,1,10802
-1,1,10803
7,3,10806
8,2,10808
6,4,10812
6,4,10816
9,1,10817
5,5,10822
5,5,10827
8,2,10829
9,1,10830
-1,1,10831
9,1,10832
9,1,10833
-1,1,10834
9,1,10835
9,1,10836
8,2,10838
-2,12,10850
9,1,10851
9,1,10852
8,2,10854
7,3,10857
9,1,10858
-2,2,10860
9,1,10861
8,2,10863
7,3,10866
9,1,10867
8,2,10869
-1,1,10870
8,2,10872
9,1,10873
8,2,10875
9,1,10876
9,1,10877
9,1,10878
8,2,10880
-2,2,10882
8,2,10884
2,8,10892
9,1,10893
8,2,10895
8,2,10897
8,2,10899
8,2,10901
-1,1,10902
9,1,10903
9,1,10904
-1,1,10905
7,3,10908
9,1,10909
7,3,10912
8,2,10914
8,2,10916
9,1,10917
-2,2,10919
-2,2,10921
9,1,10922
8,2,10924
9,1,10925
9,1,10926
-3,3,10929
9,1,10930
9,1,10931
9,1,10932
9,1,10933
-1,11,10944
9,1,10945
9,1,10946
9,1,10947
5,5,10952
8,2,10954
9,1,10955
8,2,10957
-1,1,10958
8,2,10960
9,1,10961
9,1,10962
-1,1,10963
-1,1,10964
-7,7,10971
5,5,10976
-5,5,10981
2,8,10989
7,3,10992
9,1,10993
5,5,10998
9,1,10999
7,3,11002
-5,5,11007
-5,5,11012
-4,4,11016
8,2,11018
9,1,11019
-3,3,11022
-2,2,11024
0,10,11034
7,3,11037
7,3,11040
-1,1,11041
8,2,11043
-1,1,11044
9,1,11045
9,1,11046
9,1,11047
9,1,11048
7,3,11051
8,2,11053
8,2,11055
7,3,11058
-1,1,11059
9,1,11060
9,1,11061
-1,1,11062
6,4,11066
-1,1,11067
9,1,11068
9,1,11069
9,1,11070
9,1,11071
-1,1,11072
7,3,11075
5,5,11080
7,3,11083
9,1,11084
7,3,11087
9,1,11088
8,2,11090
-3,3,11093
-1,1,11094
8,2,11096
5,5,11101
8,2,11103
8,2,11105
9,1,11106
-1,1,11107
-1,1,11108
-4,4,11112
9,1,11113
8,2,11115
8,2,11117
6,4,11121
7,3,11124
9,1,11125
9,1,11126
3,7,11133
8,2,11135
9,1,11136
9,1,11137
9,1,11138
8,2,11140
9,1,11141
-1,1,11142
-6,6,11148
6,4,11152
9,1,11153
8,2,11155
6,4,11159
8,2,11161
9,1,11162
9,1,11163
9,1,11164
9,1,11165
2,8,11173
7,3,11176
7,3,11179
9,1,11180
9,1,11181
9,1,11182
7,3,11185
-2,2,11187
9,1,11188
8,2,11190
7,3,11193
-7,7,11200
9,1,11201
-1,1,11202
-1,1,11203
9,1,11204
9,1,11205
7,3,11208
9,1,11209
8,2,11211
-2,2,11213
-5,5,11218
9,1,11219
9,1,11220
8,2,11222
9,1,11223
9,1,11224
-1,1,11225
-3,13,11238
8,2,11240
8,2,11242
9,1,11243
7,3,11246
9,1,11247
9,1,11248
8,2,11250
8,2,11252
9,1,11253
7,3,11256
9,1,11257
9,1,11258
-1,1,11259
-1,1,11260
-1,11,11271
8,2,11273
9,1,11274
5,5,11279
-1,1,11280
8,2,11282
9,1,11283
8,2,11285
9,1,11286
8,2,11288
9,1,11289
7,3,11292
3,7,11299
-2,2,11301
5,5,11306
9,1,11307
8,2,11309
9,1,11310
-4,4,11314
-2,2,11316
8,2,11318
-1,1,11319
-6,6,11325
8,2,11327
5,5,11332
-1,1,11333
6,4,11337
-1,1,11338
7,3,11341
7,3,11344
9,1,11345
7,3,11348
-4,4,11352
-2,2,11354
9,1,11355
-3,3,11358
9,1,11359
-2,2,11361
-1,1,11362
8,2,11364
-1,1,11365
9,1,11366
8,2,11368
8,2,11370
-3,3,11373
7,3,11376
9,1,11377
7,3,11380
7,3,11383
7,3,11386
7,3,11389
7,3,11392
9,1,11393
8,2,11395
9,1,11396
8,2,11398
9,1,11399
-5,5,11404
9,1,11405
0,10,11415
9,1,11416
8,2,11418
-1,1,11419
8,2,11421
6,4,11425
9,1,11426
-10,10,11436
7,3,11439
-1,1,11440
9,1,11441
9,1,11442
7,3,11445
9,1,11446
5,5,11451
-5,15,11466
-4,4,11470
-1,1,11471
-4,4,11475
-2,2,11477
9,1,11478
8,2,11480
6,4,11484
7,3,11487
9,1,11488
9,1,11489
8,2,11491
9,1,11492
8,2,11494
4,6,11500
8,2,11502
-1,1,11503
6,4,11507
8,2,11509
-3,3,11512
9,1,11513
8,2,11515
9,1,11516
8,2,11518
6,4,11522
6,4,11526
8,2,11528
7,3,11531
7,3,11534
9,1,11535
-3,3,11538
-1,11,11549
9,1,11550
9,1,11551
9,1,11552
9,1,11553
8,2,11555
6,4,11559
-5,5,11564
9,1,11565
7,3,11568
-1,1,11569
-3,3,11572
9,1,11573
9,1,11574
7,3,11577
9,1,11578
-2,2,11580
8,2,11582
-2,2,11584
8,2,11586
7,3,11589
7,3,11592
-2,2,11594
0,10,11604
-1,1,11605
8,2,11607
-1,1,11608
-4,14,11622
9,1,11623
-13,13,11636
7,3,11639
9,1,11640
8,2,11642
8,2,11644
-3,3,11647
-2,2,11649
-5,5,11654
8,2,11656
7,3,11659
-2,2,11661
8,2,11663
7,3,11666
9,1,11667
8,2,11669
8,2,11671
8,2,11673
7,3,11676
9,1,11677
9,1,11678
8,2,11680
9,1,11681
9,1,11682
9,1,11683
9,1,11684
-3,3,11687
9,1,11688
9,1,11689
8,2,11691
8,2,11693
-2,2,11695
9,1,11696
9,1,11697
-4,4,11701
9,1,11702
6,4,11706
-1,1,11707
8,2,11709
9,1,11710
9,1,11711
9,1,11712
9,1,11713
9,1,11714
9,1,11715
9,1,11716
-1,1,11717
8,2,11719
7,3,11722
9,1,11723
7,3,11726
6,4,11730
9,1,11731
8,2,11733
6,4,11737
9,1,11738
9,1,11739
-2,2,11741
6,4,11745
7,3,11748
9,1,11749
-2,2,11751
-2,2,11753
9,1,11754
-1,1,11755
8,2,11757
7,3,11760
8,2,11762
8,2,11764
9,1,11765
-2,2,11767
8,2,11769
8,2,11771
9,1,11772
9,1,11773
8,2,11775
9,1,11776
8,2,11778
9,1,11779
-1,1,11780
-2,2,11782
8,2,11784
8,2,11786
7,3,11789
-2,2,11791
-16,16,11807
-1,1,11808
-1,1,11809
9,1,11810
7,3,11813
9,1,11814
8,2,11816
4,6,11822
9,1,11823
6,4,11827
-2,2,11829
7,3,11832
6,4,11836
9,1,11837
9,1,11838
9,1,11839
6,4,11843
9,1,11844
-4,4,11848
9,1,11849
6,4,11853
8,2,11855
-1,1,11856
-2,2,11858
-1,1,11859
-2,2,11861
6,4,11865
-3,3,11868
8,2,11870
8,2,11872
8,2,11874
7,3,11877
-3,3,11880
9,1,11881
9,1,11882
9,1,11883
-2,2,11885
0,10,11895
7,3,11898
9,1,11899
9,1,11900
9,1,11901
9,1,11902
8,2,11904
-1,1,11905
7,3,11908
9,1,11909
8,2,11911
-2,2,11913
9,1,11914
6,4,11918
8,2,11920
9,1,11921
0,10,11931
-1,1,11932
-5,5,11937
6,4,11941
7,3,11944
9,1,11945
8,2,11947
-1,1,11948
8,2,11950
8,2,11952
8,2,11954
9,1,11955
6,4,11959
9,1,11960
9,1,11961
7,3,11964
-1,1,11965
9,1,11966
9,1,11967
5,5,11972
8,2,11974
4,6,11980
9,1,11981
-2,2,11983
8,2,11985
7,3,11988
8,2,11990
-2,2,11992
9,1,11993
8,2,11995
9,1,11996
-1,1,11997
-4,4,12001
9,1,12002
9,1,12003
9,1,12004
8,2,12006
9,1,12007
9,1,12008
-1,1,12009
7,3,12012
8,2,12014
9,1,12015
9,1,12016
7,3,12019
9,1,12020
9,1,12021
9,1,12022
8,2,12024
-1,1,12025
9,1,12026
8,2,12028
-1,1,12029
9,1,12030
8,2,12032
-1,1,12033
7,3,12036
9,1,12037
7,3,12040
6,4,12044
6,4,12048
-2,2,12050
9,1,12051
-9,9,12060
8,2,12062
5,5,12067
-10,10,12077
8,2,12079
8,2,12081
7,3,12084
9,1,12085
-5,5,12090
9,1,12091
-1,1,12092
9,1,12093
-2,2,12095
9,1,12096
8,2,12098
9,1,12099
-12,12,12111
9,1,12112
0,10,12122
-1,1,12123
9,1,12124
8,2,12126
8,2,12128
8,2,12130
-1,1,12131
-1,1,12132
9,1,12133
8,2,12135
4,6,12141
9,1,12142
9,1,12143
8,2,12145
6,4,12149
9,1,12150
6,4,12154
6,4,12158
3,7,12165
8,2,12167
8,2,12169
9,1,12170
9,1,12171
8,2,12173
-2,2,12175
8,2,12177
-4,4,12181
-1,1,12182
9,1,12183
9,1,12184
3,7,12191
9,1,12192
8,2,12194
8,2,12196
9,1,12197
8,2,12199
7,3,12202
8,2,12204
8,2,12206
8,2,12208
9,1,12209
8,2,12211
9,1,12212
9,1,12213
9,1,12214
9,1,12215
8,2,12217
9,1,12218
8,2,12220
9,1,12221
6,4,12225
9,1,12226
8,2,12228
8,2,12230
8,2,12232
9,1,12233
8,2,12235
-2,12,12247
8,2,12249
9,1,12250
8,2,12252
-4,4,12256
9,1,12257
9,1,12258
7,3,12261
5,5,12266
8,2,12268
-7,17,12285
5,5,12290
3,7,12297
8,2,12299
-5,5,12304
9,1,12305
9,1,12306
7,3,12309
8,2,12311
9,1,12312
7,3,12315
9,1,12316
6,4,12320
8,2,12322
8,2,12324
9,1,12325
4,6,12331
9,1,12332
-1,1,12333
9,1,12334
9,1,12335
9,1,12336
9,1,12337
9,1,12338
9,1,12339
7,3,12342
9,1,12343
9,1,12344
7,3,12347
9,1,12348
5,5,12353
9,1,12354
9,1,12355
9,1,12356
-2,2,12358
6,4,12362
9,1,12363
7,3,12366
8,2,12368
-2,2,12370
9,1,12371
-2,2,12373
3,7,12380
-3,3,12383
-2,2,12385
8,2,12387
-5,5,12392
8,2,12394
9,1,12395
8,2,12397
6,4,12401
9,1,12402
8,2,12404
7,3,12407
8,2,12409
3,7,12416
-1,1,12417
9,1,12418
9,1,12419
9,1,12420
8,2,12422
9,1,12423
7,3,12426
9,1,12427
9,1,12428
9,1,12429
9,1,12430
9,1,12431
-1,1,12432
8,2,12434
9,1,12435
9,1,12436
-2,2,12438
-2,2,12440
8,2,12442
8,2,12444
8,2,12446
-4,4,12450
8,2,12452
5,5,12457
9,1,12458
7,3,12461
9,1,12462
9,1,12463
9,1,12464
5,5,12469
3,7,12476
9,1,12477
9,1,12478
8,2,12480
8,2,12482
3,7,12489
8,2,12491
-4,4,12495
2,8,12503
9,1,12504
9,1,12505
-3,3,12508
9,1,12509
8,2,12511
-1,1,12512
-3,3,12515
9,1,12516
9,1,12517
7,3,12520
8,2,12522
8,2,12524
9,1,12525
-1,1,12526
-1,1,12527
-4,4,12531
9,1,12532
8,2,12534
8,2,12536
7,3,12539
9,1,12540
9,1,12541
7,3,12544
9,1,12545
8,2,12547
2,8,12555
9,1,12556
8,2,12558
-7,17,12575
9,1,12576
9,1,12577
8,2,12579
9,1,12580
9,1,12581
8,2,12583
9,1,12584
-2,2,12586
9,1,12587
-2,2,12589
9,1,12590
9,1,12591
9,1,12592
-3,3,12595
9,1,12596
8,2,12598
-4,4,12602
8,2,12604
-1,1,12605
-2,2,12607
5,5,12612
9,1,12613
9,1,12614
-1,1,12615
-6,6,12621
7,3,12624
9,1,12625
9,1,12626
9,1,12627
8,2,12629
9,1,12630
-1,1,12631
-2,2,12633
9,1,12634
9,1,12635
-2,2,12637
-2,2,12639
6,4,12643
5,5,12648
9,1,12649
4,6,12655
8,2,12657
9,1,12658
-1,1,12659
-3,3,12662
-7,7,12669
8,2,12671
9,1,12672
-2,2,12674
-1,1,12675
-1,1,12676
5,5,12681
8,2,12683
9,1,12684
9,1,12685
9,1,12686
9,1,12687
5,5,12692
7,3,12695
1,9,12704
9,1,12705
9,1,12706
9,1,12707
-2,2,12709
9,1,12710
9,1,12711
9,1,12712
9,1,12713
9,1,12714
-1,1,12715
7,3,12718
9,1,12719
6,4,12723
6,4,12727
9,1,12728
9,1,12729
-2,2,12731
4,6,12737
9,1,12738
9,1,12739
8,2,12741
8,2,12743
1,9,12752
7,3,12755
9,1,12756
5,5,12761
8,2,12763
8,2,12765
8,2,12767
-4,4,12771
9,1,12772
9,1,12773
-1,1,12774
9,1,12775
9,1,12776
9,1,12777
8,2,12779
8,2,12781
6,4,12785
9,1,12786
4,6,12792
9,1,12793
-1,1,12794
3,7,12801
8,2,12803
9,1,12804
7,3,12807
-2,2,12809
9,1,12810
-1,1,12811
8,2,12813
8,2,12815
5,5,12820
8,2,12822
7,3,12825
7,3,12828
8,2,12830
9,1,12831
9,1,12832
-1,1,12833
9,1,12834
6,4,12838
7,3,12841
-1,1,12842
-1,1,12843
9,1,12844
9,1,12845
7,3,12848
8,2,12850
-1,1,12851
-2,2,12853
9,1,12854
9,1,12855
9,1,12856
8,2,12858
9,1,12859
9,1,12860
-2,2,12862
8,2,12864
8,2,12866
-1,1,12867
9,1,12868
9,1,12869
7,3,12872
9,1,12873
7,3,12876
-2,2,12878
8,2,12880
8,2,12882
-1,1,12883
-1,1,12884
7,3,12887
9,1,12888
6,4,12892
7,3,12895
7,3,12898
7,3,12901
9,1,12902
9,1,12903
6,4,12907
8,2,12909
9,1,12910
6,4,12914
8,2,12916
6,4,12920
-3,3,12923
9,1,12924
-1,1,12925
7,3,12928
9,1,12929
9,1,12930
-1,1,12931
9,1,12932
8,2,12934
9,1,12935
2,8,12943
9,1,12944
9,1,12945
9,1,12946
9,1,12947
7,3,12950
4,6,12956
-3,3,12959
6,4,12963
7,3,12966
8,2,12968
9,1,12969
8,2,12971
9,1,12972
3,7,12979
9,1,12980
-2,2,12982
-2,2,12984
-3,3,12987
9,1,12988
-1,1,12989
9,1,12990
7,3,12993
9,1,12994
-1,1,12995
-1,1,12996
9,1,12997
-3,3,13000
-3,3,13003
-2,2,13005
-2,2,13007
9,1,13008
9,1,13009
-1,1,13010
3,7,13017
-3,3,13020
9,1,13021
-1,1,13022
9,1,13023
-2,2,13025
9,1,13026
-5,15,13041
7,3,13044
-1,1,13045
-4,4,13049
-2,2,13051
9,1,13052
-1,1,13053
9,1,13054
4,6,13060
4,6,13066
-2,2,13068
9,1,13069
8,2,13071
9,1,13072
8,2,13074
9,1,13075
8,2,13077
6,4,13081
9,1,13082
8,2,13084
9,1,13085
9,1,13086
-2,2,13088
9,1,13089
-5,5,13094
-2,2,13096
6,4,13100
8,2,13102
-4,4,13106
-1,1,13107
9,1,13108
8,2,13110
8,2,13112
9,1,13113
9,1,13114
9,1,13115
9,1,13116
8,2,13118
9,1,13119
8,2,13121
3,7,13128
7,3,13131
9,1,13132
8,2,13134
0,10,13144
9,1,13145
-1,1,13146
-2,2,13148
8,2,13150
9,1,13151
-2,2,13153
9,1,13154
8,2,13156
9,1,13157
9,1,13158
-6,6,13164
-1,1,13165
8,2,13167
-2,2,13169
8,2,13171
9,1,13172
-2,2,13174
9,1,13175
-1,1,13176
9,1,13177
-1,1,13178
8,2,13180
8,2,13182
9,1,13183
6,4,13187
8,2,13189
6,4,13193
-2,2,13195
7,3,13198
-2,2,13200
7,3,13203
-2,2,13205
9,1,13206
-6,6,13212
7,3,13215
-1,1,13216
9,1,13217
5,5,13222
9,1,13223
9,1,13224
8,2,13226
9,1,13227
9,1,13228
9,1,13229
-2,2,13231
8,2,13233
9,1,13234
-2,2,13236
-1,1,13237
-17,17,13254
6,4,13258
9,1,13259
9,1,13260
8,2,13262
9,1,13263
3,7,13270
-2,2,13272
6,4,13276
9,1,13277
-2,2,13279
-4,4,13283
8,2,13285
8,2,13287
6,4,13291
9,1,13292
4,6,13298
9,1,13299
9,1,13300
8,2,13302
8,2,13304
9,1,13305
5,5,13310
-1,1,13311
9,1,13312
4,6,13318
-12,12,13330
9,1,13331
9,1,13332
8,2,13334
-3,3,13337
8,2,13339
7,3,13342
9,1,13343
9,1,13344
-2,2,13346
9,1,13347
8,2,13349
9,1,13350
-1,1,13351
9,1,13352
-1,1,13353
-2,2,13355
8,2,13357
9,1,13358
-1,1,13359
8,2,13361
-5,5,13366
9,1,13367
9,1,13368
9,1,13369
8,2,13371
-1,1,13372
-3,3,13375
7,3,13378
5,5,13383
8,2,13385
-1,1,13386
9,1,13387
9,1,13388
-1,1,13389
7,3,13392
-2,2,13394
-1,1,13395
9,1,13396
9,1,13397
-2,2,13399
7,3,13402
-1,1,13403
9,1,13404
9,1,13405
7,3,13408
9,1,13409
9,1,13410
9,1,13411
9,1,13412
9,1,13413
8,2,13415
8,2,13417
8,2,13419
-4,4,13423
0,10,13433
8,2,13435
-4,4,13439
9,1,13440
9,1,13441
8,2,13443
9,1,13444
9,1,13445
9,1,13446
7,3,13449
9,1,13450
8,2,13452
8,2,13454
-1,1,13455
7,3,13458
6,4,13462
9,1,13463
9,1,13464
8,2,13466
9,1,13467
8,2,13469
7,3,13472
9,1,13473
7,3,13476
-3,3,13479
7,3,13482
9,1,13483
8,2,13485
9,1,13486
-1,1,13487
5,5,13492
9,1,13493
6,4,13497
-1,1,13498
9,1,13499
9,1,13500
-1,1,13501
8,2,13503
9,1,13504
-9,9,13513
8,2,13515
8,2,13517
4,6,13523
9,1,13524
9,1,13525
8,2,13527
9,1,13528
9,1,13529
-2,2,13531
6,4,13535
6,4,13539
9,1,13540
-1,1,13541
9,1,13542
-16,16,13558
-1,1,13559
8,2,13561
7,3,13564
9,1,13565
-1,1,13566
9,1,13567
7,3,13570
-3,3,13573
-1,1,13574
6,4,13578
-1,1,13579
-3,3,13582
9,1,13583
6,4,13587
9,1,13588
9,1,13589
7,3,13592
8,2,13594
8,2,13596
-2,2,13598
9,1,13599
8,2,13601
-1,1,13602
8,2,13604
9,1,13605
7,3,13608
9,1,13609
-3,3,13612
9,1,13613
9,1,13614
-2,2,13616
-1,1,13617
8,2,13619
8,2,13621
2,8,13629
9,1,13630
-4,4,13634
-2,2,13636
-1,1,13637
8,2,13639
3,7,13646
7,3,13649
9,1,13650
9,1,13651
8,2,13653
9,1,13654
9,1,13655
9,1,13656
-1,1,13657
9,1,13658
9,1,13659
-1,1,13660
9,1,13661
9,1,13662
9,1,13663
9,1,13664
7,3,13667
-2,2,13669
-1,1,13670
7,3,13673
-6,6,13679
9,1,13680
7,3,13683
8,2,13685
7,3,13688
9,1,13689
8,2,13691
-2,2,13693
8,2,13695
9,1,13696
4,6,13702
9,1,13703
8,2,13705
5,5,13710
-2,12,13722
9,1,13723
9,1,13724
9,1,13725
9,1,13726
9,1,13727
8,2,13729
8,2,13731
6,4,13735
9,1,13736
9,1,13737
-1,1,13738
8,2,13740
9,1,13741
9,1,13742
9,1,13743
-2,2,13745
6,4,13749
6,4,13753
-1,1,13754
-1,1,13755
9,1,13756
7,3,13759
-5,5,13764
7,3,13767
-1,1,13768
8,2,13770
8,2,13772
-2,12,13784
8,2,13786
9,1,13787
-3,3,13790
-1,1,13791
-5,5,13796
9,1,13797
9,1,13798
0,10,13808
1,9,13817
9,1,13818
9,1,13819
8,2,13821
7,3,13824
-1,1,13825
-1,1,13826
6,4,13830
-1,1,13831
9,1,13832
8,2,13834
8,2,13836
-1,1,13837
8,2,13839
-3,3,13842
9,1,13843
6,4,13847
6,4,13851
9,1,13852
9,1,13853
7,3,13856
8,2,13858
8,2,13860
-1,1,13861
4,6,13867
-1,1,13868
9,1,13869
9,1,13870
-15,15,13885
-1,1,13886
9,1,13887
8,2,13889
-2,2,13891
8,2,13893
-2,2,13895
9,1,13896
6,4,13900
6,4,13904
7,3,13907
8,2,13909
9,1,13910
8,2,13912
9,1,13913
-1,1,13914
9,1,13915
8,2,13917
-1,1,13918
-1,1,13919
9,1,13920
6,4,13924
7,3,13927
-1,1,13928
8,2,13930
8,2,13932
9,1,13933
-1,1,13934
8,2,13936
9,1,13937
8,2,13939
-2,2,13941
9,1,13942
9,1,13943
7,3,13946
9,1,13947
9,1,13948
8,2,13950
9,1,13951
-1,1,13952
8,2,13954
8,2,13956
7,3,13959
2,8,13967
9,1,13968
-1,1,13969
-3,3,13972
9,1,13973
8,2,13975
5,5,13980
-2,2,13982
-1,1,13983
9,1,13984
9,1,13985
9,1,13986
8,2,13988
9,1,13989
8,2,13991
8,2,13993
9,1,13994
-1,1,13995
-3,13,14008
9,1,14009
8,2,14011
8,2,14013
1,9,14022
9,1,14023
-3,3,14026
-1,1,14027
9,1,14028
9,1,14029
7,3,14032
7,3,14035
7,3,14038
8,2,14040
9,1,14041
9,1,14042
9,1,14043
9,1,14044
9,1,14045
9,1,14046
8,2,14048
6,4,14052
0,10,14062
9,1,14063
-1,1,14064
7,3,14067
8,2,14069
6,4,14073
7,3,14076
7,3,14079
9,1,14080
5,5,14085
-1,1,14086
8,2,14088
8,2,14090
9,1,14091
7,3,14094
9,1,14095
9,1,14096
8,2,14098
7,3,14101
9,1,14102
8,2,14104
-1,1,14105
7,3,14108
9,1,14109
7,3,14112
9,1,14113
8,2,14115
-1,11,14126
-1,1,14127
9,1,14128
8,2,14130
2,8,14138
9,1,14139
7,3,14142
-6,6,14148
9,1,14149
8,2,14151
9,1,14152
7,3,14155
-2,2,14157
9,1,14158
8,2,14160
9,1,14161
-1,1,14162
-2,2,14164
9,1,14165
8,2,14167
8,2,14169
9,1,14170
7,3,14173
9,1,14174
8,2,14176
7,3,14179
9,1,14180
8,2,14182
8,2,14184
9,1,14185
9,1,14186
7,3,14189
9,1,14190
4,6,14196
4,6,14202
9,1,14203
-1,1,14204
-2,2,14206
6,4,14210
9,1,14211
9,1,14212
8,2,14214
-6,6,14220
-5,5,14225
7,3,14228
-2,2,14230
8,2,14232
7,3,14235
9,1,14236
8,2,14238
-1,1,14239
-16,16,14255
8,2,14257
9,1,14258
6,4,14262
9,1,14263
9,1,14264
9,1,14265
7,3,14268
9,1,14269
-3,3,14272
7,3,14275
5,5,14280
9,1,14281
8,2,14283
2,8,14291
-2,2,14293
-11,11,14304
-1,1,14305
6,4,14309
-1,1,14310
-12,12,14322
-1,1,14323
-3,3,14326
9,1,14327
9,1,14328
6,4,14332
9,1,14333
8,2,14335
9,1,14336
9,1,14337
-4,4,14341
9,1,14342
9,1,14343
9,1,14344
9,1,14345
9,1,14346
9,1,14347
9,1,14348
9,1,14349
-1,1,14350
9,1,14351
9,1,14352
7,3,14355
9,1,14356
0,10,14366
9,1,14367
7,3,14370
7,3,14373
9,1,14374
8,2,14376
8,2,14378
7,3,14381
-10,10,14391
8,2,14393
9,1,14394
9,1,14395
9,1,14396
9,1,14397
9,1,14398
9,1,14399
-4,4,14403
-1,11,14414
8,2,14416
9,1,14417
8,2,14419
9,1,14420
9,1,14421
8,2,14423
9,1,14424
5,5,14429
8,2,14431
7,3,14434
9,1,14435
9,1,14436
9,1,14437
8,2,14439
9,1,14440
8,2,14442
-3,3,14445
-1,1,14446
-2,2,14448
-5,5,14453
-2,2,14455
8,2,14457
-2,2,14459
5,5,14464
9,1,14465
-3,3,14468
1,9,14477
-3,3,14480
8,2,14482
6,4,14486
9,1,14487
8,2,14489
-1,1,14490
8,2,14492
9,1,14493
9,1,14494
9,1,14495
9,1,14496
9,1,14497
9,1,14498
3,7,14505
-3,3,14508
9,1,14509
6,4,14513
3,7,14520
9,1,14521
-2,2,14523
-4,4,14527
7,3,14530
8,2,14532
-1,1,14533
7,3,14536
8,2,14538
9,1,14539
1,9,14548
9,1,14549
9,1,14550
9,1,14551
8,2,14553
-2,2,14555
9,1,14556
6,4,14560
9,1,14561
-2,2,14563
9,1,14564
-1,1,14565
-3,3,14568
9,1,14569
3,7,14576
8,2,14578
8,2,14580
2,8,14588
9,1,14589
9,1,14590
9,1,14591
6,4,14595
9,1,14596
9,1,14597
9,1,14598
-1,1,14599
9,1,14600
-1,1,14601
9,1,14602
4,6,14608
8,2,14610
7,3,14613
-5,5,14618
-1,1,14619
-2,2,14621
2,8,14629
9,1,14630
4,6,14636
-1,1,14637
-6,6,14643
-3,3,14646
9,1,14647
-2,2,14649
1,9,14658
-1,1,14659
9,1,14660
9,1,14661
-1,1,14662
9,1,14663
8,2,14665
9,1,14666
9,1,14667
-3,3,14670
-2,2,14672
8,2,14674
8,2,14676
9,1,14677
9,1,14678
7,3,14681
8,2,14683
-2,2,14685
7,3,14688
-5,15,14703
-1,1,14704
6,4,14708
9,1,14709
7,3,14712
9,1,14713
-3,3,14716
4,6,14722
9,1,14723
9,1,14724
9,1,14725
-4,4,14729
9,1,14730
4,6,14736
9,1,14737
8,2,14739
9,1,14740
9,1,14741
9,1,14742
8,2,14744
8,2,14746
4,6,14752
5,5,14757
9,1,14758
8,2,14760
8,2,14762
8,2,14764
-5,5,14769
-3,3,14772
8,2,14774
9,1,14775
6,4,14779
8,2,14781
0,10,14791
9,1,14792
-1,1,14793
9,1,14794
-2,2,14796
8,2,14798
9,1,14799
5,5,14804
8,2,14806
8,2,14808
9,1,14809
9,1,14810
8,2,14812
9,1,14813
-2,2,14815
6,4,14819
-1,1,14820
-3,3,14823
8,2,14825
-3,3,14828
6,4,14832
9,1,14833
9,1,14834
-3,3,14837
8,2,14839
9,1,14840
9,1,14841
-1,1,14842
9,1,14843
9,1,14844
9,1,14845
7,3,14848
9,1,14849
9,1,14850
0,10,14860
8,2,14862
9,1,14863
8,2,14865
9,1,14866
9,1,14867
9,1,14868
8,2,14870
9,1,14871
9,1,14872
-2,2,14874
9,1,14875
4,6,14881
-1,1,14882
8,2,14884
9,1,14885
-1,1,14886
9,1,14887
7,3,14890
-4,4,14894
7,3,14897
7,3,14900
-2,2,14902
-3,3,14905
7,3,14908
-2,12,14920
8,2,14922
6,4,14926
8,2,14928
8,2,14930
8,2,14932
8,2,14934
9,1,14935
9,1,14936
9,1,14937
8,2,14939
7,3,14942
6,4,14946
-2,2,14948
-2,2,14950
9,1,14951
9,1,14952
7,3,14955
9,1,14956
7,3,14959
-2,2,14961
9,1,14962
-5,5,14967
8,2,14969
-10,10,14979
-1,1,14980
6,4,14984
-5,5,14989
9,1,14990
-1,1,14991
8,2,14993
8,2,14995
-3,3,14998
9,1,14999
8,2,15001
-2,2,15003
9,1,15004
9,1,15005
8,2,15007
9,1,15008
9,1,15009
9,1,15010
6,4,15014
9,1,15015
8,2,15017
9,1,15018
-1,1,15019
8,2,15021
8,2,15023
8,2,15025
7,3,15028
8,2,15030
9,1,15031
6,4,15035
9,1,15036
9,1,15037
8,2,15039
-1,1,15040
7,3,15043
9,1,15044
9,1,15045
8,2,15047
-2,2,15049
5,5,15054
-3,3,15057
8,2,15059
-5,5,15064
8,2,15066
7,3,15069
-1,1,15070
6,4,15074
8,2,15076
7,3,15079
8,2,15081
1,9,15090
9,1,15091
9,1,15092
8,2,15094
-1,1,15095
-3,3,15098
7,3,15101
8,2,15103
7,3,15106
8,2,15108
-1,11,15119
7,3,15122
8,2,15124
8,2,15126
6,4,15130
-1,1,15131
8,2,15133
9,1,15134
8,2,15136
8,2,15138
8,2,15140
9,1,15141
9,1,15142
9,1,15143
-2,2,15145
9,1,15146
8,2,15148
6,4,15152
9,1,15153
8,2,15155
8,2,15157
7,3,15160
8,2,15162
8,2,15164
5,5,15169
9,1,15170
7,3,15173
9,1,15174
9,1,15175
9,1,15176
9,1,15177
9,1,15178
8,2,15180
7,3,15183
7,3,15186
9,1,15187
9,1,15188
-4,4,15192
8,2,15194
-2,2,15196
9,1,15197
7,3,15200
8,2,15202
7,3,15205
-2,2,15207
-10,10,15217
9,1,15218
3,7,15225
8,2,15227
9,1,15228
8,2,15230
-3,3,15233
-1,1,15234
7,3,15237
-1,1,15238
9,1,15239
9,1,15240
9,1,15241
7,3,15244
4,6,15250
6,4,15254
4,6,15260
9,1,15261
9,1,15262
-4,4,15266
-6,16,15282
9,1,15283
8,2,15285
-1,1,15286
9,1,15287
9,1,15288
8,2,15290
9,1,15291
8,2,15293
9,1,15294
9,1,15295
9,1,15296
8,2,15298
9,1,15299
9,1,15300
9,1,15301
9,1,15302
5,5,15307
8,2,15309
9,1,15310
9,1,15311
-4,4,15315
7,3,15318
-2,2,15320
-3,3,15323
-2,2,15325
8,2,15327
8,2,15329
-2,2,15331
8,2,15333
6,4,15337
9,1,15338
-1,1,15339
9,1,15340
7,3,15343
-1,1,15344
8,2,15346
9,1,15347
-2,2,15349
9,1,15350
7,3,15353
9,1,15354
7,3,15357
6,4,15361
8,2,15363
8,2,15365
-7,7,15372
7,3,15375
-1,1,15376
8,2,15378
-1,1,15379
-1,1,15380
9,1,15381
6,4,15385
7,3,15388
9,1,15389
9,1,15390
9,1,15391
-3,3,15394
9,1,15395
9,1,15396
5,5,15401
7,3,15404
9,1,15405
9,1,15406
9,1,15407
7,3,15410
8,2,15412
9,1,15413
7,3,15416
9,1,15417
8,2,15419
9,1,15420
7,3,15423
-3,3,15426
-4,4,15430
9,1,15431
9,1,15432
9,1,15433
8,2,15435
9,1,15436
9,1,15437
8,2,15439
8,2,15441
-1,1,15442
-1,1,15443
9,1,15444
9,1,15445
9,1,15446
-20,20,15466
0,10,15476
5,5,15481
8,2,15483
8,2,15485
-2,2,15487
-1,1,15488
7,3,15491
9,1,15492
9,1,15493
8,2,15495
9,1,15496
-2,2,15498
9,1,15499
8,2,15501
9,1,15502
8,2,15504
8,2,15506
9,1,15507
8,2,15509
9,1,15510
7,3,15513
-1,1,15514
-2,2,15516
9,1,15517
8,2,15519
9,1,15520
6,4,15524
9,1,15525
4,6,15531
9,1,15532
9,1,15533
-1,11,15544
8,2,15546
8,2,15548
7,3,15551
9,1,15552
3,7,15559
8,2,15561
9,1,15562
8,2,15564
6,4,15568
6,4,15572
9,1,15573
-2,2,15575
-5,5,15580
7,3,15583
9,1,15584
2,8,15592
8,2,15594
8,2,15596
-3,3,15599
8,2,15601
-1,1,15602
7,3,15605
-2,2,15607
9,1,15608
9,1,15609
6,4,15613
8,2,15615
9,1,15616
9,1,15617
5,5,15622
9,1,15623
9,1,15624
9,1,15625
-20,20,15645
9,1,15646
8,2,15648
9,1,15649
9,1,15650
9,1,15651
8,2,15653
6,4,15657
9,1,15658
9,1,15659
8,2,15661
-2,2,15663
9,1,15664
6,4,15668
7,3,15671
9,1,15672
9,1,15673
8,2,15675
9,1,15676
9,1,15677
9,1,15678
8,2,15680
8,2,15682
8,2,15684
-1,1,15685
9,1,15686
8,2,15688
6,4,15692
7,3,15695
-1,1,15696
9,1,15697
-1,1,15698
9,1,15699
-1,1,15700
9,1,15701
7,3,15704
9,1,15705
9,1,15706
8,2,15708
9,1,15709
6,4,15713
-2,2,15715
9,1,15716
8,2,15718
9,1,15719
8,2,15721
8,2,15723
9,1,15724
9,1,15725
9,1,15726
9,1,15727
9,1,15728
9,1,15729
9,1,15730
9,1,15731
9,1,15732
9,1,15733
9,1,15734
8,2,15736
6,4,15740
-1,1,15741
-2,2,15743
8,2,15745
-2,2,15747
-6,6,15753
9,1,15754
8,2,15756
8,2,15758
7,3,15761
9,1,15762
8,2,15764
6,4,15768
8,2,15770
-1,1,15771
-2,2,15773
9,1,15774
9,1,15775
6,4,15779
8,2,15781
9,1,15782
9,1,15783
6,4,15787
-2,2,15789
8,2,15791
-2,2,15793
-1,1,15794
-1,1,15795
7,3,15798
9,1,15799
9,1,15800
8,2,15802
8,2,15804
8,2,15806
9,1,15807
8,2,15809
-1,1,15810
9,1,15811
-3,3,15814
8,2,15816
7,3,15819
-1,1,15820
8,2,15822
3,7,15829
4,6,15835
9,1,15836
9,1,15837
-1,1,15838
-5,5,15843
9,1,15844
8,2,15846
9,1,15847
-1,1,15848
-2,2,15850
-2,2,15852
7,3,15855
-8,8,15863
7,3,15866
7,3,15869
9,1,15870
9,1,15871
9,1,15872
7,3,15875
7,3,15878
-2,2,15880
8,2,15882
9,1,15883
9,1,15884
5,5,15889
9,1,15890
9,1,15891
9,1,15892
-1,1,15893
-1,1,15894
9,1,15895
8,2,15897
-1,1,15898
8,2,15900
7,3,15903
9,1,15904
8,2,15906
-2,2,15908
8,2,15910
1,9,15919
9,1,15920
8,2,15922
9,1,15923
9,1,15924
-2,2,15926
-1,1,15927
-1,1,15928
-2,2,15930
-1,1,15931
5,5,15936
6,4,15940
-1,1,15941
9,1,15942
8,2,15944
-1,1,15945
9,1,15946
9,1,15947
9,1,15948
7,3,15951
-1,1,15952
7,3,15955
-2,2,15957
9,1,15958
5,5,15963
9,1,15964
9,1,15965
9,1,15966
8,2,15968
-1,1,15969
9,1,15970
9,1,15971
8,2,15973
-1,1,15974
-6,6,15980
4,6,15986
9,1,15987
8,2,15989
8,2,15991
-7,7,15998
8,2,16000
8,2,16002
9,1,16003
9,1,16004
-2,2,16006
-1,1,16007
-2,2,16009
9,1,16010
9,1,16011
7,3,16014
0,10,16024
8,2,16026
9,1,16027
9,1,16028
9,1,16029
9,1,16030
9,1,16031
9,1,16032
6,4,16036
8,2,16038
-1,1,16039
8,2,16041
7,3,16044
9,1,16045
9,1,16046
9,1,16047
9,1,16048
-2,2,16050
9,1,16051
8,2,16053
-1,1,16054
9,1,16055
8,2,16057
5,5,16062
9,1,16063
9,1,16064
9,1,16065
9,1,16066
9,1,16067
-2,2,16069
8,2,16071
8,2,16073
7,3,16076
6,4,16080
9,1,16081
4,6,16087
-10,10,16097
8,2,16099
9,1,16100
7,3,16103
9,1,16104
8,2,16106
8,2,16108
6,4,16112
-6,6,16118
-1,1,16119
8,2,16121
8,2,16123
-1,1,16124
9,1,16125
8,2,16127
8,2,16129
-2,2,16131
9,1,16132
9,1,16133
-1,1,16134
-1,1,16135
9,1,16136
9,1,16137
6,4,16141
6,4,16145
8,2,16147
8,2,16149
8,2,16151
8,2,16153
5,5,16158
9,1,16159
-2,2,16161
-2,2,16163
9,1,16164
-2,2,16166
8,2,16168
8,2,16170
9,1,16171
8,2,16173
1,9,16182
9,1,16183
9,1,16184
-1,1,16185
8,2,16187
9,1,16188
9,1,16189
-3,3,16192
7,3,16195
9,1,16196
9,1,16197
9,1,16198
8,2,16200
8,2,16202
-4,4,16206
-2,2,16208
-1,1,16209
-3,3,16212
9,1,16213
9,1,16214
-6,6,16220
-3,3,16223
9,1,16224
9,1,16225
9,1,16226
5,5,16231
9,1,16232
9,1,16233
-2,2,16235
9,1,16236
9,1,16237
6,4,16241
9,1,16242
8,2,16244
-3,13,16257
9,1,16258
-1,1,16259
8,2,16261
9,1,16262
9,1,16263
8,2,16265
9,1,16266
8,2,16268
-2,2,16270
8,2,16272
8,2,16274
4,6,16280
9,1,16281
-3,3,16284
7,3,16287
9,1,16288
9,1,16289
9,1,16290
5,5,16295
8,2,16297
7,3,16300
-3,3,16303
-1,1,16304
7,3,16307
-1,1,16308
-1,1,16309
8,2,16311
4,6,16317
8,2,16319
-3,3,16322
9,1,16323
8,2,16325
8,2,16327
-2,2,16329
9,1,16330
8,2,16332
9,1,16333
7,3,16336
9,1,16337
-4,4,16341
9,1,16342
9,1,16343
9,1,16344
-15,15,16359
9,1,16360
8,2,16362
-2,2,16364
8,2,16366
6,4,16370
8,2,16372
8,2,16374
9,1,16375
9,1,16376
-3,3,16379
9,1,16380
8,2,16382
9,1,16383
8,2,16385
-4,4,16389
9,1,16390
-1,1,16391
-1,1,16392
9,1,16393
9,1,16394
9,1,16395
8,2,16397
9,1,16398
7,3,16401
9,1,16402
8,2,16404
9,1,16405
9,1,16406
8,2,16408
9,1,16409
6,4,16413
4,6,16419
-3,3,16422
9,1,16423
8,2,16425
6,4,16429
9,1,16430
8,2,16432
9,1,16433
8,2,16435
-1,1,16436
9,1,16437
7,3,16440
7,3,16443
-1,1,16444
-1,1,16445
9,1,16446
9,1,16447
9,1,16448
8,2,16450
9,1,16451
8,2,16453
9,1,16454
8,2,16456
9,1,16457
9,1,16458
5,5,16463
7,3,16466
9,1,16467
8,2,16469
-5,5,16474
9,1,16475
7,3,16478
-1,1,16479
-2,2,16481
8,2,16483
-3,3,16486
8,2,16488
-1,1,16489
9,1,16490
-1,1,16491
8,2,16493
9,1,16494
7,3,16497
8,2,16499
7,3,16502
9,1,16503
8,2,16505
8,2,16507
9,1,16508
-1,1,16509
-6,6,16515
9,1,16516
6,4,16520
9,1,16521
9,1,16522
8,2,16524
8,2,16526
4,6,16532
9,1,16533
7,3,16536
8,2,16538
8,2,16540
-4,4,16544
9,1,16545
9,1,16546
9,1,16547
9,1,16548
9,1,16549
9,1,16550
3,7,16557
9,1,16558
9,1,16559
7,3,16562
5,5,16567
-7,7,16574
9,1,16575
9,1,16576
-2,2,16578
9,1,16579
9,1,16580
9,1,16581
-2,2,16583
7,3,16586
9,1,16587
9,1,16588
9,1,16589
8,2,16591
9,1,16592
6,4,16596
6,4,16600
-2,2,16602
9,1,16603
9,1,16604
8,2,16606
9,1,16607
9,1,16608
9,1,16609
9,1,16610
9,1,16611
9,1,16612
9,1,16613
8,2,16615
-3,13,16628
9,1,16629
9,1,16630
9,1,16631
9,1,16632
9,1,16633
9,1,16634
-1,1,16635
-1,1,16636
-5,5,16641
7,3,16644
7,3,16647
9,1,16648
7,3,16651
8,2,16653
9,1,16654
9,1,16655
8,2,16657
-1,1,16658
9,1,16659
-3,3,16662
-1,1,16663
8,2,16665
7,3,16668
-2,2,16670
9,1,16671
9,1,16672
9,1,16673
9,1,16674
-1,1,16675
-1,1,16676
7,3,16679
-1,1,16680
9,1,16681
8,2,16683
8,2,16685
9,1,16686
7,3,16689
2,8,16697
9,1,16698
9,1,16699
8,2,16701
7,3,16704
-3,3,16707
2,8,16715
7,3,16718
7,3,16721
8,2,16723
9,1,16724
9,1,16725
8,2,16727
8,2,16729
-1,11,16740
9,1,16741
-2,2,16743
9,1,16744
6,4,16748
8,2,16750
-1,1,16751
9,1,16752
3,7,16759
7,3,16762
8,2,16764
5,5,16769
9,1,16770
8,2,16772
8,2,16774
8,2,16776
9,1,16777
4,6,16783
8,2,16785
9,1,16786
9,1,16787
9,1,16788
-6,6,16794
9,1,16795
9,1,16796
9,1,16797
9,1,16798
8,2,16800
9,1,16801
9,1,16802
8,2,16804
6,4,16808
9,1,16809
9,1,16810
4,6,16816
6,4,16820
9,1,16821
9,1,16822
9,1,16823
-2,12,16835
-1,1,16836
9,1,16837
6,4,16841
8,2,16843
9,1,16844
9,1,16845
5,5,16850
7,3,16853
9,1,16854
9,1,16855
-1,1,16856
9,1,16857
-11,11,16868
8,2,16870
9,1,16871
9,1,16872
-1,1,16873
8,2,16875
1,9,16884
-3,3,16887
8,2,16889
7,3,16892
8,2,16894
9,1,16895
-3,3,16898
-1,1,16899
8,2,16901
8,2,16903
3,7,16910
8,2,16912
6,4,16916
9,1,16917
9,1,16918
9,1,16919
-1,1,16920
-2,2,16922
7,3,16925
8,2,16927
8,2,16929
9,1,16930
9,1,16931
5,5,16936
-1,1,16937
3,7,16944
-1,1,16945
8,2,16947
8,2,16949
9,1,16950
9,1,16951
-5,15,16966
8,2,16968
3,7,16975
-2,2,16977
-1,11,16988
9,1,16989
4,6,16995
7,3,16998
8,2,17000
9,1,17001
9,1,17002
8,2,17004
8,2,17006
-1,1,17007
-1,1,17008
-9,9,17017
9,1,17018
8,2,17020
8,2,17022
7,3,17025
8,2,17027
8,2,17029
9,1,17030
2,8,17038
-9,9,17047
8,2,17049
6,4,17053
8,2,17055
9,1,17056
7,3,17059
9,1,17060
8,2,17062
9,1,17063
8,2,17065
8,2,17067
9,1,17068
8,2,17070
8,2,17072
-1,1,17073
-2,2,17075
8,2,17077
9,1,17078
9,1,17079
7,3,17082
7,3,17085
8,2,17087
4,6,17093
9,1,17094
-1,1,17095
9,1,17096
9,1,17097
9,1,17098
9,1,17099
9,1,17100
9,1,17101
9,1,17102
8,2,17104
6,4,17108
7,3,17111
9,1,17112
9,1,17113
9,1,17114
8,2,17116
-1,1,17117
-1,1,17118
7,3,17121
8,2,17123
9,1,17124
9,1,17125
8,2,17127
9,1,17128
-6,6,17134
9,1,17135
9,1,17136
8,2,17138
7,3,17141
9,1,17142
8,2,17144
-3,3,17147
8,2,17149
9,1,17150
7,3,17153
9,1,17154
9,1,17155
8,2,17157
9,1,17158
6,4,17162
2,8,17170
-1,1,17171
-1,1,17172
9,1,17173
9,1,17174
9,1,17175
4,6,17181
-3,3,17184
8,2,17186
9,1,17187
9,1,17188
-6,16,17204
-3,3,17207
9,1,17208
9,1,17209
9,1,17210
9,1,17211
-9,9,17220
-4,4,17224
9,1,17225
7,3,17228
5,5,17233
9,1,17234
-2,2,17236
9,1,17237
-1,1,17238
9,1,17239
-2,2,17241
9,1,17242
9,1,17243
9,1,17244
6,4,17248
7,3,17251
7,3,17254
9,1,17255
8,2,17257
9,1,17258
7,3,17261
9,1,17262
-1,1,17263
-1,1,17264
-1,1,17265
8,2,17267
9,1,17268
-1,1,17269
8,2,17271
1,9,17280
9,1,17281
9,1,17282
8,2,17284
9,1,17285
7,3,17288
-1,1,17289
9,1,17290
9,1,17291
7,3,17294
8,2,17296
8,2,17298
-2,2,17300
-2,2,17302
7,3,17305
-1,1,17306
9,1,17307
7,3,17310
2,8,17318
8,2,17320
8,2,17322
6,4,17326
-1,1,17327
-2,2,17329
9,1,17330
-2,2,17332
8,2,17334
-9,9,17343
1,9,17352
9,1,17353
9,1,17354
8,2,17356
9,1,17357
9,1,17358
5,5,17363
2,8,17371
9,1,17372
6,4,17376
9,1,17377
9,1,17378
-1,1,17379
-1,1,17380
9,1,17381
8,2,17383
8,2,17385
4,6,17391
8,2,17393
8,2,17395
9,1,17396
9,1,17397
9,1,17398
9,1,17399
8,2,17401
9,1,17402
-1,1,17403
9,1,17404
8,2,17406
8,2,17408
7,3,17411
6,4,17415
7,3,17418
9,1,17419
7,3,17422
-1,1,17423
9,1,17424
9,1,17425
9,1,17426
9,1,17427
8,2,17429
9,1,17430
8,2,17432
8,2,17434
-2,2,17436
-2,2,17438
-1,1,17439
9,1,17440
6,4,17444
-2,2,17446
-2,2,17448
-1,1,17449
9,1,17450
9,1,17451
9,1,17452
9,1,17453
5,5,17458
-1,1,17459
9,1,17460
-1,1,17461
9,1,17462
7,3,17465
-2,2,17467
9,1,17468
6,4,17472
-1,1,17473
-6,6,17479
-1,1,17480
-3,3,17483
8,2,17485
5,5,17490
-2,2,17492
9,1,17493
9,1,17494
-1,1,17495
5,5,17500
9,1,17501
4,6,17507
8,2,17509
9,1,17510
-2,2,17512
8,2,17514
9,1,17515
-1,1,17516
9,1,17517
-1,11,17528
9,1,17529
8,2,17531
9,1,17532
3,7,17539
6,4,17543
9,1,17544
8,2,17546
7,3,17549
9,1,17550
-1,1,17551
6,4,17555
-1,1,17556
9,1,17557
-2,2,17559
9,1,17560
9,1,17561
7,3,17564
9,1,17565
9,1,17566
7,3,17569
8,2,17571
7,3,17574
-6,6,17580
9,1,17581
8,2,17583
7,3,17586
-1,1,17587
9,1,17588
8,2,17590
9,1,17591
8,2,17593
7,3,17596
-1,1,17597
9,1,17598
7,3,17601
9,1,17602
6,4,17606
7,3,17609
9,1,17610
9,1,17611
8,2,17613
9,1,17614
8,2,17616
9,1,17617
9,1,17618
8,2,17620
-3,3,17623
8,2,17625
9,1,17626
-1,1,17627
5,5,17632
7,3,17635
8,2,17637
-2,2,17639
-1,1,17640
-1,1,17641
8,2,17643
5,5,17648
6,4,17652
9,1,17653
9,1,17654
7,3,17657
8,2,17659
9,1,17660
7,3,17663
8,2,17665
-3,3,17668
-11,11,17679
7,3,17682
9,1,17683
9,1,17684
9,1,17685
6,4,17689
3,7,17696
7,3,17699
-2,2,17701
9,1,17702
7,3,17705
-1,1,17706
-4,4,17710
-2,2,17712
-3,3,17715
-3,3,17718
7,3,17721
9,1,17722
9,1,17723
9,1,17724
8,2,17726
9,1,17727
6,4,17731
7,3,17734
9,1,17735
9,1,17736
8,2,17738
8,2,17740
9,1,17741
9,1,17742
9,1,17743
8,2,17745
9,1,17746
9,1,17747
-1,1,17748
-5,5,17753
9,1,17754
4,6,17760
8,2,17762
8,2,17764
9,1,17765
8,2,17767
9,1,17768
7,3,17771
8,2,17773
8,2,17775
2,8,17783
-2,2,17785
8,2,17787
9,1,17788
-1,1,17789
8,2,17791
9,1,17792
-3,3,17795
9,1,17796
9,1,17797
7,3,17800
7,3,17803
9,1,17804
8,2,17806
9,1,17807
9,1,17808
9,1,17809
9,1,17810
8,2,17812
9,1,17813
-1,1,17814
9,1,17815
9,1,17816
7,3,17819
8,2,17821
9,1,17822
9,1,17823
9,1,17824
8,2,17826
8,2,17828
9,1,17829
5,5,17834
9,1,17835
9,1,17836
4,6,17842
7,3,17845
5,5,17850
-3,3,17853
5,5,17858
9,1,17859
-1,1,17860
-3,3,17863
-2,2,17865
8,2,17867
1,9,17876
9,1,17877
8,2,17879
-1,1,17880
-4,4,17884
8,2,17886
9,1,17887
8,2,17889
6,4,17893
9,1,17894
8,2,17896
-1,1,17897
9,1,17898
-5,5,17903
8,2,17905
-4,4,17909
9,1,17910
-1,1,17911
7,3,17914
9,1,17915
9,1,17916
9,1,17917
-6,6,17923
8,2,17925
-4,4,17929
9,1,17930
7,3,17933
9,1,17934
9,1,17935
-2,2,17937
-1,1,17938
9,1,17939
-1,1,17940
7,3,17943
7,3,17946
8,2,17948
9,1,17949
9,1,17950
7,3,17953
9,1,17954
-8,8,17962
9,1,17963
-1,1,17964
8,2,17966
2,8,17974
9,1,17975
-1,1,17976
9,1,17977
-7,7,17984
9,1,17985
-1,1,17986
8,2,17988
-1,1,17989
9,1,17990
9,1,17991
9,1,17992
9,1,17993
-4,4,17997
-2,2,17999
9,1,18000
-3,3,18003
9,1,18004
8,2,18006
8,2,18008
6,4,18012
8,2,18014
9,1,18015
9,1,18016
9,1,18017
-1,1,18018
-1,1,18019
9,1,18020
9,1,18021
-7,7,18028
7,3,18031
7,3,18034
7,3,18037
3,7,18044
9,1,18045
9,1,18046
8,2,18048
8,2,18050
7,3,18053
8,2,18055
9,1,18056
-1,1,18057
9,1,18058
5,5,18063
9,1,18064
9,1,18065
9,1,18066
8,2,18068
9,1,18069
9,1,18070
9,1,18071
7,3,18074
-1,1,18075
7,3,18078
8,2,18080
6,4,18084
1,9,18093
4,6,18099
-2,2,18101
9,1,18102
9,1,18103
9,1,18104
9,1,18105
-1,1,18106
8,2,18108
8,2,18110
8,2,18112
8,2,18114
9,1,18115
9,1,18116
8,2,18118
9,1,18119
9,1,18120
7,3,18123
-6,6,18129
9,1,18130
9,1,18131
9,1,18132
1,9,18141
8,2,18143
-2,2,18145
9,1,18146
9,1,18147
7,3,18150
5,5,18155
-5,5,18160
9,1,18161
-1,1,18162
-2,2,18164
-3,3,18167
6,4,18171
-2,2,18173
9,1,18174
9,1,18175
9,1,18176
9,1,18177
8,2,18179
-2,2,18181
8,2,18183
9,1,18184
8,2,18186
8,2,18188
9,1,18189
7,3,18192
9,1,18193
9,1,18194
7,3,18197
3,7,18204
9,1,18205
7,3,18208
7,3,18211
5,5,18216
8,2,18218
-2,2,18220
9,1,18221
9,1,18222
9,1,18223
-3,3,18226
7,3,18229
6,4,18233
9,1,18234
9,1,18235
4,6,18241
9,1,18242
6,4,18246
9,1,18247
9,1,18248
7,3,18251
5,5,18256
9,1,18257
-1,1,18258
-1,1,18259
7,3,18262
9,1,18263
8,2,18265
9,1,18266
8,2,18268
9,1,18269
8,2,18271
-8,8,18279
1,9,18288
-1,1,18289
7,3,18292
-4,4,18296
9,1,18297
8,2,18299
8,2,18301
-9,9,18310
9,1,18311
9,1,18312
9,1,18313
8,2,18315
9,1,18316
9,1,18317
-20,20,18337
9,1,18338
-3,3,18341
9,1,18342
9,1,18343
-2,2,18345
9,1,18346
8,2,18348
-2,2,18350
-1,1,18351
6,4,18355
9,1,18356
9,1,18357
9,1,18358
-2,2,18360
8,2,18362
5,5,18367
7,3,18370
9,1,18371
8,2,18373
-2,2,18375
8,2,18377
9,1,18378
9,1,18379
-2,2,18381
9,1,18382
-5,5,18387
9,1,18388
8,2,18390
0,10,18400
-1,1,18401
9,1,18402
-1,1,18403
9,1,18404
9,1,18405
9,1,18406
9,1,18407
9,1,18408
7,3,18411
7,3,18414
9,1,18415
-1,1,18416
8,2,18418
-6,16,18434
8,2,18436
9,1,18437
-3,3,18440
8,2,18442
9,1,18443
6,4,18447
3,7,18454
-1,1,18455
7,3,18458
9,1,18459
9,1,18460
9,1,18461
9,1,18462
9,1,18463
7,3,18466
9,1,18467
7,3,18470
5,5,18475
8,2,18477
8,2,18479
8,2,18481
6,4,18485
-1,1,18486
9,1,18487
9,1,18488
7,3,18491
7,3,18494
-2,2,18496
9,1,18497
8,2,18499
8,2,18501
8,2,18503
9,1,18504
-2,2,18506
9,1,18507
9,1,18508
-1,1,18509
8,2,18511
9,1,18512
-4,14,18526
7,3,18529
9,1,18530
8,2,18532
9,1,18533
9,1,18534
9,1,18535
9,1,18536
-1,1,18537
9,1,18538
9,1,18539
-1,1,18540
9,1,18541
9,1,18542
9,1,18543
8,2,18545
9,1,18546
-2,2,18548
-1,1,18549
9,1,18550
-18,18,18568
9,1,18569
9,1,18570
9,1,18571
8,2,18573
9,1,18574
-2,2,18576
9,1,18577
9,1,18578
7,3,18581
-1,1,18582
-1,1,18583
5,5,18588
9,1,18589
7,3,18592
8,2,18594
-4,4,18598
9,1,18599
-1,1,18600
4,6,18606
-1,1,18607
-1,1,18608
8,2,18610
9,1,18611
9,1,18612
-1,1,18613
9,1,18614
9,1,18615
9,1,18616
9,1,18617
9,1,18618
-4,4,18622
9,1,18623
4,6,18629
9,1,18630
9,1,18631
-1,1,18632
5,5,18637
9,1,18638
9,1,18639
7,3,18642
8,2,18644
8,2,18646
7,3,18649
5,5,18654
3,7,18661
-1,1,18662
-2,2,18664
8,2,18666
7,3,18669
6,4,18673
-1,1,18674
8,2,18676
-1,1,18677
-4,4,18681
-2,2,18683
8,2,18685
9,1,18686
7,3,18689
9,1,18690
8,2,18692
4,6,18698
9,1,18699
-2,2,18701
7,3,18704
7,3,18707
7,3,18710
8,2,18712
7,3,18715
8,2,18717
8,2,18719
8,2,18721
6,4,18725
9,1,18726
9,1,18727
-2,2,18729
9,1,18730
-1,1,18731
-1,1,18732
3,7,18739
9,1,18740
9,1,18741
9,1,18742
-2,2,18744
9,1,18745
0,10,18755
-1,1,18756
4,6,18762
-1,1,18763
9,1,18764
9,1,18765
-2,12,18777
-1,1,18778
-2,2,18780
6,4,18784
9,1,18785
-1,1,18786
9,1,18787
9,1,18788
6,4,18792
8,2,18794
9,1,18795
9,1,18796
-1,11,18807
9,1,18808
-4,4,18812
-1,1,18813
8,2,18815
8,2,18817
-1,1,18818
8,2,18820
9,1,18821
9,1,18822
8,2,18824
9,1,18825
-3,3,18828
9,1,18829
-1,1,18830
-1,1,18831
9,1,18832
8,2,18834
7,3,18837
8,2,18839
-4,4,18843
8,2,18845
-1,1,18846
9,1,18847
8,2,18849
9,1,18850
9,1,18851
9,1,18852
7,3,18855
-2,12,18867
9,1,18868
8,2,18870
9,1,18871
7,3,18874
9,1,18875
9,1,18876
9,1,18877
8,2,18879
9,1,18880
9,1,18881
7,3,18884
-1,1,18885
-1,1,18886
9,1,18887
9,1,18888
5,5,18893
-3,3,18896
9,1,18897
9,1,18898
7,3,18901
7,3,18904
-1,11,18915
9,1,18916
8,2,18918
9,1,18919
8,2,18921
-1,1,18922
8,2,18924
8,2,18926
-12,12,18938
9,1,18939
7,3,18942
8,2,18944
-1,1,18945
-4,4,18949
4,6,18955
9,1,18956
9,1,18957
9,1,18958
9,1,18959
9,1,18960
9,1,18961
9,1,18962
9,1,18963
9,1,18964
9,1,18965
-1,1,18966
6,4,18970
7,3,18973
8,2,18975
9,1,18976
8,2,18978
8,2,18980
7,3,18983
7,3,18986
-1,1,18987
8,2,18989
-3,3,18992
9,1,18993
7,3,18996
-1,1,18997
-2,2,18999
9,1,19000
-3,3,19003
2,8,19011
-2,2,19013
-1,1,19014
0,10,19024
-17,17,19041
9,1,19042
7,3,19045
-1,1,19046
9,1,19047
9,1,19048
8,2,19050
6,4,19054
-2,2,19056
8,2,19058
8,2,19060
8,2,19062
9,1,19063
9,1,19064
5,5,19069
-1,1,19070
-3,3,19073
-1,1,19074
8,2,19076
9,1,19077
9,1,19078
9,1,19079
9,1,19080
9,1,19081
9,1,19082
8,2,19084
8,2,19086
7,3,19089
8,2,19091
4,6,19097
9,1,19098
9,1,19099
-2,2,19101
9,1,19102
8,2,19104
-4,4,19108
9,1,19109
6,4,19113
9,1,19114
8,2,19116
9,1,19117
9,1,19118
9,1,19119
-8,8,19127
9,1,19128
8,2,19130
9,1,19131
9,1,19132
9,1,19133
-1,1,19134
9,1,19135
8,2,19137
9,1,19138
6,4,19142
9,1,19143
8,2,19145
7,3,19148
6,4,19152
5,5,19157
9,1,19158
9,1,19159
5,5,19164
-11,11,19175
9,1,19176
8,2,19178
9,1,19179
8,2,19181
9,1,19182
8,2,19184
9,1,19185
9,1,19186
-5,5,19191
-1,1,19192
-1,1,19193
8,2,19195
-1,11,19206
7,3,19209
-1,1,19210
9,1,19211
9,1,19212
-1,1,19213
9,1,19214
9,1,19215
9,1,19216
7,3,19219
9,1,19220
9,1,19221
-1,1,19222
0,10,19232
9,1,19233
8,2,19235
8,2,19237
8,2,19239
8,2,19241
9,1,19242
8,2,19244
9,1,19245
8,2,19247
9,1,19248
9,1,19249
7,3,19252
7,3,19255
9,1,19256
9,1,19257
-1,1,19258
7,3,19261
-1,1,19262
-1,1,19263
7,3,19266
-1,1,19267
9,1,19268
-12,12,19280
8,2,19282
7,3,19285
8,2,19287
9,1,19288
8,2,19290
7,3,19293
9,1,19294
9,1,19295
9,1,19296
5,5,19301
9,1,19302
-1,1,19303
-1,1,19304
9,1,19305
-2,2,19307
9,1,19308
-2,2,19310
-1,1,19311
9,1,19312
9,1,19313
9,1,19314
9,1,19315
9,1,19316
9,1,19317
8,2,19319
9,1,19320
9,1,19321
7,3,19324
7,3,19327
7,3,19330
-4,4,19334
-2,2,19336
9,1,19337
9,1,19338
3,7,19345
-6,6,19351
9,1,19352
9,1,19353
-1,1,19354
-1,1,19355
7,3,19358
9,1,19359
9,1,19360
-1,1,19361
9,1,19362
9,1,19363
9,1,19364
7,3,19367
-3,3,19370
8,2,19372
9,1,19373
9,1,19374
7,3,19377
-1,1,19378
8,2,19380
9,1,19381
-1,1,19382
7,3,19385
6,4,19389
9,1,19390
8,2,19392
9,1,19393
9,1,19394
-2,2,19396
9,1,19397
8,2,19399
8,2,19401
9,1,19402
-1,1,19403
8,2,19405
9,1,19406
9,1,19407
9,1,19408
-1,1,19409
8,2,19411
-1,1,19412
7,3,19415
8,2,19417
7,3,19420
9,1,19421
9,1,19422
8,2,19424
9,1,19425
9,1,19426
-1,1,19427
9,1,19428
8,2,19430
9,1,19431
9,1,19432
9,1,19433
5,5,19438
9,1,19439
9,1,19440
7,3,19443
8,2,19445
9,1,19446
9,1,19447
-7,17,19464
9,1,19465
9,1,19466
7,3,19469
9,1,19470
-2,2,19472
9,1,19473
9,1,19474
9,1,19475
9,1,19476
-3,3,19479
-2,2,19481
-3,3,19484
9,1,19485
9,1,19486
-1,1,19487
9,1,19488
9,1,19489
9,1,19490
9,1,19491
9,1,19492
-1,1,19493
4,6,19499
7,3,19502
-4,4,19506
8,2,19508
-2,2,19510
9,1,19511
-9,19,19530
9,1,19531
9,1,19532
9,1,19533
-4,4,19537
9,1,19538
9,1,19539
9,1,19540
9,1,19541
8,2,19543
7,3,19546
-3,3,19549
8,2,19551
6,4,19555
8,2,19557
6,4,19561
3,7,19568
8,2,19570
9,1,19571
2,8,19579
2,8,19587
6,4,19591
8,2,19593
-1,1,19594
8,2,19596
9,1,19597
-1,1,19598
4,6,19604
9,1,19605
9,1,19606
5,5,19611
9,1,19612
-2,2,19614
5,5,19619
-1,1,19620
4,6,19626
9,1,19627
7,3,19630
9,1,19631
8,2,19633
9,1,19634
-1,1,19635
-1,1,19636
8,2,19638
9,1,19639
8,2,19641
5,5,19646
5,5,19651
9,1,19652
8,2,19654
3,7,19661
-6,6,19667
-1,1,19668
9,1,19669
8,2,19671
7,3,19674
9,1,19675
8,2,19677
-1,1,19678
9,1,19679
9,1,19680
-1,1,19681
9,1,19682
8,2,19684
9,1,19685
9,1,19686
-2,2,19688
8,2,19690
9,1,19691
6,4,19695
9,1,19696
4,6,19702
9,1,19703
9,1,19704
9,1,19705
9,1,19706
7,3,19709
7,3,19712
7,3,19715
4,6,19721
9,1,19722
9,1,19723
-1,1,19724
9,1,19725
8,2,19727
9,1,19728
9,1,19729
8,2,19731
9,1,19732
9,1,19733
-1,1,19734
9,1,19735
-1,1,19736
9,1,19737
9,1,19738
9,1,19739
9,1,19740
7,3,19743
-3,3,19746
9,1,19747
7,3,19750
8,2,19752
-1,1,19753
8,2,19755
8,2,19757
4,6,19763
8,2,19765
-4,14,19779
9,1,19780
9,1,19781
9,1,19782
7,3,19785
8,2,19787
-2,2,19789
-1,1,19790
9,1,19791
-3,3,19794
-2,2,19796
9,1,19797
7,3,19800
-1,1,19801
8,2,19803
6,4,19807
8,2,19809
6,4,19813
9,1,19814
-2,2,19816
-1,1,19817
9,1,19818
7,3,19821
9,1,19822
9,1,19823
9,1,19824
6,4,19828
9,1,19829
-2,2,19831
9,1,19832
9,1,19833
6,4,19837
-2,2,19839
8,2,19841
9,1,19842
-1,1,19843
-1,1,19844
-1,1,19845
8,2,19847
8,2,19849
9,1,19850
8,2,19852
9,1,19853
8,2,19855
9,1,19856
9,1,19857
5,5,19862
7,3,19865
7,3,19868
-1,1,19869
8,2,19871
9,1,19872
-1,1,19873
9,1,19874
6,4,19878
9,1,19879
9,1,19880
8,2,19882
8,2,19884
8,2,19886
8,2,19888
9,1,19889
-2,2,19891
6,4,19895
9,1,19896
7,3,19899
7,3,19902
9,1,19903
7,3,19906
9,1,19907
9,1,19908
9,1,19909
9,1,19910
-2,2,19912
-4,4,19916
8,2,19918
9,1,19919
9,1,19920
7,3,19923
8,2,19925
9,1,19926
8,2,19928
9,1,19929
9,1,19930
8,2,19932
8,2,19934
8,2,19936
9,1,19937
9,1,19938
9,1,19939
4,6,19945
9,1,19946
-1,11,19957
6,4,19961
4,6,19967
8,2,19969
9,1,19970
9,1,19971
9,1,19972
1,9,19981
8,2,19983
8,2,19985
9,1,19986
4,6,19992
8,2,19994
-3,3,19997
3,7,20004
9,1,20005
9,1,20006
8,2,20008
8,2,20010
7,3,20013
7,3,20016
-2,2,20018
9,1,20019
7,3,20022
-3,3,20025
-2,2,20027
9,1,20028
8,2,20030
9,1,20031
9,1,20032
8,2,20034
7,3,20037
-8,18,20055
-1,1,20056
9,1,20057
8,2,20059
9,1,20060
6,4,20064
8,2,20066
9,1,20067
9,1,20068
9,1,20069
2,8,20077
9,1,20078
3,7,20085
8,2,20087
9,1,20088
9,1,20089
9,1,20090
9,1,20091
9,1,20092
9,1,20093
7,3,20096
9,1,20097
6,4,20101
9,1,20102
-4,4,20106
-1,1,20107
7,3,20110
8,2,20112
9,1,20113
9,1,20114
7,3,20117
9,1,20118
7,3,20121
9,1,20122
7,3,20125
2,8,20133
8,2,20135
6,4,20139
-1,1,20140
8,2,20142
9,1,20143
8,2,20145
-4,14,20159
9,1,20160
-2,2,20162
9,1,20163
-1,1,20164
-1,1,20165
8,2,20167
-1,1,20168
-1,1,20169
9,1,20170
-1,1,20171
6,4,20175
9,1,20176
7,3,20179
-3,3,20182
9,1,20183
9,1,20184
-2,2,20186
8,2,20188
9,1,20189
9,1,20190
-1,1,20191
-1,1,20192
-3,3,20195
8,2,20197
9,1,20198
9,1,20199
9,1,20200
9,1,20201
7,3,20204
9,1,20205
9,1,20206
9,1,20207
6,4,20211
4,6,20217
4,6,20223
8,2,20225
9,1,20226
5,5,20231
9,1,20232
9,1,20233
9,1,20234
8,2,20236
9,1,20237
7,3,20240
-1,1,20241
6,4,20245
8,2,20247
9,1,20248
9,1,20249
9,1,20250
-1,1,20251
-3,3,20254
7,3,20257
9,1,20258
9,1,20259
9,1,20260
9,1,20261
9,1,20262
9,1,20263
9,1,20264
8,2,20266
-1,1,20267
9,1,20268
9,1,20269
-1,1,20270
-3,3,20273
-1,1,20274
6,4,20278
7,3,20281
-1,1,20282
9,1,20283
-1,1,20284
9,1,20285
-2,2,20287
8,2,20289
8,2,20291
8,2,20293
-1,1,20294
9,1,20295
9,1,20296
9,1,20297
5,5,20302
9,1,20303
9,1,20304
8,2,20306
9,1,20307
0,10,20317
9,1,20318
9,1,20319
8,2,20321
8,2,20323
8,2,20325
4,6,20331
8,2,20333
9,1,20334
9,1,20335
8,2,20337
5,5,20342
9,1,20343
9,1,20344
9,1,20345
9,1,20346
9,1,20347
9,1,20348
5,5,20353
9,1,20354
9,1,20355
-2,2,20357
9,1,20358
5,5,20363
9,1,20364
9,1,20365
7,3,20368
8,2,20370
7,3,20373
9,1,20374
9,1,20375
5,5,20380
-1,1,20381
9,1,20382
-1,1,20383
-3,3,20386
9,1,20387
9,1,20388
9,1,20389
-1,1,20390
9,1,20391
9,1,20392
9,1,20393
-3,3,20396
5,5,20401
9,1,20402
-3,3,20405
9,1,20406
-2,12,20418
9,1,20419
8,2,20421
8,2,20423
-2,2,20425
8,2,20427
9,1,20428
8,2,20430
-1,1,20431
7,3,20434
-2,2,20436
8,2,20438
8,2,20440
9,1,20441
-1,1,20442
6,4,20446
5,5,20451
7,3,20454
8,2,20456
7,3,20459
9,1,20460
8,2,20462
-5,5,20467
9,1,20468
9,1,20469
-1,1,20470
8,2,20472
8,2,20474
9,1,20475
8,2,20477
8,2,20479
9,1,20480
4,6,20486
8,2,20488
9,1,20489
8,2,20491
9,1,20492
9,1,20493
4,6,20499
-3,3,20502
9,1,20503
9,1,20504
7,3,20507
8,2,20509
8,2,20511
8,2,20513
-6,6,20519
9,1,20520
6,4,20524
-3,3,20527
8,2,20529
6,4,20533
6,4,20537
7,3,20540
9,1,20541
9,1,20542
9,1,20543
9,1,20544
-1,1,20545
-1,1,20546
9,1,20547
8,2,20549
9,1,20550
6,4,20554
6,4,20558
8,2,20560
9,1,20561
-5,5,20566
8,2,20568
9,1,20569
-2,2,20571
6,4,20575
8,2,20577
1,9,20586
8,2,20588
-1,1,20589
7,3,20592
8,2,20594
8,2,20596
9,1,20597
9,1,20598
8,2,20600
9,1,20601
9,1,20602
9,1,20603
9,1,20604
6,4,20608
9,1,20609
-1,1,20610
8,2,20612
9,1,20613
8,2,20615
6,4,20619
-2,2,20621
9,1,20622
9,1,20623
-1,1,20624
8,2,20626
8,2,20628
9,1,20629
8,2,20631
8,2,20633
9,1,20634
-7,7,20641
-1,1,20642
9,1,20643
3,7,20650
9,1,20651
-1,1,20652
-3,3,20655
-1,1,20656
7,3,20659
-1,1,20660
7,3,20663
8,2,20665
9,1,20666
9,1,20667
-2,2,20669
6,4,20673
8,2,20675
9,1,20676
8,2,20678
8,2,20680
9,1,20681
9,1,20682
-12,12,20694
9,1,20695
-2,12,20707
9,1,20708
8,2,20710
9,1,20711
7,3,20714
-4,14,20728
8,2,20730
9,1,20731
9,1,20732
9,1,20733
8,2,20735
6,4,20739
8,2,20741
9,1,20742
9,1,20743
8,2,20745
8,2,20747
9,1,20748
9,1,20749
7,3,20752
9,1,20753
7,3,20756
9,1,20757
9,1,20758
5,5,20763
3,7,20770
7,3,20773
9,1,20774
9,1,20775
9,1,20776
-6,6,20782
9,1,20783
5,5,20788
9,1,20789
9,1,20790
3,7,20797
9,1,20798
6,4,20802
9,1,20803
-1,1,20804
0,10,20814
7,3,20817
9,1,20818
9,1,20819
-2,2,20821
9,1,20822
-2,2,20824
9,1,20825
-1,1,20826
7,3,20829
4,6,20835
8,2,20837
9,1,20838
9,1,20839
7,3,20842
-2,12,20854
7,3,20857
-1,1,20858
9,1,20859
7,3,20862
-1,1,20863
8,2,20865
9,1,20866
8,2,20868
9,1,20869
9,1,20870
9,1,20871
9,1,20872
-5,5,20877
8,2,20879
7,3,20882
9,1,20883
8,2,20885
-1,1,20886
8,2,20888
9,1,20889
9,1,20890
9,1,20891
3,7,20898
9,1,20899
7,3,20902
9,1,20903
7,3,20906
-2,2,20908
9,1,20909
9,1,20910
8,2,20912
9,1,20913
9,1,20914
8,2,20916
9,1,20917
9,1,20918
9,1,20919
8,2,20921
7,3,20924
8,2,20926
-1,1,20927
8,2,20929
-1,1,20930
9,1,20931
9,1,20932
9,1,20933
9,1,20934
9,1,20935
9,1,20936
9,1,20937
7,3,20940
9,1,20941
9,1,20942
9,1,20943
8,2,20945
8,2,20947
-12,12,20959
6,4,20963
6,4,20967
3,7,20974
9,1,20975
8,2,20977
9,1,20978
9,1,20979
8,2,20981
9,1,20982
9,1,20983
8,2,20985
9,1,20986
9,1,20987
7,3,20990
-6,6,20996
-3,3,20999
6,4,21003
8,2,21005
9,1,21006
9,1,21007
6,4,21011
9,1,21012
9,1,21013
9,1,21014
-1,1,21015
6,4,21019
9,1,21020
-1,1,21021
9,1,21022
9,1,21023
-1,1,21024
9,1,21025
8,2,21027
8,2,21029
3,7,21036
9,1,21037
9,1,21038
8,2,21040
7,3,21043
9,1,21044
8,2,21046
9,1,21047
7,3,21050
-2,2,21052
9,1,21053
8,2,21055
-1,1,21056
-2,2,21058
7,3,21061
-1,1,21062
9,1,21063
-2,2,21065
9,1,21066
9,1,21067
7,3,21070
8,2,21072
9,1,21073
8,2,21075
-1,1,21076
-3,3,21079
-2,2,21081
4,6,21087
9,1,21088
9,1,21089
-1,1,21090
-1,1,21091
9,1,21092
-1,1,21093
9,1,21094
6,4,21098
-1,1,21099
8,2,21101
-3,3,21104
-1,1,21105
7,3,21108
9,1,21109
9,1,21110
7,3,21113
9,1,21114
9,1,21115
6,4,21119
8,2,21121
-3,3,21124
6,4,21128
-1,1,21129
8,2,21131
9,1,21132
9,1,21133
9,1,21134
-2,2,21136
-2,2,21138
2,8,21146
8,2,21148
9,1,21149
8,2,21151
8,2,21153
9,1,21154
9,1,21155
8,2,21157
9,1,21158
8,2,21160
8,2,21162
7,3,21165
9,1,21166
9,1,21167
-1,1,21168
7,3,21171
9,1,21172
9,1,21173
9,1,21174
8,2,21176
-5,5,21181
-1,1,21182
9,1,21183
-1,1,21184
8,2,21186
-2,2,21188
8,2,21190
9,1,21191
9,1,21192
-1,1,21193
2,8,21201
-1,1,21202
9,1,21203
4,6,21209
7,3,21212
3,7,21219
7,3,21222
7,3,21225
8,2,21227
7,3,21230
9,1,21231
9,1,21232
9,1,21233
9,1,21234
9,1,21235
9,1,21236
9,1,21237
8,2,21239
9,1,21240
9,1,21241
5,5,21246
-3,3,21249
6,4,21253
9,1,21254
-2,2,21256
9,1,21257
9,1,21258
6,4,21262
9,1,21263
6,4,21267
9,1,21268
8,2,21270
-1,1,21271
9,1,21272
-3,3,21275
-1,1,21276
-2,2,21278
-1,1,21279
-1,1,21280
9,1,21281
-4,14,21295
8,2,21297
9,1,21298
9,1,21299
7,3,21302
-1,1,21303
8,2,21305
7,3,21308
5,5,21313
9,1,21314
6,4,21318
8,2,21320
6,4,21324
9,1,21325
7,3,21328
9,1,21329
9,1,21330
9,1,21331
4,6,21337
-2,2,21339
9,1,21340
8,2,21342
-2,2,21344
9,1,21345
-2,2,21347
8,2,21349
8,2,21351
-2,2,21353
5,5,21358
9,1,21359
8,2,21361
7,3,21364
9,1,21365
9,1,21366
-4,4,21370
7,3,21373
7,3,21376
9,1,21377
-2,2,21379
8,2,21381
9,1,21382
9,1,21383
9,1,21384
7,3,21387
7,3,21390
9,1,21391
9,1,21392
9,1,21393
9,1,21394
6,4,21398
-2,2,21400
9,1,21401
9,1,21402
9,1,21403
-2,2,21405
9,1,21406
9,1,21407
9,1,21408
-4,4,21412
6,4,21416
-3,3,21419
9,1,21420
9,1,21421
9,1,21422
9,1,21423
9,1,21424
9,1,21425
9,1,21426
9,1,21427
9,1,21428
8,2,21430
9,1,21431
7,3,21434
9,1,21435
8,2,21437
9,1,21438
9,1,21439
9,1,21440
6,4,21444
9,1,21445
8,2,21447
8,2,21449
-1,1,21450
9,1,21451
8,2,21453
9,1,21454
7,3,21457
5,5,21462
7,3,21465
9,1,21466
9,1,21467
8,2,21469
-7,17,21486
9,1,21487
6,4,21491
-6,16,21507
7,3,21510
-1,1,21511
7,3,21514
-1,1,21515
9,1,21516
8,2,21518
8,2,21520
-2,2,21522
5,5,21527
5,5,21532
3,7,21539
9,1,21540
9,1,21541
-1,1,21542
9,1,21543
9,1,21544
9,1,21545
8,2,21547
9,1,21548
9,1,21549
9,1,21550
9,1,21551
6,4,21555
7,3,21558
8,2,21560
9,1,21561
8,2,21563
6,4,21567
-1,1,21568
9,1,21569
9,1,21570
5,5,21575
-3,13,21588
8,2,21590
9,1,21591
8,2,21593
-2,2,21595
9,1,21596
9,1,21597
9,1,21598
9,1,21599
4,6,21605
5,5,21610
9,1,21611
9,1,21612
9,1,21613
8,2,21615
9,1,21616
-2,2,21618
9,1,21619
8,2,21621
-1,1,21622
8,2,21624
8,2,21626
1,9,21635
9,1,21636
9,1,21637
6,4,21641
9,1,21642
7,3,21645
-1,1,21646
7,3,21649
9,1,21650
9,1,21651
-3,3,21654
3,7,21661
9,1,21662
-1,1,21663
-1,1,21664
9,1,21665
-1,1,21666
9,1,21667
5,5,21672
8,2,21674
9,1,21675
9,1,21676
8,2,21678
9,1,21679
7,3,21682
9,1,21683
-3,3,21686
-6,6,21692
-1,1,21693
9,1,21694
9,1,21695
9,1,21696
8,2,21698
8,2,21700
6,4,21704
8,2,21706
-1,1,21707
9,1,21708
8,2,21710
-1,1,21711
9,1,21712
9,1,21713
7,3,21716
4,6,21722
9,1,21723
8,2,21725
8,2,21727
-2,2,21729
7,3,21732
-1,1,21733
7,3,21736
-1,1,21737
9,1,21738
1,9,21747
8,2,21749
-1,1,21750
7,3,21753
5,5,21758
8,2,21760
8,2,21762
9,1,21763
7,3,21766
9,1,21767
9,1,21768
8,2,21770
9,1,21771
5,5,21776
1,9,21785
9,1,21786
9,1,21787
-5,5,21792
8,2,21794
9,1,21795
9,1,21796
9,1,21797
9,1,21798
-3,3,21801
9,1,21802
3,7,21809
8,2,21811
-1,1,21812
8,2,21814
9,1,21815
9,1,21816
9,1,21817
9,1,21818
8,2,21820
8,2,21822
8,2,21824
8,2,21826
9,1,21827
-1,1,21828
8,2,21830
-3,3,21833
9,1,21834
7,3,21837
9,1,21838
9,1,21839
9,1,21840
9,1,21841
-1,1,21842
5,5,21847
-4,4,21851
-14,14,21865
-6,16,21881
8,2,21883
9,1,21884
9,1,21885
-2,2,21887
-3,3,21890
6,4,21894
9,1,21895
4,6,21901
8,2,21903
-1,1,21904
8,2,21906
7,3,21909
-4,4,21913
9,1,21914
9,1,21915
9,1,21916
-1,1,21917
8,2,21919
-1,1,21920
8,2,21922
-4,14,21936
9,1,21937
8,2,21939
9,1,21940
9,1,21941
8,2,21943
9,1,21944
2,8,21952
7,3,21955
6,4,21959
8,2,21961
9,1,21962
9,1,21963
8,2,21965
9,1,21966
-2,12,21978
8,2,21980
9,1,21981
9,1,21982
9,1,21983
9,1,21984
9,1,21985
8,2,21987
6,4,21991
8,2,21993
9,1,21994
9,1,21995
8,2,21997
-2,2,21999
9,1,22000
7,3,22003
8,2,22005
9,1,22006
-1,1,22007
7,3,22010
9,1,22011
7,3,22014
8,2,22016
7,3,22019
-1,1,22020
9,1,22021
9,1,22022
-1,1,22023
6,4,22027
9,1,22028
8,2,22030
9,1,22031
8,2,22033
8,2,22035
9,1,22036
8,2,22038
9,1,22039
9,1,22040
8,2,22042
8,2,22044
9,1,22045
9,1,22046
9,1,22047
8,2,22049
9,1,22050
9,1,22051
-2,2,22053
4,6,22059
9,1,22060
9,1,22061
8,2,22063
8,2,22065
4,6,22071
7,3,22074
9,1,22075
9,1,22076
9,1,22077
9,1,22078
9,1,22079
-3,3,22082
7,3,22085
-1,1,22086
-2,2,22088
8,2,22090
-1,1,22091
-2,2,22093
9,1,22094
-1,1,22095
9,1,22096
9,1,22097
9,1,22098
9,1,22099
9,1,22100
8,2,22102
9,1,22103
6,4,22107
7,3,22110
-1,11,22121
9,1,22122
8,2,22124
9,1,22125
9,1,22126
8,2,22128
-1,1,22129
7,3,22132
9,1,22133
8,2,22135
8,2,22137
8,2,22139
8,2,22141
9,1,22142
9,1,22143
9,1,22144
7,3,22147
9,1,22148
7,3,22151
9,1,22152
9,1,22153
8,2,22155
-2,2,22157
9,1,22158
-2,2,22160
7,3,22163
6,4,22167
8,2,22169
9,1,22170
-1,1,22171
0,10,22181
-7,7,22188
8,2,22190
9,1,22191
-2,2,22193
-2,2,22195
9,1,22196
9,1,22197
9,1,22198
9,1,22199
9,1,22200
4,6,22206
8,2,22208
9,1,22209
7,3,22212
8,2,22214
-2,2,22216
9,1,22217
-2,2,22219
9,1,22220
9,1,22221
9,1,22222
-4,4,22226
-2,2,22228
5,5,22233
9,1,22234
8,2,22236
9,1,22237
8,2,22239
-1,1,22240
-2,2,22242
-1,1,22243
8,2,22245
9,1,22246
9,1,22247
9,1,22248
-5,5,22253
8,2,22255
9,1,22256
-2,2,22258
-3,3,22261
8,2,22263
9,1,22264
8,2,22266
9,1,22267
9,1,22268
-2,2,22270
9,1,22271
9,1,22272
9,1,22273
-3,3,22276
-1,1,22277
8,2,22279
4,6,22285
9,1,22286
9,1,22287
8,2,22289
9,1,22290
9,1,22291
8,2,22293
9,1,22294
7,3,22297
-2,2,22299
9,1,22300
-2,12,22312
8,2,22314
5,5,22319
9,1,22320
5,5,22325
7,3,22328
7,3,22331
6,4,22335
-1,1,22336
9,1,22337
9,1,22338
9,1,22339
-2,2,22341
9,1,22342
9,1,22343
9,1,22344
9,1,22345
8,2,22347
9,1,22348
-1,1,22349
8,2,22351
9,1,22352
4,6,22358
2,8,22366
9,1,22367
6,4,22371
-20,20,22391
9,1,22392
-1,1,22393
9,1,22394
9,1,22395
9,1,22396
9,1,22397
8,2,22399
9,1,22400
8,2,22402
8,2,22404
8,2,22406
3,7,22413
4,6,22419
8,2,22421
9,1,22422
9,1,22423
9,1,22424
-3,3,22427
7,3,22430
-1,1,22431
9,1,22432
9,1,22433
-1,1,22434
9,1,22435
8,2,22437
9,1,22438
8,2,22440
8,2,22442
7,3,22445
9,1,22446
9,1,22447
9,1,22448
9,1,22449
9,1,22450
8,2,22452
9,1,22453
8,2,22455
9,1,22456
9,1,22457
2,8,22465
5,5,22470
9,1,22471
9,1,22472
8,2,22474
9,1,22475
3,7,22482
9,1,22483
8,2,22485
9,1,22486
7,3,22489
6,4,22493
8,2,22495
9,1,22496
9,1,22497
9,1,22498
-1,1,22499
-3,3,22502
9,1,22503
-1,1,22504
7,3,22507
7,3,22510
9,1,22511
8,2,22513
8,2,22515
9,1,22516
8,2,22518
-1,1,22519
9,1,22520
9,1,22521
9,1,22522
-1,1,22523
9,1,22524
5,5,22529
9,1,22530
9,1,22531
9,1,22532
8,2,22534
-1,1,22535
8,2,22537
8,2,22539
8,2,22541
8,2,22543
9,1,22544
9,1,22545
8,2,22547
9,1,22548
-1,1,22549
8,2,22551
8,2,22553
-1,1,22554
9,1,22555
9,1,22556
8,2,22558
9,1,22559
9,1,22560
7,3,22563
9,1,22564
9,1,22565
9,1,22566
5,5,22571
9,1,22572
9,1,22573
9,1,22574
-1,1,22575
9,1,22576
6,4,22580
5,5,22585
8,2,22587
4,6,22593
6,4,22597
-1,1,22598
9,1,22599
9,1,22600
8,2,22602
9,1,22603
8,2,22605
8,2,22607
8,2,22609
8,2,22611
9,1,22612
6,4,22616
-2,2,22618
-3,3,22621
8,2,22623
7,3,22626
8,2,22628
9,1,22629
9,1,22630
7,3,22633
7,3,22636
7,3,22639
9,1,22640
8,2,22642
9,1,22643
9,1,22644
9,1,22645
8,2,22647
9,1,22648
9,1,22649
8,2,22651
9,1,22652
-1,1,22653
-1,1,22654
8,2,22656
9,1,22657
7,3,22660
8,2,22662
2,8,22670
9,1,22671
-2,2,22673
-3,3,22676
8,2,22678
9,1,22679
-1,1,22680
5,5,22685
-1,1,22686
9,1,22687
-1,1,22688
7,3,22691
9,1,22692
9,1,22693
-1,1,22694
7,3,22697
7,3,22700
8,2,22702
9,1,22703
8,2,22705
-1,1,22706
9,1,22707
9,1,22708
-1,1,22709
-1,1,22710
9,1,22711
-1,1,22712
9,1,22713
8,2,22715
-2,2,22717
9,1,22718
8,2,22720
9,1,22721
7,3,22724
6,4,22728
-4,4,22732
9,1,22733
9,1,22734
9,1,22735
-2,2,22737
9,1,22738
9,1,22739
9,1,22740
9,1,22741
8,2,22743
9,1,22744
2,8,22752
9,1,22753
9,1,22754
8,2,22756
8,2,22758
9,1,22759
8,2,22761
9,1,22762
6,4,22766
5,5,22771
9,1,22772
9,1,22773
4,6,22779
9,1,22780
9,1,22781
8,2,22783
8,2,22785
9,1,22786
9,1,22787
9,1,22788
6,4,22792
5,5,22797
-1,1,22798
9,1,22799
6,4,22803
6,4,22807
9,1,22808
9,1,22809
9,1,22810
8,2,22812
9,1,22813
9,1,22814
9,1,22815
8,2,22817
6,4,22821
9,1,22822
9,1,22823
-1,1,22824
9,1,22825
8,2,22827
7,3,22830
8,2,22832
7,3,22835
6,4,22839
9,1,22840
9,1,22841
9,1,22842
8,2,22844
7,3,22847
5,5,22852
8,2,22854
9,1,22855
9,1,22856
-3,3,22859
7,3,22862
-2,2,22864
9,1,22865
8,2,22867
9,1,22868
-4,4,22872
-1,1,22873
9,1,22874
9,1,22875
-1,1,22876
9,1,22877
9,1,22878
9,1,22879
9,1,22880
6,4,22884
8,2,22886
-1,1,22887
-1,1,22888
8,2,22890
9,1,22891
9,1,22892
-1,1,22893
2,8,22901
-2,12,22913
9,1,22914
8,2,22916
-1,1,22917
2,8,22925
7,3,22928
8,2,22930
-1,1,22931
9,1,22932
8,2,22934
9,1,22935
-3,13,22948
9,1,22949
-1,1,22950
6,4,22954
-1,1,22955
-1,1,22956
8,2,22958
9,1,22959
9,1,22960
9,1,22961
9,1,22962
9,1,22963
8,2,22965
9,1,22966
9,1,22967
-1,1,22968
9,1,22969
9,1,22970
8,2,22972
9,1,22973
9,1,22974
8,2,22976
9,1,22977
7,3,22980
9,1,22981
9,1,22982
9,1,22983
8,2,22985
8,2,22987
6,4,22991
9,1,22992
9,1,22993
8,2,22995
9,1,22996
9,1,22997
5,5,23002
9,1,23003
9,1,23004
9,1,23005
9,1,23006
9,1,23007
7,3,23010
9,1,23011
9,1,23012
9,1,23013
9,1,23014
9,1,23015
7,3,23018
9,1,23019
9,1,23020
9,1,23021
8,2,23023
9,1,23024
6,4,23028
9,1,23029
-3,3,23032
9,1,23033
9,1,23034
9,1,23035
9,1,23036
9,1,23037
9,1,23038
-1,1,23039
8,2,23041
4,6,23047
8,2,23049
9,1,23050
8,2,23052
8,2,23054
2,8,23062
9,1,23063
9,1,23064
7,3,23067
9,1,23068
9,1,23069
7,3,23072
7,3,23075
9,1,23076
8,2,23078
7,3,23081
9,1,23082
9,1,23083
0,10,23093
9,1,23094
9,1,23095
7,3,23098
9,1,23099
8,2,23101
8,2,23103
9,1,23104
9,1,23105
6,4,23109
7,3,23112
-4,4,23116
9,1,23117
-1,1,23118
8,2,23120
9,1,23121
-1,1,23122
5,5,23127
9,1,23128
9,1,23129
7,3,23132
8,2,23134
8,2,23136
9,1,23137
7,3,23140
7,3,23143
9,1,23144
8,2,23146
9,1,23147
-1,1,23148
8,2,23150
9,1,23151
8,2,23153
9,1,23154
5,5,23159
9,1,23160
4,6,23166
-1,1,23167
9,1,23168
9,1,23169
7,3,23172
-1,1,23173
-1,1,23174
9,1,23175
9,1,23176
6,4,23180
7,3,23183
9,1,23184
9,1,23185
-1,1,23186
-1,1,23187
9,1,23188
9,1,23189
-2,2,23191
-4,4,23195
9,1,23196
9,1,23197
9,1,23198
8,2,23200
-1,1,23201
9,1,23202
9,1,23203
9,1,23204
9,1,23205
9,1,23206
8,2,23208
8,2,23210
9,1,23211
-2,2,23213
8,2,23215
9,1,23216
8,2,23218
9,1,23219
-2,2,23221
9,1,23222
9,1,23223
9,1,23224
3,7,23231
9,1,23232
-1,1,23233
9,1,23234
8,2,23236
9,1,23237
9,1,23238
-1,1,23239
-1,1,23240
9,1,23241
9,1,23242
9,1,23243
9,1,23244
9,1,23245
9,1,23246
9,1,23247
9,1,23248
9,1,23249
7,3,23252
9,1,23253
-1,1,23254
9,1,23255
9,1,23256
-1,1,23257
9,1,23258
9,1,23259
8,2,23261
9,1,23262
9,1,23263
-1,1,23264
9,1,23265
9,1,23266
9,1,23267
8,2,23269
9,1,23270
7,3,23273
9,1,23274
9,1,23275
9,1,23276
9,1,23277
7,3,23280
5,5,23285
8,2,23287
9,1,23288
9,1,23289
9,1,23290
9,1,23291
9,1,23292
9,1,23293
9,1,23294
9,1,23295
-1,1,23296
9,1,23297
9,1,23298
8,2,23300
9,1,23301
-2,12,23313
6,4,23317
-1,1,23318
-1,1,23319
7,3,23322
9,1,23323
7,3,23326
9,1,23327
6,4,23331
9,1,23332
8,2,23334
-1,1,23335
8,2,23337
6,4,23341
8,2,23343
9,1,23344
9,1,23345
9,1,23346
9,1,23347
-1,1,23348
9,1,23349
-1,1,23350
5,5,23355
9,1,23356
-1,1,23357
9,1,23358
7,3,23361
9,1,23362
8,2,23364
-1,1,23365
8,2,23367
9,1,23368
9,1,23369
9,1,23370
9,1,23371
7,3,23374
-1,1,23375
9,1,23376
9,1,23377
8,2,23379
8,2,23381
9,1,23382
5,5,23387
5,5,23392
9,1,23393
9,1,23394
9,1,23395
6,4,23399
9,1,23400
9,1,23401
9,1,23402
8,2,23404
-3,3,23407
-1,1,23408
6,4,23412
5,5,23417
6,4,23421
9,1,23422
9,1,23423
9,1,23424
6,4,23428
9,1,23429
9,1,23430
8,2,23432
-1,1,23433
-3,13,23446
9,1,23447
-1,1,23448
9,1,23449
8,2,23451
7,3,23454
8,2,23456
4,6,23462
7,3,23465
9,1,23466
9,1,23467
-3,3,23470
-1,1,23471
-1,1,23472
8,2,23474
-3,3,23477
9,1,23478
6,4,23482
7,3,23485
9,1,23486
-2,12,23498
9,1,23499
5,5,23504
9,1,23505
9,1,23506
9,1,23507
8,2,23509
9,1,23510
-2,2,23512
-1,1,23513
-2,2,23515
9,1,23516
9,1,23517
9,1,23518
6,4,23522
5,5,23527
9,1,23528
9,1,23529
9,1,23530
-1,1,23531
8,2,23533
8,2,23535
9,1,23536
-1,1,23537
-4,4,23541
9,1,23542
6,4,23546
8,2,23548
9,1,23549
9,1,23550
9,1,23551
9,1,23552
9,1,23553
-1,1,23554
7,3,23557
-1,1,23558
-1,1,23559
-1,1,23560
7,3,23563
-1,1,23564
-3,3,23567
-1,1,23568
9,1,23569
6,4,23573
-2,2,23575
4,6,23581
7,3,23584
8,2,23586
9,1,23587
-1,1,23588
9,1,23589
9,1,23590
8,2,23592
-1,1,23593
8,2,23595
6,4,23599
9,1,23600
9,1,23601
9,1,23602
7,3,23605
9,1,23606
9,1,23607
9,1,23608
9,1,23609
8,2,23611
8,2,23613
-1,1,23614
9,1,23615
9,1,23616
7,3,23619
9,1,23620
9,1,23621
9,1,23622
9,1,23623
8,2,23625
9,1,23626
9,1,23627
-1,1,23628
8,2,23630
6,4,23634
4,6,23640
8,2,23642
9,1,23643
-1,1,23644
9,1,23645
9,1,23646
3,7,23653
8,2,23655
-1,1,23656
7,3,23659
9,1,23660
9,1,23661
9,1,23662
9,1,23663
8,2,23665
9,1,23666
-3,3,23669
7,3,23672
9,1,23673
-1,1,23674
9,1,23675
6,4,23679
6,4,23683
8,2,23685
9,1,23686
-1,1,23687
8,2,23689
9,1,23690
7,3,23693
9,1,23694
9,1,23695
8,2,23697
9,1,23698
9,1,23699
-9,9,23708
8,2,23710
-1,1,23711
9,1,23712
8,2,23714
9,1,23715
9,1,23716
6,4,23720
8,2,23722
-1,1,23723
9,1,23724
7,3,23727
9,1,23728
9,1,23729
-2,2,23731
9,1,23732
-1,1,23733
9,1,23734
9,1,23735
7,3,23738
8,2,23740
9,1,23741
-11,11,23752
9,1,23753
9,1,23754
6,4,23758
9,1,23759
9,1,23760
-1,1,23761
8,2,23763
-1,1,23764
9,1,23765
-2,2,23767
9,1,23768
9,1,23769
8,2,23771
-1,1,23772
8,2,23774
9,1,23775
8,2,23777
9,1,23778
2,8,23786
-1,1,23787
-1,1,23788
-2,2,23790
9,1,23791
9,1,23792
9,1,23793
8,2,23795
9,1,23796
9,1,23797
8,2,23799
9,1,23800
9,1,23801
9,1,23802
6,4,23806
8,2,23808
-2,2,23810
6,4,23814
8,2,23816
9,1,23817
8,2,23819
2,8,23827
-1,1,23828
9,1,23829
9,1,23830
3,7,23837
-1,1,23838
4,6,23844
7,3,23847
9,1,23848
6,4,23852
9,1,23853
8,2,23855
8,2,23857
9,1,23858
8,2,23860
-1,1,23861
8,2,23863
-1,1,23864
3,7,23871
-1,1,23872
9,1,23873
-2,2,23875
7,3,23878
8,2,23880
9,1,23881
8,2,23883
9,1,23884
9,1,23885
8,2,23887
8,2,23889
8,2,23891
9,1,23892
9,1,23893
-1,1,23894
9,1,23895
-2,2,23897
9,1,23898
9,1,23899
8,2,23901
9,1,23902
9,1,23903
-1,1,23904
-2,2,23906
8,2,23908
9,1,23909
6,4,23913
9,1,23914
6,4,23918
8,2,23920
9,1,23921
-1,1,23922
9,1,23923
9,1,23924
9,1,23925
9,1,23926
5,5,23931
-3,3,23934
-1,1,23935
-1,1,23936
9,1,23937
9,1,23938
8,2,23940
-1,1,23941
9,1,23942
9,1,23943
9,1,23944
9,1,23945
9,1,23946
5,5,23951
8,2,23953
8,2,23955
9,1,23956
9,1,23957
9,1,23958
8,2,23960
9,1,23961
7,3,23964
9,1,23965
9,1,23966
9,1,23967
7,3,23970
9,1,23971
-2,2,23973
9,1,23974
-2,2,23976
9,1,23977
4,6,23983
5,5,23988
7,3,23991
-3,3,23994
4,6,24000
8,2,24002
7,3,24005
9,1,24006
9,1,24007
8,2,24009
9,1,24010
9,1,24011
-1,1,24012
8,2,24014
9,1,24015
8,2,24017
-1,1,24018
9,1,24019
9,1,24020
9,1,24021
-1,1,24022
8,2,24024
9,1,24025
-1,1,24026
9,1,24027
-3,3,24030
8,2,24032
9,1,24033
9,1,24034
9,1,24035
8,2,24037
8,2,24039
8,2,24041
-3,3,24044
9,1,24045
-6,6,24051
-2,2,24053
-5,5,24058
-1,1,24059
9,1,24060
9,1,24061
9,1,24062
9,1,24063
9,1,24064
8,2,24066
7,3,24069
-1,1,24070
9,1,24071
8,2,24073
7,3,24076
-1,1,24077
9,1,24078
8,2,24080
9,1,24081
9,1,24082
-1,1,24083
9,1,24084
8,2,24086
8,2,24088
9,1,24089
9,1,24090
6,4,24094
5,5,24099
9,1,24100
-1,1,24101
-1,1,24102
9,1,24103
8,2,24105
8,2,24107
0,10,24117
-1,1,24118
9,1,24119
9,1,24120
-1,1,24121
-2,2,24123
8,2,24125
9,1,24126
8,2,24128
9,1,24129
9,1,24130
6,4,24134
9,1,24135
8,2,24137
-1,1,24138
9,1,24139
-1,1,24140
-2,2,24142
9,1,24143
8,2,24145
9,1,24146
-1,1,24147
9,1,24148
9,1,24149
7,3,24152
8,2,24154
-2,2,24156
8,2,24158
5,5,24163
-1,1,24164
8,2,24166
6,4,24170
9,1,24171
9,1,24172
9,1,24173
-3,3,24176
9,1,24177
9,1,24178
9,1,24179
8,2,24181
-9,9,24190
7,3,24193
-1,1,24194
9,1,24195
9,1,24196
8,2,24198
9,1,24199
8,2,24201
-1,1,24202
9,1,24203
-1,1,24204
-2,2,24206
9,1,24207
8,2,24209
9,1,24210
9,1,24211
8,2,24213
9,1,24214
-1,1,24215
-1,1,24216
9,1,24217
-1,1,24218
7,3,24221
-1,1,24222
6,4,24226
9,1,24227
8,2,24229
4,6,24235
9,1,24236
9,1,24237
9,1,24238
8,2,24240
-1,1,24241
9,1,24242
9,1,24243
7,3,24246
9,1,24247
9,1,24248
7,3,24251
9,1,24252
9,1,24253
9,1,24254
9,1,24255
8,2,24257
9,1,24258
9,1,24259
9,1,24260
-1,1,24261
8,2,24263
8,2,24265
-3,3,24268
8,2,24270
8,2,24272
9,1,24273
8,2,24275
8,2,24277
9,1,24278
6,4,24282
8,2,24284
9,1,24285
9,1,24286
8,2,24288
6,4,24292
9,1,24293
9,1,24294
9,1,24295
9,1,24296
9,1,24297
9,1,24298
4,6,24304
-1,1,24305
7,3,24308
8,2,24310
8,2,24312
9,1,24313
9,1,24314
9,1,24315
8,2,24317
8,2,24319
9,1,24320
8,2,24322
9,1,24323
8,2,24325
-1,1,24326
8,2,24328
9,1,24329
3,7,24336
8,2,24338
4,6,24344
-2,2,24346
9,1,24347
7,3,24350
7,3,24353
-7,17,24370
9,1,24371
7,3,24374
-1,1,24375
-1,1,24376
-1,1,24377
-1,1,24378
9,1,24379
9,1,24380
9,1,24381
8,2,24383
9,1,24384
9,1,24385
9,1,24386
9,1,24387
4,6,24393
9,1,24394
7,3,24397
8,2,24399
9,1,24400
9,1,24401
9,1,24402
8,2,24404
8,2,24406
-1,1,24407
5,5,24412
8,2,24414
9,1,24415
9,1,24416
9,1,24417
8,2,24419
9,1,24420
9,1,24421
-5,5,24426
-1,1,24427
-1,1,24428
9,1,24429
5,5,24434
9,1,24435
9,1,24436
-1,1,24437
9,1,24438
-2,2,24440
9,1,24441
9,1,24442
9,1,24443
8,2,24445
6,4,24449
9,1,24450
-1,1,24451
9,1,24452
-1,1,24453
8,2,24455
6,4,24459
7,3,24462
9,1,24463
9,1,24464
9,1,24465
8,2,24467
9,1,24468
9,1,24469
-1,1,24470
8,2,24472
-1,1,24473
6,4,24477
7,3,24480
8,2,24482
-2,2,24484
8,2,24486
9,1,24487
9,1,24488
-1,1,24489
9,1,24490
-1,1,24491
9,1,24492
-1,1,24493
8,2,24495
8,2,24497
9,1,24498
1,9,24507
-1,1,24508
8,2,24510
8,2,24512
-1,1,24513
8,2,24515
-1,1,24516
9,1,24517
8,2,24519
9,1,24520
9,1,24521
9,1,24522
9,1,24523
9,1,24524
-1,1,24525
9,1,24526
9,1,24527
8,2,24529
9,1,24530
8,2,24532
9,1,24533
9,1,24534
6,4,24538
8,2,24540
8,2,24542
6,4,24546
9,1,24547
9,1,24548
8,2,24550
8,2,24552
8,2,24554
9,1,24555
8,2,24557
9,1,24558
-1,1,24559
9,1,24560
9,1,24561
5,5,24566
-2,2,24568
8,2,24570
9,1,24571
-2,2,24573
-1,1,24574
8,2,24576
9,1,24577
9,1,24578
-2,2,24580
8,2,24582
9,1,24583
7,3,24586
8,2,24588
-1,1,24589
7,3,24592
9,1,24593
6,4,24597
9,1,24598
4,6,24604
9,1,24605
9,1,24606
8,2,24608
8,2,24610
-1,1,24611
9,1,24612
6,4,24616
9,1,24617
9,1,24618
9,1,24619
8,2,24621
6,4,24625
9,1,24626
9,1,24627
8,2,24629
6,4,24633
-1,1,24634
9,1,24635
8,2,24637
9,1,24638
9,1,24639
9,1,24640
-3,3,24643
4,6,24649
9,1,24650
9,1,24651
9,1,24652
-3,3,24655
8,2,24657
9,1,24658
8,2,24660
-2,2,24662
8,2,24664
8,2,24666
9,1,24667
7,3,24670
8,2,24672
9,1,24673
6,4,24677
8,2,24679
8,2,24681
7,3,24684
9,1,24685
8,2,24687
8,2,24689
-1,1,24690
-2,2,24692
5,5,24697
8,2,24699
9,1,24700
8,2,24702
9,1,24703
6,4,24707
9,1,24708
-2,2,24710
9,1,24711
-1,1,24712
7,3,24715
9,1,24716
9,1,24717
9,1,24718
9,1,24719
9,1,24720
8,2,24722
9,1,24723
-2,12,24735
9,1,24736
8,2,24738
9,1,24739
8,2,24741
8,2,24743
9,1,24744
-2,2,24746
9,1,24747
9,1,24748
9,1,24749
9,1,24750
9,1,24751
7,3,24754
9,1,24755
9,1,24756
9,1,24757
9,1,24758
8,2,24760
9,1,24761
9,1,24762
-1,1,24763
8,2,24765
-1,1,24766
9,1,24767
7,3,24770
7,3,24773
8,2,24775
9,1,24776
9,1,24777
8,2,24779
9,1,24780
9,1,24781
-3,3,24784
9,1,24785
9,1,24786
9,1,24787
-1,1,24788
9,1,24789
2,8,24797
9,1,24798
5,5,24803
7,3,24806
-2,2,24808
9,1,24809
9,1,24810
9,1,24811
-1,1,24812
9,1,24813
8,2,24815
8,2,24817
7,3,24820
9,1,24821
-3,3,24824
9,1,24825
-1,1,24826
9,1,24827
9,1,24828
9,1,24829
9,1,24830
4,6,24836
7,3,24839
9,1,24840
8,2,24842
-2,12,24854
0,10,24864
9,1,24865
-1,1,24866
8,2,24868
9,1,24869
9,1,24870
8,2,24872
9,1,24873
-1,1,24874
9,1,24875
9,1,24876
7,3,24879
-1,1,24880
-1,1,24881
8,2,24883
9,1,24884
-1,1,24885
8,2,24887
-1,1,24888
-1,1,24889
9,1,24890
8,2,24892
8,2,24894
-1,1,24895
9,1,24896
9,1,24897
7,3,24900
8,2,24902
8,2,24904
-2,2,24906
-2,2,24908
-1,1,24909
9,1,24910
8,2,24912
4,6,24918
5,5,24923
-1,1,24924
5,5,24929
9,1,24930
8,2,24932
4,6,24938
9,1,24939
9,1,24940
6,4,24944
-2,2,24946
9,1,24947
9,1,24948
9,1,24949
-1,1,24950
-1,1,24951
8,2,24953
8,2,24955
-1,1,24956
9,1,24957
9,1,24958
9,1,24959
9,1,24960
8,2,24962
8,2,24964
0,10,24974
8,2,24976
9,1,24977
7,3,24980
9,1,24981
9,1,24982
9,1,24983
8,2,24985
8,2,24987
9,1,24988
9,1,24989
9,1,24990
9,1,24991
9,1,24992
2,8,25000
9,1,25001
8,2,25003
-1,1,25004
5,5,25009
8,2,25011
9,1,25012
-1,1,25013
9,1,25014
9,1,25015
8,2,25017
-1,1,25018
9,1,25019
7,3,25022
7,3,25025
9,1,25026
-2,2,25028
9,1,25029
-1,1,25030
8,2,25032
7,3,25035
9,1,25036
9,1,25037
-1,1,25038
3,7,25045
9,1,25046
9,1,25047
9,1,25048
9,1,25049
-1,1,25050
9,1,25051
9,1,25052
6,4,25056
7,3,25059
9,1,25060
9,1,25061
9,1,25062
8,2,25064
6,4,25068
9,1,25069
9,1,25070
9,1,25071
8,2,25073
8,2,25075
-3,3,25078
8,2,25080
-1,1,25081
-1,1,25082
-1,1,25083
8,2,25085
9,1,25086
-1,1,25087
4,6,25093
8,2,25095
8,2,25097
9,1,25098
9,1,25099
9,1,25100
8,2,25102
-2,2,25104
9,1,25105
9,1,25106
9,1,25107
9,1,25108
9,1,25109
9,1,25110
9,1,25111
9,1,25112
9,1,25113
9,1,25114
-3,3,25117
-1,1,25118
7,3,25121
8,2,25123
8,2,25125
9,1,25126
6,4,25130
-1,1,25131
9,1,25132
8,2,25134
-4,4,25138
9,1,25139
-1,11,25150
9,1,25151
9,1,25152
7,3,25155
-4,14,25169
9,1,25170
9,1,25171
8,2,25173
9,1,25174
6,4,25178
8,2,25180
9,1,25181
8,2,25183
9,1,25184
-1,1,25185
-2,2,25187
-1,1,25188
9,1,25189
9,1,25190
-1,1,25191
9,1,25192
9,1,25193
9,1,25194
-1,1,25195
7,3,25198
-3,3,25201
9,1,25202
8,2,25204
8,2,25206
-2,12,25218
9,1,25219
7,3,25222
9,1,25223
9,1,25224
4,6,25230
9,1,25231
9,1,25232
-1,1,25233
9,1,25234
-1,1,25235
8,2,25237
9,1,25238
9,1,25239
9,1,25240
-1,1,25241
9,1,25242
5,5,25247
-5,5,25252
-2,2,25254
9,1,25255
-1,1,25256
9,1,25257
9,1,25258
-3,3,25261
9,1,25262
-2,2,25264
-2,2,25266
9,1,25267
-1,1,25268
-2,2,25270
9,1,25271
9,1,25272
9,1,25273
9,1,25274
9,1,25275
9,1,25276
9,1,25277
7,3,25280
3,7,25287
9,1,25288
9,1,25289
9,1,25290
9,1,25291
9,1,25292
9,1,25293
9,1,25294
9,1,25295
7,3,25298
-1,1,25299
7,3,25302
9,1,25303
8,2,25305
9,1,25306
1,9,25315
9,1,25316
9,1,25317
8,2,25319
9,1,25320
9,1,25321
9,1,25322
-1,1,25323
9,1,25324
8,2,25326
-1,1,25327
9,1,25328
8,2,25330
-3,3,25333
6,4,25337
9,1,25338
-1,1,25339
-1,1,25340
7,3,25343
8,2,25345
4,6,25351
2,8,25359
4,6,25365
-1,1,25366
9,1,25367
9,1,25368
9,1,25369
9,1,25370
-2,2,25372
9,1,25373
9,1,25374
7,3,25377
9,1,25378
9,1,25379
9,1,25380
9,1,25381
9,1,25382
9,1,25383
3,7,25390
9,1,25391
9,1,25392
8,2,25394
9,1,25395
9,1,25396
9,1,25397
8,2,25399
5,5,25404
9,1,25405
9,1,25406
9,1,25407
9,1,25408
-1,1,25409
7,3,25412
7,3,25415
8,2,25417
6,4,25421
8,2,25423
2,8,25431
9,1,25432
9,1,25433
7,3,25436
-1,1,25437
9,1,25438
9,1,25439
9,1,25440
-1,1,25441
9,1,25442
-1,1,25443
8,2,25445
9,1,25446
4,6,25452
5,5,25457
9,1,25458
9,1,25459
-1,1,25460
8,2,25462
9,1,25463
9,1,25464
9,1,25465
8,2,25467
-3,3,25470
8,2,25472
9,1,25473
4,6,25479
9,1,25480
9,1,25481
9,1,25482
8,2,25484
9,1,25485
9,1,25486
9,1,25487
9,1,25488
7,3,25491
9,1,25492
7,3,25495
9,1,25496
8,2,25498
9,1,25499
9,1,25500
9,1,25501
8,2,25503
9,1,25504
9,1,25505
8,2,25507
9,1,25508
9,1,25509
8,2,25511
-6,6,25517
9,1,25518
6,4,25522
9,1,25523
8,2,25525
9,1,25526
9,1,25527
9,1,25528
9,1,25529
8,2,25531
8,2,25533
9,1,25534
1,9,25543
8,2,25545
9,1,25546
6,4,25550
6,4,25554
-1,1,25555
-3,13,25568
7,3,25571
-1,1,25572
9,1,25573
-2,2,25575
9,1,25576
9,1,25577
-1,1,25578
9,1,25579
9,1,25580
8,2,25582
8,2,25584
9,1,25585
5,5,25590
9,1,25591
7,3,25594
9,1,25595
7,3,25598
7,3,25601
-1,1,25602
9,1,25603
8,2,25605
8,2,25607
-2,2,25609
9,1,25610
4,6,25616
9,1,25617
7,3,25620
9,1,25621
7,3,25624
6,4,25628
9,1,25629
-1,1,25630
9,1,25631
8,2,25633
9,1,25634
9,1,25635
8,2,25637
8,2,25639
9,1,25640
9,1,25641
-1,1,25642
8,2,25644
7,3,25647
-1,1,25648
-1,1,25649
-1,1,25650
9,1,25651
9,1,25652
8,2,25654
9,1,25655
9,1,25656
9,1,25657
8,2,25659
-6,16,25675
9,1,25676
9,1,25677
7,3,25680
9,1,25681
8,2,25683
9,1,25684
9,1,25685
9,1,25686
-3,3,25689
9,1,25690
8,2,25692
9,1,25693
9,1,25694
9,1,25695
9,1,25696
9,1,25697
9,1,25698
9,1,25699
9,1,25700
-2,2,25702
6,4,25706
9,1,25707
9,1,25708
9,1,25709
-1,1,25710
8,2,25712
8,2,25714
8,2,25716
9,1,25717
9,1,25718
9,1,25719
9,1,25720
8,2,25722
-1,1,25723
9,1,25724
-1,1,25725
9,1,25726
8,2,25728
9,1,25729
8,2,25731
-1,1,25732
9,1,25733
7,3,25736
6,4,25740
8,2,25742
9,1,25743
-4,4,25747
8,2,25749
9,1,25750
8,2,25752
9,1,25753
9,1,25754
9,1,25755
4,6,25761
9,1,25762
9,1,25763
8,2,25765
-2,2,25767
-1,1,25768
-1,1,25769
-1,1,25770
8,2,25772
-1,1,25773
-4,4,25777
9,1,25778
5,5,25783
7,3,25786
9,1,25787
-1,1,25788
9,1,25789
9,1,25790
9,1,25791
-1,1,25792
9,1,25793
9,1,25794
9,1,25795
-1,1,25796
-1,1,25797
-1,1,25798
9,1,25799
9,1,25800
9,1,25801
9,1,25802
-1,1,25803
-3,3,25806
9,1,25807
-1,1,25808
9,1,25809
9,1,25810
-2,2,25812
9,1,25813
8,2,25815
9,1,25816
9,1,25817
8,2,25819
9,1,25820
5,5,25825
-1,1,25826
-1,1,25827
7,3,25830
7,3,25833
-2,2,25835
7,3,25838
9,1,25839
6,4,25843
9,1,25844
9,1,25845
-2,2,25847
9,1,25848
9,1,25849
8,2,25851
8,2,25853
9,1,25854
-2,2,25856
9,1,25857
8,2,25859
8,2,25861
9,1,25862
9,1,25863
9,1,25864
9,1,25865
9,1,25866
8,2,25868
1,9,25877
9,1,25878
-1,1,25879
9,1,25880
-2,2,25882
8,2,25884
8,2,25886
8,2,25888
-1,1,25889
8,2,25891
7,3,25894
9,1,25895
9,1,25896
9,1,25897
7,3,25900
8,2,25902
9,1,25903
6,4,25907
-2,2,25909
-2,2,25911
9,1,25912
7,3,25915
9,1,25916
8,2,25918
9,1,25919
7,3,25922
9,1,25923
9,1,25924
9,1,25925
9,1,25926
8,2,25928
8,2,25930
9,1,25931
9,1,25932
6,4,25936
8,2,25938
8,2,25940
9,1,25941
8,2,25943
9,1,25944
-1,1,25945
8,2,25947
9,1,25948
8,2,25950
9,1,25951
6,4,25955
8,2,25957
9,1,25958
9,1,25959
-2,2,25961
9,1,25962
9,1,25963
9,1,25964
7,3,25967
9,1,25968
-5,5,25973
8,2,25975
7,3,25978
8,2,25980
7,3,25983
5,5,25988
9,1,25989
-1,1,25990
9,1,25991
8,2,25993
8,2,25995
-1,1,25996
7,3,25999
9,1,26000
9,1,26001
9,1,26002
9,1,26003
8,2,26005
9,1,26006
9,1,26007
9,1,26008
-1,1,26009
9,1,26010
8,2,26012
-1,1,26013
-1,1,26014
-2,2,26016
8,2,26018
-1,1,26019
9,1,26020
8,2,26022
9,1,26023
-1,1,26024
9,1,26025
8,2,26027
9,1,26028
8,2,26030
9,1,26031
-1,1,26032
-1,1,26033
-1,1,26034
9,1,26035
9,1,26036
7,3,26039
9,1,26040
8,2,26042
-2,2,26044
9,1,26045
-1,1,26046
9,1,26047
8,2,26049
9,1,26050
8,2,26052
9,1,26053
7,3,26056
6,4,26060
-4,4,26064
9,1,26065
7,3,26068
9,1,26069
5,5,26074
9,1,26075
9,1,26076
-1,1,26077
9,1,26078
-1,1,26079
9,1,26080
8,2,26082
9,1,26083
9,1,26084
8,2,26086
9,1,26087
-1,1,26088
6,4,26092
-7,7,26099
8,2,26101
9,1,26102
7,3,26105
-1,1,26106
9,1,26107
5,5,26112
9,1,26113
9,1,26114
9,1,26115
9,1,26116
9,1,26117
-1,1,26118
7,3,26121
8,2,26123
8,2,26125
9,1,26126
9,1,26127
-1,1,26128
-1,1,26129
-1,1,26130
8,2,26132
9,1,26133
-1,1,26134
9,1,26135
9,1,26136
9,1,26137
9,1,26138
8,2,26140
-1,1,26141
9,1,26142
8,2,26144
7,3,26147
9,1,26148
9,1,26149
9,1,26150
8,2,26152
-4,4,26156
9,1,26157
8,2,26159
8,2,26161
4,6,26167
9,1,26168
9,1,26169
9,1,26170
8,2,26172
8,2,26174
9,1,26175
-2,2,26177
6,4,26181
9,1,26182
8,2,26184
-1,1,26185
-1,1,26186
-1,1,26187
-1,1,26188
9,1,26189
8,2,26191
9,1,26192
9,1,26193
9,1,26194
7,3,26197
8,2,26199
9,1,26200
9,1,26201
7,3,26204
8,2,26206
-1,1,26207
9,1,26208
9,1,26209
9,1,26210
8,2,26212
-1,1,26213
9,1,26214
-2,2,26216
9,1,26217
6,4,26221
9,1,26222
9,1,26223
9,1,26224
9,1,26225
9,1,26226
8,2,26228
9,1,26229
-1,1,26230
8,2,26232
3,7,26239
9,1,26240
6,4,26244
7,3,26247
9,1,26248
8,2,26250
9,1,26251
8,2,26253
9,1,26254
9,1,26255
1,9,26264
8,2,26266
9,1,26267
-1,1,26268
8,2,26270
9,1,26271
9,1,26272
-1,1,26273
-2,2,26275
-1,1,26276
9,1,26277
8,2,26279
9,1,26280
9,1,26281
9,1,26282
9,1,26283
-1,1,26284
-2,2,26286
-1,1,26287
9,1,26288
9,1,26289
-1,1,26290
8,2,26292
-5,5,26297
6,4,26301
8,2,26303
9,1,26304
9,1,26305
9,1,26306
9,1,26307
-1,1,26308
9,1,26309
9,1,26310
9,1,26311
9,1,26312
9,1,26313
9,1,26314
9,1,26315
8,2,26317
-1,1,26318
9,1,26319
9,1,26320
9,1,26321
9,1,26322
-2,2,26324
9,1,26325
-1,11,26336
9,1,26337
9,1,26338
9,1,26339
9,1,26340
9,1,26341
9,1,26342
8,2,26344
9,1,26345
-1,1,26346
7,3,26349
-1,1,26350
4,6,26356
9,1,26357
9,1,26358
8,2,26360
-1,1,26361
7,3,26364
8,2,26366
9,1,26367
9,1,26368
7,3,26371
9,1,26372
9,1,26373
2,8,26381
-1,1,26382
7,3,26385
-1,1,26386
7,3,26389
9,1,26390
9,1,26391
7,3,26394
8,2,26396
7,3,26399
8,2,26401
9,1,26402
-1,1,26403
9,1,26404
-1,1,26405
-1,1,26406
9,1,26407
9,1,26408
9,1,26409
9,1,26410
9,1,26411
8,2,26413
9,1,26414
7,3,26417
9,1,26418
-5,5,26423
8,2,26425
9,1,26426
9,1,26427
-5,5,26432
9,1,26433
8,2,26435
8,2,26437
-1,11,26448
9,1,26449
9,1,26450
9,1,26451
9,1,26452
-1,1,26453
9,1,26454
9,1,26455
8,2,26457
9,1,26458
9,1,26459
7,3,26462
8,2,26464
3,7,26471
9,1,26472
-3,3,26475
9,1,26476
9,1,26477
-1,1,26478
6,4,26482
-3,3,26485
-1,1,26486
9,1,26487
9,1,26488
7,3,26491
9,1,26492
9,1,26493
9,1,26494
-1,1,26495
-1,1,26496
5,5,26501
9,1,26502
-3,3,26505
8,2,26507
9,1,26508
9,1,26509
9,1,26510
-2,2,26512
8,2,26514
9,1,26515
9,1,26516
8,2,26518
-2,2,26520
9,1,26521
9,1,26522
7,3,26525
-1,1,26526
8,2,26528
-1,1,26529
-1,1,26530
8,2,26532
7,3,26535
9,1,26536
8,2,26538
9,1,26539
9,1,26540
8,2,26542
5,5,26547
8,2,26549
9,1,26550
6,4,26554
9,1,26555
9,1,26556
8,2,26558
9,1,26559
9,1,26560
9,1,26561
-1,1,26562
9,1,26563
3,7,26570
9,1,26571
-1,1,26572
9,1,26573
9,1,26574
9,1,26575
7,3,26578
9,1,26579
8,2,26581
9,1,26582
9,1,26583
8,2,26585
6,4,26589
9,1,26590
5,5,26595
9,1,26596
7,3,26599
-1,1,26600
8,2,26602
8,2,26604
9,1,26605
9,1,26606
9,1,26607
8,2,26609
9,1,26610
9,1,26611
7,3,26614
-1,1,26615
9,1,26616
9,1,26617
8,2,26619
8,2,26621
9,1,26622
-2,2,26624
8,2,26626
8,2,26628
8,2,26630
8,2,26632
9,1,26633
-1,1,26634
9,1,26635
7,3,26638
8,2,26640
-1,1,26641
9,1,26642
-2,2,26644
9,1,26645
9,1,26646
8,2,26648
-1,1,26649
9,1,26650
8,2,26652
-1,1,26653
9,1,26654
9,1,26655
-1,1,26656
9,1,26657
-1,1,26658
9,1,26659
-2,2,26661
9,1,26662
9,1,26663
9,1,26664
8,2,26666
6,4,26670
8,2,26672
9,1,26673
9,1,26674
-1,1,26675
8,2,26677
8,2,26679
9,1,26680
9,1,26681
9,1,26682
7,3,26685
6,4,26689
9,1,26690
8,2,26692
-1,1,26693
8,2,26695
9,1,26696
9,1,26697
-1,1,26698
9,1,26699
-1,1,26700
9,1,26701
7,3,26704
-1,1,26705
-1,1,26706
9,1,26707
9,1,26708
8,2,26710
7,3,26713
8,2,26715
-1,1,26716
9,1,26717
-1,1,26718
5,5,26723
9,1,26724
9,1,26725
-1,1,26726
-2,2,26728
9,1,26729
9,1,26730
-1,1,26731
9,1,26732
8,2,26734
-1,1,26735
6,4,26739
8,2,26741
8,2,26743
8,2,26745
9,1,26746
9,1,26747
9,1,26748
9,1,26749
9,1,26750
8,2,26752
9,1,26753
8,2,26755
9,1,26756
8,2,26758
-1,1,26759
8,2,26761
5,5,26766
0,10,26776
9,1,26777
9,1,26778
-2,2,26780
9,1,26781
6,4,26785
9,1,26786
9,1,26787
6,4,26791
7,3,26794
-1,1,26795
8,2,26797
9,1,26798
9,1,26799
9,1,26800
-1,1,26801
8,2,26803
6,4,26807
-1,1,26808
-4,4,26812
9,1,26813
9,1,26814
8,2,26816
9,1,26817
8,2,26819
7,3,26822
9,1,26823
-1,1,26824
-1,1,26825
8,2,26827
-3,3,26830
9,1,26831
8,2,26833
9,1,26834
-1,1,26835
9,1,26836
6,4,26840
9,1,26841
-1,1,26842
-1,1,26843
2,8,26851
4,6,26857
9,1,26858
9,1,26859
8,2,26861
9,1,26862
9,1,26863
9,1,26864
9,1,26865
9,1,26866
-1,1,26867
-1,1,26868
9,1,26869
9,1,26870
9,1,26871
9,1,26872
5,5,26877
9,1,26878
9,1,26879
9,1,26880
9,1,26881
9,1,26882
8,2,26884
8,2,26886
8,2,26888
-1,1,26889
9,1,26890
1,9,26899
9,1,26900
9,1,26901
9,1,26902
9,1,26903
9,1,26904
9,1,26905
-1,1,26906
9,1,26907
-1,1,26908
9,1,26909
-1,1,26910
-1,1,26911
9,1,26912
9,1,26913
7,3,26916
9,1,26917
9,1,26918
8,2,26920
9,1,26921
9,1,26922
9,1,26923
9,1,26924
9,1,26925
9,1,26926
9,1,26927
9,1,26928
9,1,26929
-1,1,26930
-1,1,26931
9,1,26932
9,1,26933
7,3,26936
9,1,26937
9,1,26938
9,1,26939
9,1,26940
9,1,26941
9,1,26942
8,2,26944
9,1,26945
9,1,26946
8,2,26948
9,1,26949
9,1,26950
5,5,26955
8,2,26957
6,4,26961
7,3,26964
-1,1,26965
-1,1,26966
9,1,26967
9,1,26968
6,4,26972
9,1,26973
9,1,26974
8,2,26976
-2,2,26978
9,1,26979
9,1,26980
9,1,26981
9,1,26982
5,5,26987
9,1,26988
9,1,26989
9,1,26990
9,1,26991
9,1,26992
8,2,26994
9,1,26995
8,2,26997
9,1,26998
9,1,26999
9,1,27000
-1,1,27001
7,3,27004
-2,2,27006
9,1,27007
3,7,27014
8,2,27016
9,1,27017
6,4,27021
7,3,27024
9,1,27025
8,2,27027
9,1,27028
9,1,27029
8,2,27031
9,1,27032
-1,1,27033
8,2,27035
8,2,27037
9,1,27038
8,2,27040
9,1,27041
9,1,27042
9,1,27043
8,2,27045
-1,1,27046
9,1,27047
5,5,27052
-3,3,27055
7,3,27058
-5,5,27063
9,1,27064
9,1,27065
-1,1,27066
9,1,27067
-1,1,27068
9,1,27069
9,1,27070
9,1,27071
-2,2,27073
8,2,27075
9,1,27076
-1,1,27077
9,1,27078
-1,1,27079
8,2,27081
7,3,27084
9,1,27085
8,2,27087
8,2,27089
6,4,27093
-1,1,27094
7,3,27097
9,1,27098
8,2,27100
9,1,27101
9,1,27102
6,4,27106
-1,1,27107
9,1,27108
9,1,27109
7,3,27112
9,1,27113
8,2,27115
8,2,27117
-1,1,27118
-1,1,27119
9,1,27120
6,4,27124
9,1,27125
9,1,27126
8,2,27128
9,1,27129
9,1,27130
9,1,27131
9,1,27132
9,1,27133
9,1,27134
-1,1,27135
-1,1,27136
9,1,27137
-1,1,27138
9,1,27139
8,2,27141
9,1,27142
-1,1,27143
5,5,27148
-1,1,27149
7,3,27152
8,2,27154
8,2,27156
9,1,27157
9,1,27158
9,1,27159
9,1,27160
9,1,27161
-1,1,27162
9,1,27163
-1,1,27164
9,1,27165
6,4,27169
8,2,27171
9,1,27172
-2,2,27174
9,1,27175
9,1,27176
7,3,27179
8,2,27181
6,4,27185
9,1,27186
5,5,27191
9,1,27192
9,1,27193
9,1,27194
8,2,27196
9,1,27197
-1,1,27198
9,1,27199
-1,1,27200
-1,1,27201
9,1,27202
6,4,27206
8,2,27208
8,2,27210
9,1,27211
8,2,27213
-1,1,27214
7,3,27217
9,1,27218
-1,1,27219
9,1,27220
9,1,27221
9,1,27222
8,2,27224
-1,1,27225
9,1,27226
9,1,27227
9,1,27228
9,1,27229
9,1,27230
-1,1,27231
8,2,27233
9,1,27234
9,1,27235
-4,4,27239
9,1,27240
9,1,27241
9,1,27242
9,1,27243
9,1,27244
8,2,27246
7,3,27249
7,3,27252
4,6,27258
9,1,27259
6,4,27263
-1,1,27264
9,1,27265
9,1,27266
9,1,27267
7,3,27270
7,3,27273
8,2,27275
6,4,27279
9,1,27280
-4,14,27294
8,2,27296
-1,1,27297
9,1,27298
9,1,27299
-1,1,27300
9,1,27301
9,1,27302
9,1,27303
8,2,27305
9,1,27306
8,2,27308
8,2,27310
9,1,27311
9,1,27312
9,1,27313
7,3,27316
-1,1,27317
9,1,27318
8,2,27320
9,1,27321
5,5,27326
8,2,27328
9,1,27329
-1,1,27330
8,2,27332
7,3,27335
7,3,27338
9,1,27339
-1,1,27340
8,2,27342
9,1,27343
-1,1,27344
9,1,27345
9,1,27346
9,1,27347
8,2,27349
-1,1,27350
5,5,27355
9,1,27356
3,7,27363
8,2,27365
9,1,27366
9,1,27367
9,1,27368
8,2,27370
9,1,27371
8,2,27373
9,1,27374
-3,3,27377
9,1,27378
9,1,27379
9,1,27380
9,1,27381
7,3,27384
6,4,27388
8,2,27390
-5,5,27395
5,5,27400
9,1,27401
9,1,27402
7,3,27405
9,1,27406
9,1,27407
9,1,27408
-1,1,27409
-1,1,27410
9,1,27411
9,1,27412
9,1,27413
9,1,27414
8,2,27416
9,1,27417
5,5,27422
9,1,27423
6,4,27427
7,3,27430
9,1,27431
9,1,27432
9,1,27433
8,2,27435
-1,1,27436
9,1,27437
9,1,27438
7,3,27441
9,1,27442
9,1,27443
8,2,27445
8,2,27447
-2,2,27449
9,1,27450
8,2,27452
9,1,27453
9,1,27454
9,1,27455
9,1,27456
-1,1,27457
8,2,27459
9,1,27460
8,2,27462
9,1,27463
9,1,27464
9,1,27465
9,1,27466
9,1,27467
9,1,27468
8,2,27470
9,1,27471
4,6,27477
8,2,27479
8,2,27481
9,1,27482
-1,1,27483
9,1,27484
8,2,27486
8,2,27488
8,2,27490
5,5,27495
-1,1,27496
-1,1,27497
9,1,27498
9,1,27499
9,1,27500
9,1,27501
9,1,27502
9,1,27503
8,2,27505
8,2,27507
9,1,27508
9,1,27509
9,1,27510
-1,1,27511
9,1,27512
9,1,27513
7,3,27516
6,4,27520
-2,2,27522
7,3,27525
9,1,27526
9,1,27527
9,1,27528
-4,4,27532
9,1,27533
9,1,27534
8,2,27536
9,1,27537
-1,1,27538
9,1,27539
9,1,27540
8,2,27542
9,1,27543
8,2,27545
9,1,27546
9,1,27547
9,1,27548
9,1,27549
9,1,27550
9,1,27551
9,1,27552
8,2,27554
7,3,27557
-2,2,27559
7,3,27562
8,2,27564
8,2,27566
6,4,27570
-4,4,27574
8,2,27576
9,1,27577
8,2,27579
9,1,27580
9,1,27581
9,1,27582
6,4,27586
8,2,27588
-1,1,27589
5,5,27594
9,1,27595
5,5,27600
9,1,27601
7,3,27604
-1,1,27605
9,1,27606
9,1,27607
8,2,27609
9,1,27610
8,2,27612
9,1,27613
9,1,27614
9,1,27615
-1,1,27616
9,1,27617
9,1,27618
9,1,27619
8,2,27621
9,1,27622
8,2,27624
9,1,27625
9,1,27626
9,1,27627
-1,1,27628
9,1,27629
8,2,27631
8,2,27633
-1,1,27634
9,1,27635
9,1,27636
9,1,27637
3,7,27644
9,1,27645
-1,1,27646
8,2,27648
9,1,27649
8,2,27651
9,1,27652
-1,1,27653
-1,1,27654
9,1,27655
-1,1,27656
-3,3,27659
9,1,27660
9,1,27661
9,1,27662
-1,1,27663
9,1,27664
8,2,27666
-1,1,27667
-1,1,27668
8,2,27670
-1,1,27671
9,1,27672
9,1,27673
9,1,27674
7,3,27677
9,1,27678
-1,1,27679
6,4,27683
-2,2,27685
-1,1,27686
9,1,27687
9,1,27688
9,1,27689
7,3,27692
-1,1,27693
9,1,27694
8,2,27696
9,1,27697
6,4,27701
9,1,27702
9,1,27703
9,1,27704
8,2,27706
-1,1,27707
8,2,27709
9,1,27710
9,1,27711
9,1,27712
8,2,27714
8,2,27716
-1,1,27717
9,1,27718
9,1,27719
-1,1,27720
9,1,27721
-1,1,27722
-1,1,27723
9,1,27724
9,1,27725
9,1,27726
9,1,27727
3,7,27734
9,1,27735
8,2,27737
8,2,27739
9,1,27740
9,1,27741
9,1,27742
9,1,27743
-1,1,27744
9,1,27745
9,1,27746
9,1,27747
9,1,27748
9,1,27749
9,1,27750
8,2,27752
-1,1,27753
9,1,27754
8,2,27756
9,1,27757
9,1,27758
8,2,27760
9,1,27761
-4,4,27765
9,1,27766
8,2,27768
9,1,27769
9,1,27770
8,2,27772
8,2,27774
9,1,27775
9,1,27776
-1,1,27777
8,2,27779
9,1,27780
9,1,27781
9,1,27782
-4,4,27786
9,1,27787
-1,1,27788
9,1,27789
9,1,27790
9,1,27791
8,2,27793
6,4,27797
9,1,27798
9,1,27799
9,1,27800
6,4,27804
7,3,27807
8,2,27809
8,2,27811
8,2,27813
9,1,27814
9,1,27815
9,1,27816
9,1,27817
9,1,27818
8,2,27820
8,2,27822
8,2,27824
-1,1,27825
-1,1,27826
8,2,27828
9,1,27829
9,1,27830
9,1,27831
7,3,27834
9,1,27835
8,2,27837
9,1,27838
9,1,27839
-1,1,27840
-1,1,27841
9,1,27842
9,1,27843
9,1,27844
9,1,27845
9,1,27846
9,1,27847
9,1,27848
9,1,27849
7,3,27852
9,1,27853
7,3,27856
9,1,27857
8,2,27859
8,2,27861
8,2,27863
8,2,27865
9,1,27866
9,1,27867
8,2,27869
0,10,27879
9,1,27880
7,3,27883
9,1,27884
7,3,27887
-2,2,27889
9,1,27890
9,1,27891
9,1,27892
-1,1,27893
8,2,27895
-1,1,27896
-1,1,27897
9,1,27898
9,1,27899
9,1,27900
9,1,27901
9,1,27902
9,1,27903
9,1,27904
9,1,27905
9,1,27906
8,2,27908
6,4,27912
9,1,27913
9,1,27914
8,2,27916
-1,1,27917
-3,3,27920
9,1,27921
9,1,27922
8,2,27924
9,1,27925
9,1,27926
8,2,27928
9,1,27929
9,1,27930
9,1,27931
9,1,27932
-1,1,27933
9,1,27934
9,1,27935
9,1,27936
-2,2,27938
9,1,27939
9,1,27940
8,2,27942
5,5,27947
8,2,27949
9,1,27950
-2,2,27952
9,1,27953
9,1,27954
-1,1,27955
9,1,27956
-1,1,27957
6,4,27961
9,1,27962
7,3,27965
9,1,27966
8,2,27968
-1,1,27969
-1,1,27970
-1,1,27971
-1,1,27972
8,2,27974
8,2,27976
9,1,27977
9,1,27978
8,2,27980
6,4,27984
5,5,27989
9,1,27990
-1,1,27991
8,2,27993
-1,1,27994
9,1,27995
9,1,27996
9,1,27997
9,1,27998
9,1,27999
9,1,28000
-1,1,28001
9,1,28002
9,1,28003
-2,2,28005
-1,1,28006
9,1,28007
-1,1,28008
9,1,28009
9,1,28010
9,1,28011
-1,1,28012
9,1,28013
8,2,28015
8,2,28017
9,1,28018
-1,1,28019
4,6,28025
9,1,28026
8,2,28028
7,3,28031
9,1,28032
9,1,28033
9,1,28034
7,3,28037
-1,1,28038
7,3,28041
9,1,28042
6,4,28046
9,1,28047
9,1,28048
-1,1,28049
8,2,28051
8,2,28053
9,1,28054
9,1,28055
9,1,28056
9,1,28057
9,1,28058
-1,1,28059
8,2,28061
9,1,28062
9,1,28063
-1,1,28064
7,3,28067
9,1,28068
3,7,28075
9,1,28076
8,2,28078
9,1,28079
9,1,28080
9,1,28081
-1,1,28082
7,3,28085
9,1,28086
9,1,28087
9,1,28088
-4,4,28092
7,3,28095
8,2,28097
7,3,28100
8,2,28102
9,1,28103
9,1,28104
8,2,28106
7,3,28109
-1,1,28110
-1,1,28111
9,1,28112
-1,1,28113
9,1,28114
9,1,28115
9,1,28116
9,1,28117
7,3,28120
9,1,28121
9,1,28122
9,1,28123
8,2,28125
-2,2,28127
-1,1,28128
7,3,28131
9,1,28132
8,2,28134
8,2,28136
9,1,28137
8,2,28139
9,1,28140
-2,2,28142
9,1,28143
-1,1,28144
-1,1,28145
9,1,28146
-1,1,28147
7,3,28150
9,1,28151
7,3,28154
9,1,28155
9,1,28156
-1,1,28157
-1,1,28158
9,1,28159
4,6,28165
6,4,28169
-1,1,28170
7,3,28173
-1,1,28174
8,2,28176
8,2,28178
9,1,28179
-2,2,28181
8,2,28183
7,3,28186
9,1,28187
7,3,28190
-1,1,28191
6,4,28195
9,1,28196
2,8,28204
7,3,28207
9,1,28208
9,1,28209
8,2,28211
-1,1,28212
9,1,28213
9,1,28214
8,2,28216
9,1,28217
5,5,28222
-3,3,28225
9,1,28226
8,2,28228
8,2,28230
8,2,28232
3,7,28239
7,3,28242
9,1,28243
9,1,28244
8,2,28246
-2,2,28248
-1,1,28249
8,2,28251
9,1,28252
9,1,28253
-1,1,28254
9,1,28255
9,1,28256
8,2,28258
9,1,28259
9,1,28260
9,1,28261
9,1,28262
-1,1,28263
8,2,28265
9,1,28266
9,1,28267
5,5,28272
9,1,28273
-1,1,28274
9,1,28275
9,1,28276
9,1,28277
9,1,28278
-2,2,28280
5,5,28285
-2,2,28287
8,2,28289
7,3,28292
-1,1,28293
8,2,28295
8,2,28297
-1,1,28298
8,2,28300
7,3,28303
9,1,28304
9,1,28305
9,1,28306
-1,1,28307
9,1,28308
9,1,28309
9,1,28310
-1,1,28311
-1,1,28312
9,1,28313
9,1,28314
-2,2,28316
9,1,28317
1,9,28326
9,1,28327
9,1,28328
9,1,28329
8,2,28331
5,5,28336
9,1,28337
9,1,28338
-1,1,28339
8,2,28341
8,2,28343
9,1,28344
7,3,28347
9,1,28348
2,8,28356
7,3,28359
8,2,28361
9,1,28362
9,1,28363
9,1,28364
9,1,28365
9,1,28366
-2,2,28368
9,1,28369
9,1,28370
9,1,28371
7,3,28374
9,1,28375
9,1,28376
8,2,28378
9,1,28379
9,1,28380
9,1,28381
9,1,28382
9,1,28383
6,4,28387
7,3,28390
-9,9,28399
9,1,28400
9,1,28401
9,1,28402
-4,4,28406
9,1,28407
9,1,28408
8,2,28410
8,2,28412
9,1,28413
9,1,28414
9,1,28415
9,1,28416
8,2,28418
9,1,28419
8,2,28421
-1,1,28422
9,1,28423
8,2,28425
-1,1,28426
9,1,28427
9,1,28428
9,1,28429
9,1,28430
9,1,28431
-2,2,28433
-1,1,28434
9,1,28435
9,1,28436
-2,2,28438
8,2,28440
9,1,28441
8,2,28443
8,2,28445
9,1,28446
9,1,28447
-1,1,28448
9,1,28449
9,1,28450
9,1,28451
9,1,28452
7,3,28455
9,1,28456
-1,1,28457
9,1,28458
9,1,28459
6,4,28463
9,1,28464
8,2,28466
9,1,28467
9,1,28468
7,3,28471
9,1,28472
8,2,28474
4,6,28480
8,2,28482
-2,2,28484
9,1,28485
9,1,28486
8,2,28488
9,1,28489
9,1,28490
9,1,28491
-1,1,28492
8,2,28494
9,1,28495
9,1,28496
9,1,28497
7,3,28500
9,1,28501
9,1,28502
9,1,28503
8,2,28505
9,1,28506
9,1,28507
-1,1,28508
9,1,28509
9,1,28510
9,1,28511
9,1,28512
9,1,28513
9,1,28514
9,1,28515
7,3,28518
9,1,28519
8,2,28521
9,1,28522
-3,3,28525
9,1,28526
9,1,28527
9,1,28528
9,1,28529
8,2,28531
9,1,28532
9,1,28533
9,1,28534
7,3,28537
9,1,28538
9,1,28539
9,1,28540
9,1,28541
9,1,28542
-1,1,28543
9,1,28544
9,1,28545
8,2,28547
-1,1,28548
7,3,28551
9,1,28552
-8,8,28560
9,1,28561
9,1,28562
9,1,28563
-1,1,28564
9,1,28565
9,1,28566
9,1,28567
9,1,28568
9,1,28569
9,1,28570
8,2,28572
-1,1,28573
-1,1,28574
8,2,28576
-1,1,28577
7,3,28580
0,10,28590
7,3,28593
8,2,28595
-1,1,28596
-3,3,28599
9,1,28600
-3,3,28603
3,7,28610
7,3,28613
9,1,28614
9,1,28615
-1,1,28616
9,1,28617
8,2,28619
8,2,28621
6,4,28625
-2,2,28627
9,1,28628
-1,1,28629
8,2,28631
9,1,28632
9,1,28633
9,1,28634
9,1,28635
9,1,28636
-1,1,28637
9,1,28638
9,1,28639
-1,1,28640
9,1,28641
8,2,28643
9,1,28644
-1,1,28645
8,2,28647
8,2,28649
6,4,28653
8,2,28655
8,2,28657
9,1,28658
8,2,28660
-1,1,28661
9,1,28662
9,1,28663
9,1,28664
9,1,28665
9,1,28666
8,2,28668
9,1,28669
7,3,28672
9,1,28673
9,1,28674
9,1,28675
9,1,28676
9,1,28677
9,1,28678
9,1,28679
9,1,28680
-2,2,28682
9,1,28683
6,4,28687
9,1,28688
8,2,28690
8,2,28692
9,1,28693
6,4,28697
9,1,28698
-3,3,28701
-1,1,28702
9,1,28703
8,2,28705
-1,1,28706
9,1,28707
9,1,28708
-2,2,28710
9,1,28711
9,1,28712
9,1,28713
9,1,28714
-3,3,28717
9,1,28718
9,1,28719
9,1,28720
9,1,28721
8,2,28723
9,1,28724
7,3,28727
9,1,28728
-1,1,28729
9,1,28730
-1,1,28731
9,1,28732
9,1,28733
9,1,28734
8,2,28736
9,1,28737
9,1,28738
8,2,28740
8,2,28742
7,3,28745
9,1,28746
9,1,28747
7,3,28750
8,2,28752
9,1,28753
8,2,28755
9,1,28756
9,1,28757
9,1,28758
-1,1,28759
-1,1,28760
8,2,28762
8,2,28764
9,1,28765
8,2,28767
9,1,28768
9,1,28769
9,1,28770
8,2,28772
9,1,28773
9,1,28774
9,1,28775
9,1,28776
6,4,28780
9,1,28781
6,4,28785
9,1,28786
8,2,28788
-2,2,28790
9,1,28791
8,2,28793
9,1,28794
7,3,28797
9,1,28798
8,2,28800
9,1,28801
9,1,28802
7,3,28805
9,1,28806
8,2,28808
9,1,28809
9,1,28810
9,1,28811
9,1,28812
9,1,28813
8,2,28815
9,1,28816
8,2,28818
-1,1,28819
9,1,28820
9,1,28821
9,1,28822
-1,1,28823
8,2,28825
-1,1,28826
9,1,28827
9,1,28828
9,1,28829
8,2,28831
-1,1,28832
8,2,28834
6,4,28838
9,1,28839
7,3,28842
9,1,28843
-1,1,28844
7,3,28847
9,1,28848
-3,3,28851
9,1,28852
9,1,28853
-1,1,28854
-2,2,28856
8,2,28858
-1,1,28859
9,1,28860
-1,1,28861
9,1,28862
9,1,28863
8,2,28865
8,2,28867
9,1,28868
-3,3,28871
8,2,28873
9,1,28874
9,1,28875
-3,3,28878
9,1,28879
9,1,28880
8,2,28882
9,1,28883
-2,2,28885
9,1,28886
8,2,28888
8,2,28890
7,3,28893
9,1,28894
9,1,28895
9,1,28896
9,1,28897
9,1,28898
9,1,28899
9,1,28900
9,1,28901
-1,1,28902
9,1,28903
9,1,28904
9,1,28905
9,1,28906
9,1,28907
8,2,28909
2,8,28917
9,1,28918
7,3,28921
8,2,28923
9,1,28924
8,2,28926
9,1,28927
9,1,28928
-1,1,28929
-1,1,28930
-1,1,28931
9,1,28932
-1,1,28933
8,2,28935
6,4,28939
-1,1,28940
8,2,28942
8,2,28944
6,4,28948
9,1,28949
7,3,28952
9,1,28953
9,1,28954
9,1,28955
-1,1,28956
8,2,28958
9,1,28959
8,2,28961
9,1,28962
4,6,28968
9,1,28969
9,1,28970
8,2,28972
6,4,28976
8,2,28978
9,1,28979
9,1,28980
3,7,28987
9,1,28988
-1,1,28989
9,1,28990
9,1,28991
2,8,28999
9,1,29000
9,1,29001
9,1,29002
8,2,29004
9,1,29005
9,1,29006
-1,1,29007
7,3,29010
4,6,29016
9,1,29017
-4,4,29021
-2,2,29023
9,1,29024
9,1,29025
8,2,29027
9,1,29028
9,1,29029
8,2,29031
9,1,29032
-1,1,29033
8,2,29035
9,1,29036
9,1,29037
9,1,29038
9,1,29039
9,1,29040
9,1,29041
8,2,29043
9,1,29044
9,1,29045
7,3,29048
9,1,29049
7,3,29052
-1,1,29053
7,3,29056
8,2,29058
9,1,29059
7,3,29062
8,2,29064
-1,1,29065
8,2,29067
8,2,29069
7,3,29072
6,4,29076
9,1,29077
9,1,29078
9,1,29079
9,1,29080
-4,4,29084
9,1,29085
9,1,29086
9,1,29087
-1,1,29088
9,1,29089
9,1,29090
9,1,29091
-1,1,29092
9,1,29093
6,4,29097
9,1,29098
9,1,29099
7,3,29102
-4,4,29106
9,1,29107
7,3,29110
9,1,29111
-3,3,29114
-1,1,29115
8,2,29117
9,1,29118
9,1,29119
9,1,29120
9,1,29121
8,2,29123
9,1,29124
9,1,29125
9,1,29126
-2,2,29128
8,2,29130
-1,1,29131
-1,1,29132
9,1,29133
9,1,29134
9,1,29135
-2,2,29137
9,1,29138
9,1,29139
9,1,29140
9,1,29141
8,2,29143
9,1,29144
8,2,29146
9,1,29147
8,2,29149
9,1,29150
9,1,29151
9,1,29152
8,2,29154
9,1,29155
9,1,29156
8,2,29158
8,2,29160
-2,2,29162
9,1,29163
8,2,29165
9,1,29166
9,1,29167
9,1,29168
9,1,29169
-1,1,29170
9,1,29171
9,1,29172
7,3,29175
9,1,29176
9,1,29177
-1,1,29178
9,1,29179
9,1,29180
9,1,29181
-1,1,29182
8,2,29184
9,1,29185
9,1,29186
8,2,29188
8,2,29190
9,1,29191
7,3,29194
-2,2,29196
7,3,29199
9,1,29200
8,2,29202
-1,1,29203
9,1,29204
9,1,29205
9,1,29206
9,1,29207
9,1,29208
8,2,29210
9,1,29211
9,1,29212
-2,2,29214
8,2,29216
8,2,29218
9,1,29219
9,1,29220
9,1,29221
9,1,29222
-2,12,29234
7,3,29237
9,1,29238
9,1,29239
9,1,29240
9,1,29241
9,1,29242
9,1,29243
9,1,29244
9,1,29245
7,3,29248
9,1,29249
9,1,29250
7,3,29253
9,1,29254
8,2,29256
9,1,29257
-4,4,29261
9,1,29262
7,3,29265
9,1,29266
9,1,29267
6,4,29271
8,2,29273
8,2,29275
0,10,29285
-1,1,29286
9,1,29287
9,1,29288
5,5,29293
9,1,29294
-1,1,29295
9,1,29296
8,2,29298
9,1,29299
-1,1,29300
9,1,29301
8,2,29303
8,2,29305
9,1,29306
9,1,29307
9,1,29308
8,2,29310
9,1,29311
9,1,29312
9,1,29313
5,5,29318
9,1,29319
9,1,29320
6,4,29324
9,1,29325
8,2,29327
9,1,29328
8,2,29330
8,2,29332
8,2,29334
-2,2,29336
6,4,29340
9,1,29341
8,2,29343
9,1,29344
9,1,29345
8,2,29347
-1,1,29348
-1,1,29349
-3,3,29352
9,1,29353
8,2,29355
8,2,29357
9,1,29358
8,2,29360
9,1,29361
-2,2,29363
8,2,29365
9,1,29366
8,2,29368
-1,1,29369
8,2,29371
9,1,29372
9,1,29373
-1,1,29374
-6,6,29380
9,1,29381
9,1,29382
-1,1,29383
9,1,29384
9,1,29385
5,5,29390
8,2,29392
9,1,29393
9,1,29394
9,1,29395
-1,1,29396
7,3,29399
8,2,29401
9,1,29402
9,1,29403
9,1,29404
9,1,29405
5,5,29410
-1,1,29411
9,1,29412
-1,1,29413
9,1,29414
9,1,29415
9,1,29416
8,2,29418
9,1,29419
9,1,29420
8,2,29422
8,2,29424
9,1,29425
-1,1,29426
-1,1,29427
9,1,29428
8,2,29430
9,1,29431
9,1,29432
7,3,29435
8,2,29437
9,1,29438
9,1,29439
-2,2,29441
8,2,29443
7,3,29446
8,2,29448
9,1,29449
8,2,29451
7,3,29454
-1,1,29455
9,1,29456
-1,1,29457
8,2,29459
8,2,29461
-2,2,29463
8,2,29465
8,2,29467
-9,9,29476
9,1,29477
8,2,29479
9,1,29480
9,1,29481
9,1,29482
9,1,29483
-1,1,29484
9,1,29485
-1,1,29486
9,1,29487
4,6,29493
9,1,29494
-1,1,29495
8,2,29497
9,1,29498
8,2,29500
9,1,29501
9,1,29502
9,1,29503
8,2,29505
9,1,29506
-2,2,29508
9,1,29509
9,1,29510
9,1,29511
-1,1,29512
8,2,29514
9,1,29515
9,1,29516
7,3,29519
9,1,29520
8,2,29522
7,3,29525
-2,2,29527
9,1,29528
9,1,29529
9,1,29530
9,1,29531
9,1,29532
9,1,29533
9,1,29534
9,1,29535
-1,1,29536
9,1,29537
7,3,29540
7,3,29543
9,1,29544
1,9,29553
-1,1,29554
8,2,29556
-1,1,29557
-1,1,29558
9,1,29559
9,1,29560
9,1,29561
9,1,29562
9,1,29563
9,1,29564
9,1,29565
6,4,29569
8,2,29571
7,3,29574
8,2,29576
9,1,29577
8,2,29579
9,1,29580
9,1,29581
9,1,29582
-1,1,29583
9,1,29584
9,1,29585
-1,1,29586
9,1,29587
9,1,29588
8,2,29590
9,1,29591
8,2,29593
8,2,29595
9,1,29596
9,1,29597
7,3,29600
9,1,29601
8,2,29603
9,1,29604
9,1,29605
8,2,29607
6,4,29611
8,2,29613
-1,1,29614
9,1,29615
8,2,29617
8,2,29619
-1,1,29620
8,2,29622
9,1,29623
9,1,29624
9,1,29625
9,1,29626
8,2,29628
9,1,29629
7,3,29632
9,1,29633
-1,1,29634
9,1,29635
9,1,29636
8,2,29638
8,2,29640
-1,1,29641
9,1,29642
9,1,29643
-1,1,29644
9,1,29645
9,1,29646
8,2,29648
8,2,29650
-2,2,29652
9,1,29653
9,1,29654
9,1,29655
-1,1,29656
9,1,29657
9,1,29658
8,2,29660
-1,1,29661
-1,1,29662
9,1,29663
9,1,29664
8,2,29666
8,2,29668
-1,1,29669
8,2,29671
-1,1,29672
9,1,29673
9,1,29674
8,2,29676
9,1,29677
7,3,29680
-2,2,29682
8,2,29684
8,2,29686
9,1,29687
9,1,29688
9,1,29689
9,1,29690
9,1,29691
-1,1,29692
9,1,29693
-1,1,29694
-1,1,29695
9,1,29696
8,2,29698
9,1,29699
9,1,29700
7,3,29703
-1,1,29704
9,1,29705
7,3,29708
6,4,29712
9,1,29713
9,1,29714
-1,1,29715
9,1,29716
8,2,29718
9,1,29719
9,1,29720
9,1,29721
9,1,29722
8,2,29724
8,2,29726
9,1,29727
9,1,29728
-4,4,29732
9,1,29733
-1,1,29734
9,1,29735
7,3,29738
-1,1,29739
-2,2,29741
9,1,29742
9,1,29743
9,1,29744
9,1,29745
8,2,29747
9,1,29748
9,1,29749
9,1,29750
9,1,29751
7,3,29754
9,1,29755
9,1,29756
9,1,29757
8,2,29759
9,1,29760
-1,1,29761
8,2,29763
9,1,29764
9,1,29765
9,1,29766
9,1,29767
8,2,29769
9,1,29770
9,1,29771
6,4,29775
9,1,29776
6,4,29780
9,1,29781
9,1,29782
8,2,29784
9,1,29785
8,2,29787
8,2,29789
9,1,29790
9,1,29791
8,2,29793
9,1,29794
9,1,29795
8,2,29797
8,2,29799
9,1,29800
9,1,29801
7,3,29804
6,4,29808
-9,9,29817
9,1,29818
-1,1,29819
9,1,29820
8,2,29822
9,1,29823
9,1,29824
9,1,29825
8,2,29827
8,2,29829
9,1,29830
4,6,29836
9,1,29837
9,1,29838
6,4,29842
9,1,29843
8,2,29845
7,3,29848
9,1,29849
8,2,29851
9,1,29852
6,4,29856
9,1,29857
9,1,29858
-1,1,29859
5,5,29864
9,1,29865
9,1,29866
9,1,29867
9,1,29868
9,1,29869
-1,1,29870
8,2,29872
9,1,29873
9,1,29874
6,4,29878
8,2,29880
9,1,29881
9,1,29882
-1,1,29883
9,1,29884
8,2,29886
-1,1,29887
9,1,29888
7,3,29891
9,1,29892
9,1,29893
6,4,29897
8,2,29899
9,1,29900
-1,1,29901
9,1,29902
-1,1,29903
9,1,29904
9,1,29905
-1,1,29906
8,2,29908
9,1,29909
9,1,29910
9,1,29911
9,1,29912
-1,1,29913
-1,1,29914
9,1,29915
-1,1,29916
-1,1,29917
7,3,29920
-1,1,29921
9,1,29922
8,2,29924
7,3,29927
7,3,29930
6,4,29934
8,2,29936
9,1,29937
9,1,29938
9,1,29939
9,1,29940
9,1,29941
7,3,29944
9,1,29945
-1,1,29946
9,1,29947
8,2,29949
8,2,29951
-1,1,29952
9,1,29953
9,1,29954
9,1,29955
-1,1,29956
7,3,29959
4,6,29965
9,1,29966
4,6,29972
9,1,29973
4,6,29979
8,2,29981
9,1,29982
9,1,29983
-1,1,29984
9,1,29985
-1,1,29986
9,1,29987
9,1,29988
9,1,29989
-1,1,29990
-3,3,29993
9,1,29994
9,1,29995
9,1,29996
8,2,29998
9,1,29999
-1,1,30000
9,1,30001
9,1,30002
6,4,30006
-1,1,30007
9,1,30008
8,2,30010
9,1,30011
9,1,30012
9,1,30013
8,2,30015
9,1,30016
-2,2,30018
4,6,30024
7,3,30027
9,1,30028
9,1,30029
8,2,30031
9,1,30032
9,1,30033
8,2,30035
9,1,30036
9,1,30037
3,7,30044
8,2,30046
9,1,30047
-1,1,30048
9,1,30049
-1,1,30050
8,2,30052
9,1,30053
2,8,30061
9,1,30062
9,1,30063
9,1,30064
6,4,30068
-3,13,30081
9,1,30082
9,1,30083
-1,1,30084
7,3,30087
8,2,30089
8,2,30091
9,1,30092
9,1,30093
8,2,30095
9,1,30096
9,1,30097
9,1,30098
8,2,30100
8,2,30102
9,1,30103
9,1,30104
9,1,30105
9,1,30106
9,1,30107
8,2,30109
9,1,30110
-1,1,30111
7,3,30114
9,1,30115
9,1,30116
9,1,30117
8,2,30119
9,1,30120
9,1,30121
8,2,30123
9,1,30124
9,1,30125
6,4,30129
-1,1,30130
9,1,30131
-1,1,30132
9,1,30133
6,4,30137
8,2,30139
9,1,30140
-1,1,30141
8,2,30143
9,1,30144
9,1,30145
-1,1,30146
9,1,30147
9,1,30148
9,1,30149
9,1,30150
-1,1,30151
-2,2,30153
-1,1,30154
7,3,30157
8,2,30159
9,1,30160
9,1,30161
9,1,30162
9,1,30163
9,1,30164
9,1,30165
9,1,30166
-1,1,30167
7,3,30170
7,3,30173
8,2,30175
9,1,30176
-5,5,30181
9,1,30182
8,2,30184
9,1,30185
9,1,30186
7,3,30189
9,1,30190
8,2,30192
9,1,30193
-1,1,30194
9,1,30195
8,2,30197
9,1,30198
9,1,30199
9,1,30200
9,1,30201
7,3,30204
9,1,30205
5,5,30210
9,1,30211
9,1,30212
9,1,30213
9,1,30214
-5,5,30219
7,3,30222
-3,3,30225
9,1,30226
9,1,30227
9,1,30228
9,1,30229
8,2,30231
7,3,30234
-2,2,30236
9,1,30237
9,1,30238
7,3,30241
9,1,30242
7,3,30245
9,1,30246
8,2,30248
7,3,30251
9,1,30252
9,1,30253
8,2,30255
9,1,30256
8,2,30258
9,1,30259
9,1,30260
8,2,30262
9,1,30263
9,1,30264
9,1,30265
-1,1,30266
7,3,30269
9,1,30270
9,1,30271
-1,1,30272
-1,1,30273
7,3,30276
7,3,30279
8,2,30281
9,1,30282
8,2,30284
7,3,30287
7,3,30290
9,1,30291
-2,2,30293
-1,1,30294
9,1,30295
9,1,30296
9,1,30297
9,1,30298
9,1,30299
9,1,30300
-1,1,30301
9,1,30302
9,1,30303
8,2,30305
8,2,30307
9,1,30308
9,1,30309
8,2,30311
7,3,30314
9,1,30315
7,3,30318
9,1,30319
9,1,30320
8,2,30322
9,1,30323
-2,2,30325
8,2,30327
-1,1,30328
8,2,30330
9,1,30331
9,1,30332
6,4,30336
9,1,30337
-1,1,30338
8,2,30340
9,1,30341
9,1,30342
8,2,30344
9,1,30345
7,3,30348
9,1,30349
6,4,30353
8,2,30355
9,1,30356
-2,2,30358
8,2,30360
9,1,30361
2,8,30369
3,7,30376
9,1,30377
8,2,30379
9,1,30380
8,2,30382
9,1,30383
-1,1,30384
-2,2,30386
9,1,30387
8,2,30389
9,1,30390
8,2,30392
7,3,30395
8,2,30397
9,1,30398
7,3,30401
9,1,30402
9,1,30403
-1,1,30404
-1,1,30405
8,2,30407
9,1,30408
9,1,30409
-1,1,30410
-4,4,30414
1,9,30423
8,2,30425
8,2,30427
-1,1,30428
9,1,30429
7,3,30432
2,8,30440
9,1,30441
9,1,30442
8,2,30444
8,2,30446
8,2,30448
-2,2,30450
9,1,30451
8,2,30453
9,1,30454
9,1,30455
9,1,30456
9,1,30457
9,1,30458
9,1,30459
-1,1,30460
9,1,30461
9,1,30462
8,2,30464
9,1,30465
-1,1,30466
9,1,30467
9,1,30468
8,2,30470
9,1,30471
9,1,30472
9,1,30473
9,1,30474
9,1,30475
8,2,30477
-1,1,30478
8,2,30480
-1,1,30481
8,2,30483
9,1,30484
9,1,30485
-1,1,30486
-1,1,30487
9,1,30488
9,1,30489
9,1,30490
9,1,30491
7,3,30494
7,3,30497
8,2,30499
9,1,30500
7,3,30503
9,1,30504
9,1,30505
8,2,30507
7,3,30510
-1,1,30511
-1,1,30512
9,1,30513
-1,1,30514
9,1,30515
7,3,30518
9,1,30519
9,1,30520
-2,2,30522
9,1,30523
6,4,30527
9,1,30528
9,1,30529
8,2,30531
9,1,30532
9,1,30533
9,1,30534
-1,1,30535
5,5,30540
9,1,30541
9,1,30542
8,2,30544
-2,2,30546
-1,1,30547
6,4,30551
6,4,30555
6,4,30559
9,1,30560
8,2,30562
-1,1,30563
9,1,30564
6,4,30568
9,1,30569
9,1,30570
9,1,30571
9,1,30572
-1,1,30573
9,1,30574
9,1,30575
9,1,30576
9,1,30577
9,1,30578
5,5,30583
9,1,30584
9,1,30585
6,4,30589
9,1,30590
9,1,30591
9,1,30592
9,1,30593
9,1,30594
-2,2,30596
9,1,30597
9,1,30598
-1,1,30599
9,1,30600
7,3,30603
8,2,30605
8,2,30607
9,1,30608
9,1,30609
9,1,30610
9,1,30611
9,1,30612
-1,1,30613
8,2,30615
9,1,30616
8,2,30618
9,1,30619
9,1,30620
9,1,30621
-1,1,30622
9,1,30623
9,1,30624
7,3,30627
8,2,30629
9,1,30630
-2,2,30632
-1,1,30633
7,3,30636
9,1,30637
9,1,30638
9,1,30639
9,1,30640
7,3,30643
9,1,30644
9,1,30645
5,5,30650
8,2,30652
8,2,30654
8,2,30656
8,2,30658
7,3,30661
-1,1,30662
9,1,30663
9,1,30664
5,5,30669
9,1,30670
9,1,30671
9,1,30672
-1,1,30673
9,1,30674
9,1,30675
9,1,30676
9,1,30677
9,1,30678
9,1,30679
9,1,30680
9,1,30681
9,1,30682
6,4,30686
9,1,30687
9,1,30688
-2,2,30690
8,2,30692
9,1,30693
8,2,30695
9,1,30696
9,1,30697
9,1,30698
9,1,30699
9,1,30700
9,1,30701
8,2,30703
6,4,30707
9,1,30708
8,2,30710
9,1,30711
-1,1,30712
9,1,30713
3,7,30720
7,3,30723
9,1,30724
9,1,30725
-1,1,30726
8,2,30728
9,1,30729
8,2,30731
9,1,30732
9,1,30733
9,1,30734
9,1,30735
4,6,30741
3,7,30748
9,1,30749
8,2,30751
8,2,30753
-1,1,30754
9,1,30755
9,1,30756
9,1,30757
9,1,30758
9,1,30759
9,1,30760
-3,13,30773
8,2,30775
9,1,30776
8,2,30778
9,1,30779
9,1,30780
9,1,30781
9,1,30782
-1,1,30783
8,2,30785
-2,2,30787
9,1,30788
9,1,30789
9,1,30790
7,3,30793
9,1,30794
9,1,30795
8,2,30797
8,2,30799
-2,2,30801
9,1,30802
-1,1,30803
8,2,30805
9,1,30806
-1,1,30807
9,1,30808
9,1,30809
9,1,30810
9,1,30811
9,1,30812
9,1,30813
9,1,30814
8,2,30816
-1,1,30817
9,1,30818
9,1,30819
9,1,30820
9,1,30821
9,1,30822
8,2,30824
9,1,30825
8,2,30827
8,2,30829
9,1,30830
6,4,30834
9,1,30835
7,3,30838
7,3,30841
8,2,30843
9,1,30844
8,2,30846
8,2,30848
8,2,30850
9,1,30851
5,5,30856
-1,1,30857
9,1,30858
9,1,30859
9,1,30860
8,2,30862
-1,1,30863
5,5,30868
6,4,30872
5,5,30877
-1,1,30878
-1,1,30879
7,3,30882
8,2,30884
9,1,30885
7,3,30888
9,1,30889
9,1,30890
9,1,30891
7,3,30894
-2,2,30896
9,1,30897
9,1,30898
9,1,30899
9,1,30900
9,1,30901
8,2,30903
9,1,30904
8,2,30906
5,5,30911
9,1,30912
9,1,30913
-1,1,30914
8,2,30916
-1,1,30917
9,1,30918
-1,1,30919
-1,1,30920
-4,4,30924
9,1,30925
9,1,30926
7,3,30929
-1,1,30930
8,2,30932
8,2,30934
9,1,30935
8,2,30937
8,2,30939
9,1,30940
-1,1,30941
9,1,30942
9,1,30943
7,3,30946
9,1,30947
8,2,30949
9,1,30950
9,1,30951
9,1,30952
-1,1,30953
-2,2,30955
9,1,30956
9,1,30957
9,1,30958
5,5,30963
7,3,30966
9,1,30967
9,1,30968
9,1,30969
8,2,30971
9,1,30972
9,1,30973
-1,1,30974
9,1,30975
9,1,30976
9,1,30977
9,1,30978
8,2,30980
9,1,30981
8,2,30983
8,2,30985
7,3,30988
6,4,30992
9,1,30993
-1,1,30994
9,1,30995
9,1,30996
9,1,30997
9,1,30998
9,1,30999
9,1,31000
9,1,31001
-1,1,31002
9,1,31003
9,1,31004
-1,1,31005
-1,1,31006
7,3,31009
8,2,31011
-1,1,31012
7,3,31015
9,1,31016
8,2,31018
9,1,31019
-1,1,31020
9,1,31021
9,1,31022
9,1,31023
9,1,31024
6,4,31028
9,1,31029
9,1,31030
9,1,31031
9,1,31032
9,1,31033
-2,2,31035
8,2,31037
-1,1,31038
8,2,31040
7,3,31043
9,1,31044
-1,1,31045
8,2,31047
9,1,31048
9,1,31049
9,1,31050
9,1,31051
9,1,31052
9,1,31053
7,3,31056
8,2,31058
9,1,31059
9,1,31060
-1,1,31061
9,1,31062
9,1,31063
8,2,31065
9,1,31066
-1,1,31067
9,1,31068
6,4,31072
9,1,31073
9,1,31074
9,1,31075
9,1,31076
-4,4,31080
8,2,31082
9,1,31083
9,1,31084
9,1,31085
9,1,31086
7,3,31089
8,2,31091
9,1,31092
-1,1,31093
9,1,31094
9,1,31095
9,1,31096
8,2,31098
9,1,31099
8,2,31101
-1,1,31102
9,1,31103
8,2,31105
9,1,31106
7,3,31109
9,1,31110
8,2,31112
9,1,31113
8,2,31115
8,2,31117
8,2,31119
8,2,31121
9,1,31122
9,1,31123
9,1,31124
-1,1,31125
9,1,31126
8,2,31128
9,1,31129
9,1,31130
9,1,31131
-2,2,31133
7,3,31136
8,2,31138
9,1,31139
-1,1,31140
3,7,31147
9,1,31148
9,1,31149
9,1,31150
9,1,31151
-1,1,31152
-1,1,31153
9,1,31154
8,2,31156
9,1,31157
9,1,31158
7,3,31161
8,2,31163
7,3,31166
9,1,31167
8,2,31169
8,2,31171
8,2,31173
9,1,31174
9,1,31175
-1,1,31176
8,2,31178
-1,1,31179
7,3,31182
9,1,31183
-1,1,31184
8,2,31186
-1,1,31187
8,2,31189
9,1,31190
-2,2,31192
7,3,31195
-1,1,31196
8,2,31198
-1,1,31199
8,2,31201
-1,1,31202
9,1,31203
9,1,31204
9,1,31205
9,1,31206
9,1,31207
9,1,31208
9,1,31209
9,1,31210
-1,1,31211
9,1,31212
9,1,31213
8,2,31215
7,3,31218
9,1,31219
-1,1,31220
5,5,31225
5,5,31230
9,1,31231
9,1,31232
9,1,31233
9,1,31234
6,4,31238
7,3,31241
9,1,31242
9,1,31243
9,1,31244
9,1,31245
9,1,31246
9,1,31247
-1,1,31248
7,3,31251
9,1,31252
9,1,31253
9,1,31254
9,1,31255
9,1,31256
7,3,31259
8,2,31261
9,1,31262
9,1,31263
8,2,31265
9,1,31266
8,2,31268
9,1,31269
-1,1,31270
-1,1,31271
9,1,31272
-1,1,31273
8,2,31275
9,1,31276
8,2,31278
9,1,31279
9,1,31280
9,1,31281
-1,1,31282
9,1,31283
8,2,31285
-1,1,31286
9,1,31287
5,5,31292
9,1,31293
9,1,31294
8,2,31296
9,1,31297
9,1,31298
9,1,31299
9,1,31300
-1,1,31301
9,1,31302
-1,1,31303
-2,2,31305
-2,2,31307
9,1,31308
6,4,31312
8,2,31314
9,1,31315
-1,1,31316
9,1,31317
9,1,31318
9,1,31319
9,1,31320
8,2,31322
8,2,31324
9,1,31325
9,1,31326
-1,1,31327
9,1,31328
-1,1,31329
9,1,31330
9,1,31331
9,1,31332
9,1,31333
9,1,31334
9,1,31335
9,1,31336
8,2,31338
-1,1,31339
7,3,31342
9,1,31343
9,1,31344
9,1,31345
9,1,31346
9,1,31347
9,1,31348
7,3,31351
9,1,31352
9,1,31353
9,1,31354
9,1,31355
9,1,31356
9,1,31357
9,1,31358
9,1,31359
9,1,31360
9,1,31361
9,1,31362
9,1,31363
8,2,31365
9,1,31366
-2,2,31368
9,1,31369
9,1,31370
9,1,31371
8,2,31373
9,1,31374
-1,1,31375
9,1,31376
6,4,31380
9,1,31381
9,1,31382
9,1,31383
-1,1,31384
9,1,31385
5,5,31390
8,2,31392
9,1,31393
8,2,31395
9,1,31396
9,1,31397
7,3,31400
-1,1,31401
8,2,31403
9,1,31404
-9,9,31413
9,1,31414
-1,1,31415
8,2,31417
9,1,31418
-1,1,31419
9,1,31420
9,1,31421
9,1,31422
-2,2,31424
5,5,31429
8,2,31431
9,1,31432
9,1,31433
9,1,31434
8,2,31436
-2,2,31438
-4,4,31442
9,1,31443
9,1,31444
7,3,31447
9,1,31448
9,1,31449
-2,2,31451
-1,1,31452
9,1,31453
9,1,31454
-1,1,31455
-1,1,31456
7,3,31459
9,1,31460
9,1,31461
9,1,31462
9,1,31463
9,1,31464
8,2,31466
9,1,31467
8,2,31469
9,1,31470
9,1,31471
9,1,31472
9,1,31473
9,1,31474
9,1,31475
9,1,31476
-1,1,31477
9,1,31478
9,1,31479
9,1,31480
8,2,31482
-7,7,31489
9,1,31490
9,1,31491
9,1,31492
8,2,31494
7,3,31497
8,2,31499
9,1,31500
9,1,31501
9,1,31502
8,2,31504
9,1,31505
5,5,31510
-2,2,31512
9,1,31513
8,2,31515
9,1,31516
8,2,31518
9,1,31519
9,1,31520
6,4,31524
8,2,31526
9,1,31527
8,2,31529
9,1,31530
-1,1,31531
8,2,31533
7,3,31536
9,1,31537
7,3,31540
8,2,31542
9,1,31543
-1,1,31544
9,1,31545
8,2,31547
9,1,31548
9,1,31549
9,1,31550
8,2,31552
9,1,31553
-1,1,31554
-3,3,31557
8,2,31559
7,3,31562
9,1,31563
8,2,31565
9,1,31566
9,1,31567
9,1,31568
9,1,31569
9,1,31570
8,2,31572
-1,1,31573
9,1,31574
8,2,31576
9,1,31577
7,3,31580
9,1,31581
9,1,31582
9,1,31583
9,1,31584
-1,1,31585
-1,1,31586
9,1,31587
9,1,31588
9,1,31589
-1,1,31590
9,1,31591
9,1,31592
-1,1,31593
9,1,31594
7,3,31597
8,2,31599
7,3,31602
8,2,31604
9,1,31605
9,1,31606
9,1,31607
9,1,31608
9,1,31609
5,5,31614
-1,1,31615
-2,2,31617
9,1,31618
7,3,31621
7,3,31624
9,1,31625
8,2,31627
8,2,31629
9,1,31630
9,1,31631
8,2,31633
9,1,31634
7,3,31637
9,1,31638
9,1,31639
8,2,31641
9,1,31642
9,1,31643
9,1,31644
8,2,31646
6,4,31650
9,1,31651
9,1,31652
8,2,31654
9,1,31655
8,2,31657
9,1,31658
9,1,31659
8,2,31661
9,1,31662
9,1,31663
9,1,31664
9,1,31665
9,1,31666
9,1,31667
8,2,31669
9,1,31670
9,1,31671
9,1,31672
-1,1,31673
9,1,31674
9,1,31675
7,3,31678
9,1,31679
8,2,31681
-1,1,31682
9,1,31683
9,1,31684
8,2,31686
9,1,31687
9,1,31688
9,1,31689
9,1,31690
-1,1,31691
8,2,31693
8,2,31695
9,1,31696
9,1,31697
9,1,31698
9,1,31699
7,3,31702
9,1,31703
7,3,31706
9,1,31707
9,1,31708
9,1,31709
9,1,31710
4,6,31716
9,1,31717
9,1,31718
9,1,31719
9,1,31720
9,1,31721
9,1,31722
9,1,31723
8,2,31725
8,2,31727
9,1,31728
7,3,31731
-5,5,31736
9,1,31737
9,1,31738
9,1,31739
9,1,31740
-1,1,31741
9,1,31742
9,1,31743
9,1,31744
8,2,31746
8,2,31748
9,1,31749
9,1,31750
7,3,31753
9,1,31754
8,2,31756
9,1,31757
9,1,31758
9,1,31759
6,4,31763
9,1,31764
-2,2,31766
9,1,31767
9,1,31768
9,1,31769
-1,1,31770
9,1,31771
9,1,31772
8,2,31774
9,1,31775
9,1,31776
8,2,31778
9,1,31779
9,1,31780
7,3,31783
9,1,31784
9,1,31785
9,1,31786
9,1,31787
9,1,31788
9,1,31789
8,2,31791
8,2,31793
9,1,31794
9,1,31795
9,1,31796
9,1,31797
9,1,31798
8,2,31800
9,1,31801
9,1,31802
9,1,31803
8,2,31805
9,1,31806
8,2,31808
6,4,31812
9,1,31813
8,2,31815
-1,1,31816
9,1,31817
9,1,31818
6,4,31822
9,1,31823
8,2,31825
9,1,31826
9,1,31827
8,2,31829
9,1,31830
9,1,31831
9,1,31832
9,1,31833
8,2,31835
-1,1,31836
9,1,31837
8,2,31839
-4,4,31843
9,1,31844
8,2,31846
8,2,31848
8,2,31850
9,1,31851
9,1,31852
9,1,31853
8,2,31855
9,1,31856
8,2,31858
9,1,31859
9,1,31860
8,2,31862
9,1,31863
9,1,31864
9,1,31865
8,2,31867
4,6,31873
9,1,31874
7,3,31877
8,2,31879
9,1,31880
-1,1,31881
6,4,31885
9,1,31886
9,1,31887
7,3,31890
-1,1,31891
9,1,31892
9,1,31893
7,3,31896
9,1,31897
9,1,31898
7,3,31901
-1,1,31902
9,1,31903
9,1,31904
9,1,31905
9,1,31906
9,1,31907
9,1,31908
8,2,31910
9,1,31911
-1,1,31912
9,1,31913
9,1,31914
9,1,31915
8,2,31917
9,1,31918
9,1,31919
7,3,31922
9,1,31923
8,2,31925
7,3,31928
9,1,31929
8,2,31931
9,1,31932
9,1,31933
9,1,31934
9,1,31935
8,2,31937
9,1,31938
7,3,31941
-1,1,31942
9,1,31943
8,2,31945
9,1,31946
9,1,31947
9,1,31948
9,1,31949
9,1,31950
9,1,31951
8,2,31953
9,1,31954
8,2,31956
8,2,31958
9,1,31959
9,1,31960
9,1,31961
9,1,31962
9,1,31963
9,1,31964
-1,1,31965
7,3,31968
7,3,31971
9,1,31972
9,1,31973
9,1,31974
9,1,31975
-1,1,31976
8,2,31978
5,5,31983
7,3,31986
9,1,31987
9,1,31988
9,1,31989
9,1,31990
9,1,31991
8,2,31993
9,1,31994
9,1,31995
-1,1,31996
-1,1,31997
7,3,32000
9,1,32001
8,2,32003
9,1,32004
9,1,32005
-1,1,32006
9,1,32007
9,1,32008
9,1,32009
9,1,32010
-1,1,32011
9,1,32012
9,1,32013
9,1,32014
9,1,32015
8,2,32017
9,1,32018
9,1,32019
-1,1,32020
9,1,32021
5,5,32026
9,1,32027
9,1,32028
-3,3,32031
9,1,32032
9,1,32033
-1,1,32034
-1,1,32035
7,3,32038
6,4,32042
9,1,32043
9,1,32044
6,4,32048
8,2,32050
-2,2,32052
9,1,32053
7,3,32056
9,1,32057
9,1,32058
-6,6,32064
9,1,32065
-1,1,32066
-1,1,32067
9,1,32068
9,1,32069
9,1,32070
9,1,32071
9,1,32072
-1,1,32073
9,1,32074
6,4,32078
8,2,32080
9,1,32081
8,2,32083
9,1,32084
9,1,32085
9,1,32086
7,3,32089
-3,3,32092
9,1,32093
9,1,32094
8,2,32096
8,2,32098
9,1,32099
9,1,32100
8,2,32102
-1,1,32103
9,1,32104
9,1,32105
9,1,32106
9,1,32107
-1,1,32108
9,1,32109
9,1,32110
-3,3,32113
8,2,32115
-2,2,32117
9,1,32118
9,1,32119
-1,1,32120
8,2,32122
9,1,32123
9,1,32124
7,3,32127
8,2,32129
9,1,32130
9,1,32131
9,1,32132
8,2,32134
-1,1,32135
8,2,32137
-1,1,32138
8,2,32140
-1,1,32141
8,2,32143
9,1,32144
8,2,32146
9,1,32147
9,1,32148
9,1,32149
9,1,32150
8,2,32152
9,1,32153
9,1,32154
9,1,32155
9,1,32156
9,1,32157
9,1,32158
9,1,32159
-1,1,32160
-1,1,32161
9,1,32162
9,1,32163
-1,1,32164
9,1,32165
-3,3,32168
4,6,32174
9,1,32175
6,4,32179
-2,2,32181
9,1,32182
-1,1,32183
9,1,32184
7,3,32187
7,3,32190
8,2,32192
9,1,32193
9,1,32194
8,2,32196
8,2,32198
9,1,32199
9,1,32200
9,1,32201
-2,2,32203
9,1,32204
9,1,32205
9,1,32206
9,1,32207
9,1,32208
9,1,32209
9,1,32210
8,2,32212
9,1,32213
7,3,32216
9,1,32217
7,3,32220
8,2,32222
8,2,32224
8,2,32226
9,1,32227
8,2,32229
9,1,32230
9,1,32231
7,3,32234
6,4,32238
8,2,32240
8,2,32242
8,2,32244
7,3,32247
-1,1,32248
9,1,32249
9,1,32250
6,4,32254
8,2,32256
9,1,32257
9,1,32258
9,1,32259
8,2,32261
3,7,32268
8,2,32270
8,2,32272
8,2,32274
9,1,32275
9,1,32276
7,3,32279
9,1,32280
9,1,32281
9,1,32282
9,1,32283
9,1,32284
6,4,32288
6,4,32292
8,2,32294
-1,1,32295
9,1,32296
9,1,32297
8,2,32299
7,3,32302
-2,2,32304
8,2,32306
-1,1,32307
-1,1,32308
8,2,32310
-2,2,32312
8,2,32314
9,1,32315
9,1,32316
9,1,32317
-1,1,32318
-20,20,32338
8,2,32340
8,2,32342
9,1,32343
-1,1,32344
9,1,32345
9,1,32346
9,1,32347
9,1,32348
9,1,32349
9,1,32350
9,1,32351
9,1,32352
9,1,32353
-2,2,32355
9,1,32356
9,1,32357
9,1,32358
9,1,32359
6,4,32363
6,4,32367
9,1,32368
8,2,32370
-3,3,32373
9,1,32374
9,1,32375
9,1,32376
9,1,32377
8,2,32379
8,2,32381
9,1,32382
9,1,32383
9,1,32384
7,3,32387
7,3,32390
8,2,32392
9,1,32393
9,1,32394
-1,1,32395
9,1,32396
9,1,32397
-1,1,32398
9,1,32399
7,3,32402
8,2,32404
9,1,32405
9,1,32406
9,1,32407
8,2,32409
-1,1,32410
8,2,32412
9,1,32413
9,1,32414
9,1,32415
9,1,32416
6,4,32420
7,3,32423
7,3,32426
6,4,32430
9,1,32431
7,3,32434
9,1,32435
9,1,32436
9,1,32437
9,1,32438
9,1,32439
-1,1,32440
4,6,32446
9,1,32447
-2,2,32449
9,1,32450
9,1,32451
-1,1,32452
8,2,32454
8,2,32456
8,2,32458
8,2,32460
9,1,32461
8,2,32463
5,5,32468
9,1,32469
9,1,32470
9,1,32471
9,1,32472
-1,1,32473
8,2,32475
9,1,32476
8,2,32478
-1,1,32479
9,1,32480
-1,1,32481
9,1,32482
-1,1,32483
9,1,32484
8,2,32486
8,2,32488
8,2,32490
-1,1,32491
9,1,32492
9,1,32493
-1,1,32494
9,1,32495
9,1,32496
9,1,32497
9,1,32498
9,1,32499
9,1,32500
9,1,32501
-1,1,32502
9,1,32503
9,1,32504
9,1,32505
9,1,32506
9,1,32507
9,1,32508
8,2,32510
8,2,32512
-1,1,32513
7,3,32516
9,1,32517
9,1,32518
9,1,32519
9,1,32520
9,1,32521
9,1,32522
8,2,32524
9,1,32525
9,1,32526
9,1,32527
9,1,32528
9,1,32529
9,1,32530
9,1,32531
9,1,32532
9,1,32533
8,2,32535
7,3,32538
8,2,32540
9,1,32541
9,1,32542
9,1,32543
8,2,32545
9,1,32546
9,1,32547
9,1,32548
-1,1,32549
9,1,32550
8,2,32552
-1,1,32553
9,1,32554
9,1,32555
7,3,32558
9,1,32559
9,1,32560
9,1,32561
9,1,32562
9,1,32563
9,1,32564
9,1,32565
9,1,32566
-1,1,32567
9,1,32568
9,1,32569
9,1,32570
9,1,32571
-1,1,32572
9,1,32573
9,1,32574
8,2,32576
9,1,32577
9,1,32578
-1,1,32579
9,1,32580
9,1,32581
9,1,32582
9,1,32583
9,1,32584
8,2,32586
9,1,32587
9,1,32588
6,4,32592
9,1,32593
9,1,32594
9,1,32595
9,1,32596
8,2,32598
8,2,32600
9,1,32601
9,1,32602
-1,1,32603
9,1,32604
-1,1,32605
8,2,32607
8,2,32609
9,1,32610
9,1,32611
7,3,32614
-2,2,32616
9,1,32617
-1,1,32618
9,1,32619
9,1,32620
9,1,32621
9,1,32622
8,2,32624
9,1,32625
9,1,32626
9,1,32627
-1,1,32628
9,1,32629
-1,1,32630
9,1,32631
9,1,32632
-2,2,32634
7,3,32637
8,2,32639
8,2,32641
9,1,32642
9,1,32643
8,2,32645
7,3,32648
6,4,32652
9,1,32653
9,1,32654
8,2,32656
7,3,32659
8,2,32661
9,1,32662
9,1,32663
7,3,32666
9,1,32667
8,2,32669
-1,1,32670
9,1,32671
9,1,32672
9,1,32673
8,2,32675
8,2,32677
-1,1,32678
8,2,32680
8,2,32682
9,1,32683
9,1,32684
9,1,32685
9,1,32686
9,1,32687
9,1,32688
9,1,32689
9,1,32690
9,1,32691
9,1,32692
9,1,32693
9,1,32694
6,4,32698
-1,1,32699
9,1,32700
9,1,32701
9,1,32702
8,2,32704
9,1,32705
6,4,32709
9,1,32710
-1,1,32711
9,1,32712
9,1,32713
9,1,32714
9,1,32715
-1,1,32716
9,1,32717
9,1,32718
9,1,32719
9,1,32720
9,1,32721
9,1,32722
7,3,32725
-1,1,32726
9,1,32727
9,1,32728
8,2,32730
9,1,32731
9,1,32732
-20,20,32752
2,8,32760
9,1,32761
9,1,32762
9,1,32763
9,1,32764
9,1,32765
8,2,32767
9,1,32768
9,1,32769
9,1,32770
8,2,32772
9,1,32773
9,1,32774
8,2,32776
9,1,32777
8,2,32779
-1,1,32780
8,2,32782
-1,1,32783
9,1,32784
8,2,32786
6,4,32790
9,1,32791
9,1,32792
7,3,32795
8,2,32797
9,1,32798
9,1,32799
9,1,32800
6,4,32804
8,2,32806
-1,11,32817
-1,1,32818
9,1,32819
9,1,32820
7,3,32823
9,1,32824
-1,1,32825
8,2,32827
9,1,32828
9,1,32829
9,1,32830
7,3,32833
9,1,32834
7,3,32837
9,1,32838
-1,1,32839
9,1,32840
9,1,32841
7,3,32844
-1,1,32845
9,1,32846
8,2,32848
8,2,32850
9,1,32851
8,2,32853
9,1,32854
-2,2,32856
9,1,32857
9,1,32858
9,1,32859
7,3,32862
9,1,32863
9,1,32864
9,1,32865
7,3,32868
9,1,32869
8,2,32871
7,3,32874
7,3,32877
9,1,32878
9,1,32879
9,1,32880
1,9,32889
9,1,32890
9,1,32891
8,2,32893
-1,1,32894
8,2,32896
8,2,32898
9,1,32899
-1,1,32900
9,1,32901
9,1,32902
9,1,32903
-1,1,32904
9,1,32905
9,1,32906
9,1,32907
9,1,32908
9,1,32909
7,3,32912
7,3,32915
7,3,32918
9,1,32919
9,1,32920
9,1,32921
4,6,32927
-1,1,32928
9,1,32929
9,1,32930
9,1,32931
-1,1,32932
9,1,32933
9,1,32934
9,1,32935
9,1,32936
9,1,32937
-1,1,32938
-1,1,32939
9,1,32940
-1,1,32941
9,1,32942
9,1,32943
9,1,32944
8,2,32946
8,2,32948
8,2,32950
9,1,32951
-1,1,32952
9,1,32953
9,1,32954
-1,1,32955
9,1,32956
9,1,32957
9,1,32958
9,1,32959
-1,1,32960
7,3,32963
-4,4,32967
8,2,32969
-1,1,32970
9,1,32971
7,3,32974
9,1,32975
-1,1,32976
8,2,32978
-4,4,32982
9,1,32983
9,1,32984
4,6,32990
-1,1,32991
8,2,32993
8,2,32995
9,1,32996
9,1,32997
7,3,33000
8,2,33002
9,1,33003
9,1,33004
9,1,33005
9,1,33006
7,3,33009
-1,1,33010
8,2,33012
9,1,33013
8,2,33015
7,3,33018
9,1,33019
9,1,33020
9,1,33021
9,1,33022
7,3,33025
9,1,33026
9,1,33027
9,1,33028
9,1,33029
9,1,33030
8,2,33032
9,1,33033
-1,1,33034
9,1,33035
-1,1,33036
-1,1,33037
9,1,33038
8,2,33040
8,2,33042
9,1,33043
9,1,33044
-2,2,33046
9,1,33047
9,1,33048
-1,1,33049
9,1,33050
-1,1,33051
9,1,33052
8,2,33054
9,1,33055
7,3,33058
5,5,33063
7,3,33066
8,2,33068
9,1,33069
9,1,33070
9,1,33071
9,1,33072
-1,1,33073
8,2,33075
8,2,33077
9,1,33078
9,1,33079
9,1,33080
9,1,33081
9,1,33082
8,2,33084
8,2,33086
5,5,33091
9,1,33092
9,1,33093
9,1,33094
9,1,33095
-20,20,33115
8,2,33117
9,1,33118
9,1,33119
8,2,33121
9,1,33122
9,1,33123
6,4,33127
9,1,33128
-1,1,33129
9,1,33130
8,2,33132
8,2,33134
9,1,33135
8,2,33137
8,2,33139
9,1,33140
8,2,33142
8,2,33144
8,2,33146
9,1,33147
7,3,33150
9,1,33151
7,3,33154
7,3,33157
9,1,33158
7,3,33161
9,1,33162
9,1,33163
8,2,33165
8,2,33167
8,2,33169
-1,1,33170
9,1,33171
9,1,33172
9,1,33173
-1,1,33174
8,2,33176
8,2,33178
8,2,33180
9,1,33181
6,4,33185
9,1,33186
9,1,33187
9,1,33188
-1,1,33189
9,1,33190
-1,1,33191
9,1,33192
-1,1,33193
9,1,33194
8,2,33196
9,1,33197
9,1,33198
8,2,33200
8,2,33202
7,3,33205
9,1,33206
9,1,33207
9,1,33208
7,3,33211
7,3,33214
9,1,33215
8,2,33217
8,2,33219
8,2,33221
9,1,33222
9,1,33223
9,1,33224
9,1,33225
9,1,33226
9,1,33227
9,1,33228
9,1,33229
9,1,33230
9,1,33231
9,1,33232
8,2,33234
9,1,33235
9,1,33236
9,1,33237
4,6,33243
9,1,33244
9,1,33245
9,1,33246
9,1,33247
8,2,33249
8,2,33251
9,1,33252
9,1,33253
9,1,33254
9,1,33255
8,2,33257
8,2,33259
9,1,33260
9,1,33261
9,1,33262
9,1,33263
9,1,33264
9,1,33265
8,2,33267
8,2,33269
8,2,33271
8,2,33273
9,1,33274
9,1,33275
8,2,33277
9,1,33278
8,2,33280
8,2,33282
8,2,33284
9,1,33285
8,2,33287
9,1,33288
8,2,33290
-1,1,33291
9,1,33292
-1,1,33293
9,1,33294
9,1,33295
-2,2,33297
7,3,33300
8,2,33302
9,1,33303
5,5,33308
9,1,33309
9,1,33310
8,2,33312
9,1,33313
9,1,33314
9,1,33315
6,4,33319
9,1,33320
9,1,33321
9,1,33322
8,2,33324
9,1,33325
1,9,33334
8,2,33336
8,2,33338
9,1,33339
9,1,33340
8,2,33342
9,1,33343
7,3,33346
9,1,33347
8,2,33349
8,2,33351
8,2,33353
8,2,33355
9,1,33356
9,1,33357
8,2,33359
5,5,33364
9,1,33365
9,1,33366
9,1,33367
9,1,33368
-1,1,33369
9,1,33370
8,2,33372
-1,1,33373
9,1,33374
9,1,33375
-1,1,33376
9,1,33377
9,1,33378
-1,1,33379
9,1,33380
9,1,33381
9,1,33382
8,2,33384
8,2,33386
9,1,33387
9,1,33388
9,1,33389
9,1,33390
9,1,33391
-1,1,33392
8,2,33394
9,1,33395
8,2,33397
9,1,33398
9,1,33399
9,1,33400
-1,1,33401
9,1,33402
9,1,33403
9,1,33404
9,1,33405
8,2,33407
8,2,33409
9,1,33410
-1,1,33411
8,2,33413
7,3,33416
9,1,33417
7,3,33420
9,1,33421
9,1,33422
9,1,33423
9,1,33424
9,1,33425
8,2,33427
9,1,33428
9,1,33429
8,2,33431
-1,1,33432
9,1,33433
6,4,33437
9,1,33438
9,1,33439
8,2,33441
9,1,33442
9,1,33443
9,1,33444
-1,1,33445
9,1,33446
-1,1,33447
-1,1,33448
9,1,33449
9,1,33450
9,1,33451
-1,1,33452
9,1,33453
7,3,33456
7,3,33459
9,1,33460
9,1,33461
9,1,33462
9,1,33463
8,2,33465
9,1,33466
9,1,33467
-1,1,33468
9,1,33469
-1,1,33470
9,1,33471
9,1,33472
8,2,33474
8,2,33476
9,1,33477
8,2,33479
9,1,33480
9,1,33481
9,1,33482
9,1,33483
7,3,33486
8,2,33488
7,3,33491
9,1,33492
9,1,33493
9,1,33494
8,2,33496
9,1,33497
9,1,33498
8,2,33500
8,2,33502
8,2,33504
8,2,33506
9,1,33507
8,2,33509
8,2,33511
9,1,33512
9,1,33513
9,1,33514
9,1,33515
9,1,33516
7,3,33519
8,2,33521
-1,1,33522
8,2,33524
7,3,33527
8,2,33529
9,1,33530
8,2,33532
9,1,33533
9,1,33534
9,1,33535
9,1,33536
9,1,33537
9,1,33538
9,1,33539
9,1,33540
9,1,33541
8,2,33543
9,1,33544
8,2,33546
9,1,33547
9,1,33548
9,1,33549
8,2,33551
9,1,33552
9,1,33553
9,1,33554
8,2,33556
9,1,33557
9,1,33558
9,1,33559
9,1,33560
6,4,33564
8,2,33566
9,1,33567
8,2,33569
9,1,33570
-1,1,33571
8,2,33573
-1,1,33574
9,1,33575
8,2,33577
9,1,33578
9,1,33579
7,3,33582
9,1,33583
8,2,33585
-1,1,33586
9,1,33587
9,1,33588
8,2,33590
9,1,33591
9,1,33592
9,1,33593
9,1,33594
7,3,33597
7,3,33600
9,1,33601
9,1,33602
9,1,33603
8,2,33605
9,1,33606
9,1,33607
9,1,33608
6,4,33612
9,1,33613
9,1,33614
9,1,33615
8,2,33617
7,3,33620
9,1,33621
8,2,33623
8,2,33625
9,1,33626
9,1,33627
9,1,33628
4,6,33634
9,1,33635
9,1,33636
9,1,33637
-4,14,33651
9,1,33652
9,1,33653
9,1,33654
8,2,33656
9,1,33657
8,2,33659
9,1,33660
9,1,33661
9,1,33662
9,1,33663
9,1,33664
9,1,33665
9,1,33666
9,1,33667
9,1,33668
9,1,33669
9,1,33670
9,1,33671
9,1,33672
9,1,33673
9,1,33674
9,1,33675
9,1,33676
9,1,33677
8,2,33679
9,1,33680
9,1,33681
9,1,33682
9,1,33683
-1,1,33684
-1,1,33685
-1,1,33686
8,2,33688
9,1,33689
-1,1,33690
9,1,33691
-1,1,33692
-1,1,33693
-1,1,33694
8,2,33696
6,4,33700
9,1,33701
9,1,33702
9,1,33703
9,1,33704
9,1,33705
9,1,33706
8,2,33708
9,1,33709
8,2,33711
9,1,33712
9,1,33713
-3,3,33716
9,1,33717
9,1,33718
9,1,33719
9,1,33720
-1,1,33721
8,2,33723
8,2,33725
9,1,33726
8,2,33728
9,1,33729
9,1,33730
9,1,33731
9,1,33732
8,2,33734
9,1,33735
9,1,33736
8,2,33738
2,8,33746
8,2,33748
9,1,33749
9,1,33750
8,2,33752
8,2,33754
-1,1,33755
9,1,33756
9,1,33757
-2,12,33769
8,2,33771
9,1,33772
-1,1,33773
9,1,33774
9,1,33775
9,1,33776
8,2,33778
9,1,33779
8,2,33781
9,1,33782
-1,1,33783
9,1,33784
8,2,33786
9,1,33787
9,1,33788
7,3,33791
8,2,33793
8,2,33795
-1,1,33796
9,1,33797
9,1,33798
9,1,33799
5,5,33804
9,1,33805
-1,1,33806
-1,1,33807
8,2,33809
9,1,33810
-1,1,33811
8,2,33813
7,3,33816
9,1,33817
9,1,33818
9,1,33819
9,1,33820
6,4,33824
9,1,33825
9,1,33826
9,1,33827
9,1,33828
9,1,33829
9,1,33830
9,1,33831
7,3,33834
9,1,33835
9,1,33836
8,2,33838
9,1,33839
8,2,33841
9,1,33842
9,1,33843
9,1,33844
7,3,33847
8,2,33849
9,1,33850
9,1,33851
9,1,33852
9,1,33853
9,1,33854
-1,1,33855
9,1,33856
8,2,33858
9,1,33859
8,2,33861
-1,1,33862
9,1,33863
9,1,33864
9,1,33865
9,1,33866
8,2,33868
-1,1,33869
6,4,33873
9,1,33874
7,3,33877
9,1,33878
9,1,33879
9,1,33880
6,4,33884
8,2,33886
9,1,33887
9,1,33888
9,1,33889
-20,20,33909
-1,1,33910
9,1,33911
8,2,33913
-1,1,33914
8,2,33916
9,1,33917
6,4,33921
9,1,33922
9,1,33923
9,1,33924
-2,2,33926
8,2,33928
8,2,33930
8,2,33932
9,1,33933
-1,1,33934
8,2,33936
9,1,33937
-1,1,33938
8,2,33940
-2,2,33942
9,1,33943
9,1,33944
9,1,33945
8,2,33947
9,1,33948
7,3,33951
-1,1,33952
8,2,33954
9,1,33955
9,1,33956
9,1,33957
-20,20,33977
7,3,33980
8,2,33982
-1,1,33983
9,1,33984
9,1,33985
9,1,33986
9,1,33987
9,1,33988
9,1,33989
9,1,33990
9,1,33991
9,1,33992
9,1,33993
-1,1,33994
8,2,33996
7,3,33999
8,2,34001
9,1,34002
9,1,34003
-1,1,34004
9,1,34005
8,2,34007
9,1,34008
9,1,34009
-1,1,34010
9,1,34011
9,1,34012
8,2,34014
9,1,34015
9,1,34016
9,1,34017
9,1,34018
9,1,34019
7,3,34022
8,2,34024
8,2,34026
9,1,34027
8,2,34029
9,1,34030
9,1,34031
9,1,34032
9,1,34033
9,1,34034
-1,1,34035
8,2,34037
9,1,34038
8,2,34040
8,2,34042
9,1,34043
9,1,34044
9,1,34045
9,1,34046
8,2,34048
9,1,34049
-1,1,34050
9,1,34051
9,1,34052
9,1,34053
9,1,34054
9,1,34055
-1,1,34056
7,3,34059
9,1,34060
9,1,34061
9,1,34062
9,1,34063
9,1,34064
9,1,34065
8,2,34067
9,1,34068
9,1,34069
9,1,34070
9,1,34071
9,1,34072
-2,2,34074
9,1,34075
8,2,34077
9,1,34078
9,1,34079
5,5,34084
9,1,34085
9,1,34086
7,3,34089
9,1,34090
9,1,34091
9,1,34092
9,1,34093
8,2,34095
-2,2,34097
9,1,34098
9,1,34099
9,1,34100
9,1,34101
9,1,34102
9,1,34103
9,1,34104
9,1,34105
8,2,34107
8,2,34109
9,1,34110
9,1,34111
8,2,34113
9,1,34114
9,1,34115
9,1,34116
9,1,34117
9,1,34118
-1,1,34119
9,1,34120
9,1,34121
8,2,34123
6,4,34127
8,2,34129
6,4,34133
9,1,34134
9,1,34135
9,1,34136
8,2,34138
9,1,34139
9,1,34140
7,3,34143
9,1,34144
9,1,34145
-1,1,34146
8,2,34148
9,1,34149
8,2,34151
8,2,34153
-1,1,34154
9,1,34155
9,1,34156
8,2,34158
8,2,34160
9,1,34161
9,1,34162
9,1,34163
9,1,34164
9,1,34165
9,1,34166
9,1,34167
8,2,34169
8,2,34171
8,2,34173
9,1,34174
7,3,34177
9,1,34178
9,1,34179
-1,1,34180
9,1,34181
9,1,34182
7,3,34185
-8,8,34193
8,2,34195
9,1,34196
9,1,34197
8,2,34199
8,2,34201
8,2,34203
7,3,34206
8,2,34208
9,1,34209
9,1,34210
8,2,34212
9,1,34213
8,2,34215
9,1,34216
9,1,34217
9,1,34218
9,1,34219
4,6,34225
9,1,34226
8,2,34228
-1,1,34229
9,1,34230
6,4,34234
6,4,34238
9,1,34239
9,1,34240
9,1,34241
8,2,34243
3,7,34250
9,1,34251
9,1,34252
9,1,34253
9,1,34254
9,1,34255
8,2,34257
9,1,34258
9,1,34259
8,2,34261
9,1,34262
9,1,34263
9,1,34264
8,2,34266
-1,1,34267
9,1,34268
9,1,34269
9,1,34270
6,4,34274
9,1,34275
9,1,34276
9,1,34277
9,1,34278
9,1,34279
-1,1,34280
9,1,34281
8,2,34283
8,2,34285
8,2,34287
9,1,34288
9,1,34289
8,2,34291
9,1,34292
8,2,34294
9,1,34295
9,1,34296
8,2,34298
9,1,34299
9,1,34300
-2,2,34302
8,2,34304
7,3,34307
9,1,34308
9,1,34309
8,2,34311
8,2,34313
9,1,34314
8,2,34316
5,5,34321
9,1,34322
9,1,34323
9,1,34324
8,2,34326
7,3,34329
-1,1,34330
-2,2,34332
-1,1,34333
8,2,34335
9,1,34336
9,1,34337
-14,14,34351
9,1,34352
8,2,34354
9,1,34355
9,1,34356
8,2,34358
9,1,34359
9,1,34360
9,1,34361
9,1,34362
-1,1,34363
8,2,34365
-1,1,34366
5,5,34371
8,2,34373
9,1,34374
9,1,34375
8,2,34377
9,1,34378
9,1,34379
9,1,34380
9,1,34381
8,2,34383
9,1,34384
8,2,34386
9,1,34387
9,1,34388
9,1,34389
9,1,34390
9,1,34391
8,2,34393
9,1,34394
9,1,34395
9,1,34396
9,1,34397
8,2,34399
-1,1,34400
9,1,34401
5,5,34406
-1,1,34407
-1,1,34408
8,2,34410
-1,11,34421
8,2,34423
-9,19,34442
7,3,34445
9,1,34446
9,1,34447
9,1,34448
9,1,34449
9,1,34450
9,1,34451
9,1,34452
9,1,34453
9,1,34454
9,1,34455
9,1,34456
8,2,34458
8,2,34460
9,1,34461
9,1,34462
9,1,34463
9,1,34464
9,1,34465
9,1,34466
8,2,34468
-1,1,34469
5,5,34474
9,1,34475
9,1,34476
7,3,34479
-20,20,34499
7,3,34502
9,1,34503
8,2,34505
9,1,34506
9,1,34507
9,1,34508
9,1,34509
8,2,34511
9,1,34512
9,1,34513
9,1,34514
9,1,34515
7,3,34518
9,1,34519
9,1,34520
9,1,34521
9,1,34522
8,2,34524
9,1,34525
9,1,34526
8,2,34528
9,1,34529
9,1,34530
9,1,34531
9,1,34532
-8,18,34550
8,2,34552
8,2,34554
9,1,34555
9,1,34556
8,2,34558
8,2,34560
9,1,34561
9,1,34562
9,1,34563
9,1,34564
9,1,34565
8,2,34567
9,1,34568
8,2,34570
9,1,34571
9,1,34572
-1,1,34573
-2,2,34575
8,2,34577
8,2,34579
9,1,34580
-3,13,34593
9,1,34594
9,1,34595
9,1,34596
8,2,34598
9,1,34599
9,1,34600
-2,2,34602
8,2,34604
9,1,34605
8,2,34607
-20,20,34627
8,2,34629
-1,1,34630
8,2,34632
9,1,34633
9,1,34634
6,4,34638
8,2,34640
-1,1,34641
7,3,34644
9,1,34645
9,1,34646
8,2,34648
9,1,34649
9,1,34650
8,2,34652
9,1,34653
-2,2,34655
4,6,34661
9,1,34662
9,1,34663
-1,1,34664
9,1,34665
-1,1,34666
8,2,34668
9,1,34669
9,1,34670
9,1,34671
9,1,34672
9,1,34673
9,1,34674
7,3,34677
8,2,34679
5,5,34684
9,1,34685
8,2,34687
9,1,34688
9,1,34689
8,2,34691
9,1,34692
9,1,34693
7,3,34696
9,1,34697
9,1,34698
8,2,34700
9,1,34701
8,2,34703
9,1,34704
9,1,34705
8,2,34707
8,2,34709
9,1,34710
9,1,34711
9,1,34712
9,1,34713
9,1,34714
9,1,34715
9,1,34716
9,1,34717
9,1,34718
2,8,34726
9,1,34727
9,1,34728
9,1,34729
9,1,34730
9,1,34731
9,1,34732
9,1,34733
-7,7,34740
9,1,34741
9,1,34742
9,1,34743
9,1,34744
9,1,34745
9,1,34746
7,3,34749
6,4,34753
9,1,34754
9,1,34755
-1,1,34756
9,1,34757
-2,2,34759
9,1,34760
9,1,34761
9,1,34762
9,1,34763
9,1,34764
9,1,34765
9,1,34766
8,2,34768
9,1,34769
9,1,34770
9,1,34771
9,1,34772
9,1,34773
9,1,34774
9,1,34775
8,2,34777
9,1,34778
9,1,34779
8,2,34781
8,2,34783
8,2,34785
9,1,34786
9,1,34787
9,1,34788
9,1,34789
9,1,34790
9,1,34791
7,3,34794
9,1,34795
9,1,34796
9,1,34797
8,2,34799
9,1,34800
9,1,34801
-1,1,34802
9,1,34803
9,1,34804
9,1,34805
9,1,34806
9,1,34807
8,2,34809
6,4,34813
-1,1,34814
9,1,34815
9,1,34816
9,1,34817
-1,1,34818
9,1,34819
9,1,34820
9,1,34821
9,1,34822
9,1,34823
8,2,34825
9,1,34826
9,1,34827
8,2,34829
9,1,34830
9,1,34831
9,1,34832
7,3,34835
8,2,34837
9,1,34838
9,1,34839
8,2,34841
8,2,34843
9,1,34844
-20,20,34864
8,2,34866
3,7,34873
9,1,34874
9,1,34875
9,1,34876
9,1,34877
9,1,34878
9,1,34879
9,1,34880
9,1,34881
9,1,34882
9,1,34883
9,1,34884
9,1,34885
9,1,34886
9,1,34887
9,1,34888
9,1,34889
9,1,34890
9,1,34891
8,2,34893
9,1,34894
8,2,34896
8,2,34898
9,1,34899
9,1,34900
9,1,34901
9,1,34902
8,2,34904
9,1,34905
9,1,34906
6,4,34910
8,2,34912
8,2,34914
7,3,34917
8,2,34919
9,1,34920
8,2,34922
9,1,34923
8,2,34925
-2,2,34927
9,1,34928
9,1,34929
9,1,34930
4,6,34936
9,1,34937
9,1,34938
9,1,34939
-1,1,34940
9,1,34941
9,1,34942
8,2,34944
8,2,34946
9,1,34947
8,2,34949
-1,1,34950
8,2,34952
9,1,34953
-1,1,34954
-1,1,34955
9,1,34956
9,1,34957
8,2,34959
9,1,34960
-1,1,34961
9,1,34962
9,1,34963
7,3,34966
9,1,34967
9,1,34968
-1,1,34969
9,1,34970
9,1,34971
9,1,34972
8,2,34974
8,2,34976
9,1,34977
9,1,34978
8,2,34980
9,1,34981
9,1,34982
9,1,34983
9,1,34984
9,1,34985
9,1,34986
8,2,34988
8,2,34990
6,4,34994
8,2,34996
9,1,34997
8,2,34999
8,2,35001
6,4,35005
9,1,35006
9,1,35007
9,1,35008
-1,1,35009
9,1,35010
9,1,35011
9,1,35012
-5,15,35027
-2,2,35029
8,2,35031
9,1,35032
9,1,35033
9,1,35034
9,1,35035
-20,20,35055
-1,1,35056
8,2,35058
8,2,35060
9,1,35061
9,1,35062
9,1,35063
9,1,35064
9,1,35065
9,1,35066
9,1,35067
9,1,35068
5,5,35073
9,1,35074
9,1,35075
9,1,35076
9,1,35077
9,1,35078
9,1,35079
8,2,35081
9,1,35082
-1,1,35083
9,1,35084
8,2,35086
9,1,35087
9,1,35088
9,1,35089
9,1,35090
9,1,35091
9,1,35092
7,3,35095
8,2,35097
9,1,35098
9,1,35099
9,1,35100
9,1,35101
9,1,35102
9,1,35103
8,2,35105
9,1,35106
9,1,35107
9,1,35108
9,1,35109
7,3,35112
9,1,35113
5,5,35118
8,2,35120
-2,2,35122
8,2,35124
9,1,35125
8,2,35127
9,1,35128
9,1,35129
9,1,35130
9,1,35131
-1,1,35132
9,1,35133
9,1,35134
8,2,35136
9,1,35137
9,1,35138
9,1,35139
9,1,35140
9,1,35141
9,1,35142
9,1,35143
9,1,35144
9,1,35145
8,2,35147
9,1,35148
9,1,35149
9,1,35150
9,1,35151
9,1,35152
9,1,35153
8,2,35155
9,1,35156
9,1,35157
9,1,35158
7,3,35161
7,3,35164
8,2,35166
9,1,35167
7,3,35170
9,1,35171
9,1,35172
-2,2,35174
9,1,35175
6,4,35179
8,2,35181
9,1,35182
9,1,35183
9,1,35184
9,1,35185
9,1,35186
9,1,35187
8,2,35189
6,4,35193
9,1,35194
-1,1,35195
5,5,35200
9,1,35201
-20,20,35221
8,2,35223
9,1,35224
8,2,35226
7,3,35229
9,1,35230
9,1,35231
9,1,35232
9,1,35233
-1,1,35234
9,1,35235
9,1,35236
9,1,35237
9,1,35238
-1,1,35239
9,1,35240
9,1,35241
8,2,35243
9,1,35244
9,1,35245
9,1,35246
9,1,35247
9,1,35248
-1,1,35249
9,1,35250
8,2,35252
8,2,35254
9,1,35255
8,2,35257
8,2,35259
9,1,35260
9,1,35261
8,2,35263
9,1,35264
8,2,35266
9,1,35267
8,2,35269
9,1,35270
9,1,35271
8,2,35273
9,1,35274
7,3,35277
8,2,35279
9,1,35280
0,10,35290
9,1,35291
-20,20,35311
9,1,35312
9,1,35313
-1,1,35314
9,1,35315
-1,1,35316
9,1,35317
9,1,35318
-2,2,35320
9,1,35321
-1,1,35322
9,1,35323
9,1,35324
8,2,35326
8,2,35328
6,4,35332
9,1,35333
9,1,35334
9,1,35335
9,1,35336
9,1,35337
8,2,35339
9,1,35340
-20,20,35360
9,1,35361
9,1,35362
8,2,35364
9,1,35365
9,1,35366
8,2,35368
9,1,35369
8,2,35371
9,1,35372
9,1,35373
8,2,35375
8,2,35377
-1,1,35378
9,1,35379
8,2,35381
9,1,35382
9,1,35383
9,1,35384
9,1,35385
9,1,35386
9,1,35387
9,1,35388
9,1,35389
8,2,35391
9,1,35392
9,1,35393
7,3,35396
8,2,35398
9,1,35399
9,1,35400
8,2,35402
9,1,35403
8,2,35405
9,1,35406
9,1,35407
8,2,35409
-8,8,35417
9,1,35418
8,2,35420
9,1,35421
9,1,35422
9,1,35423
-1,1,35424
-1,1,35425
9,1,35426
9,1,35427
-1,1,35428
8,2,35430
9,1,35431
9,1,35432
8,2,35434
9,1,35435
5,5,35440
-3,13,35453
9,1,35454
8,2,35456
-1,1,35457
-1,1,35458
9,1,35459
9,1,35460
9,1,35461
9,1,35462
9,1,35463
9,1,35464
9,1,35465
9,1,35466
8,2,35468
-20,20,35488
9,1,35489
9,1,35490
9,1,35491
7,3,35494
9,1,35495
7,3,35498
9,1,35499
-3,3,35502
8,2,35504
8,2,35506
9,1,35507
9,1,35508
9,1,35509
9,1,35510
7,3,35513
8,2,35515
6,4,35519
9,1,35520
9,1,35521
-1,1,35522
9,1,35523
9,1,35524
9,1,35525
9,1,35526
9,1,35527
8,2,35529
9,1,35530
8,2,35532
9,1,35533
9,1,35534
9,1,35535
9,1,35536
6,4,35540
-1,1,35541
9,1,35542
9,1,35543
9,1,35544
9,1,35545
9,1,35546
8,2,35548
9,1,35549
9,1,35550
8,2,35552
9,1,35553
8,2,35555
8,2,35557
8,2,35559
9,1,35560
8,2,35562
9,1,35563
8,2,35565
9,1,35566
9,1,35567
9,1,35568
9,1,35569
9,1,35570
-2,2,35572
9,1,35573
9,1,35574
9,1,35575
9,1,35576
9,1,35577
9,1,35578
9,1,35579
9,1,35580
9,1,35581
8,2,35583
9,1,35584
9,1,35585
9,1,35586
9,1,35587
9,1,35588
9,1,35589
8,2,35591
9,1,35592
9,1,35593
8,2,35595
-2,2,35597
9,1,35598
-1,1,35599
-1,1,35600
9,1,35601
5,5,35606
9,1,35607
9,1,35608
-20,20,35628
9,1,35629
8,2,35631
7,3,35634
9,1,35635
9,1,35636
8,2,35638
9,1,35639
9,1,35640
8,2,35642
8,2,35644
9,1,35645
6,4,35649
9,1,35650
8,2,35652
9,1,35653
9,1,35654
9,1,35655
9,1,35656
9,1,35657
9,1,35658
9,1,35659
9,1,35660
8,2,35662
9,1,35663
7,3,35666
9,1,35667
8,2,35669
8,2,35671
-1,1,35672
9,1,35673
9,1,35674
9,1,35675
-1,1,35676
9,1,35677
9,1,35678
8,2,35680
9,1,35681
8,2,35683
8,2,35685
8,2,35687
-1,1,35688
7,3,35691
9,1,35692
9,1,35693
9,1,35694
9,1,35695
9,1,35696
9,1,35697
9,1,35698
8,2,35700
9,1,35701
8,2,35703
9,1,35704
9,1,35705
9,1,35706
1,9,35715
8,2,35717
9,1,35718
8,2,35720
-2,2,35722
-1,1,35723
9,1,35724
9,1,35725
9,1,35726
9,1,35727
9,1,35728
9,1,35729
9,1,35730
9,1,35731
9,1,35732
7,3,35735
9,1,35736
9,1,35737
8,2,35739
9,1,35740
9,1,35741
8,2,35743
9,1,35744
9,1,35745
8,2,35747
9,1,35748
9,1,35749
9,1,35750
-1,1,35751
9,1,35752
4,6,35758
9,1,35759
9,1,35760
9,1,35761
9,1,35762
8,2,35764
8,2,35766
6,4,35770
8,2,35772
8,2,35774
8,2,35776
9,1,35777
9,1,35778
9,1,35779
9,1,35780
9,1,35781
-1,1,35782
9,1,35783
8,2,35785
7,3,35788
8,2,35790
9,1,35791
9,1,35792
9,1,35793
9,1,35794
9,1,35795
9,1,35796
9,1,35797
8,2,35799
9,1,35800
9,1,35801
8,2,35803
9,1,35804
9,1,35805
9,1,35806
5,5,35811
9,1,35812
-1,1,35813
9,1,35814
9,1,35815
9,1,35816
9,1,35817
8,2,35819
9,1,35820
9,1,35821
9,1,35822
9,1,35823
9,1,35824
-2,2,35826
8,2,35828
9,1,35829
9,1,35830
9,1,35831
9,1,35832
8,2,35834
7,3,35837
9,1,35838
9,1,35839
9,1,35840
8,2,35842
8,2,35844
9,1,35845
8,2,35847
-1,1,35848
9,1,35849
9,1,35850
8,2,35852
7,3,35855
9,1,35856
9,1,35857
8,2,35859
7,3,35862
8,2,35864
9,1,35865
-1,1,35866
9,1,35867
9,1,35868
-1,1,35869
9,1,35870
7,3,35873
9,1,35874
8,2,35876
9,1,35877
9,1,35878
9,1,35879
9,1,35880
9,1,35881
9,1,35882
9,1,35883
9,1,35884
9,1,35885
8,2,35887
9,1,35888
9,1,35889
9,1,35890
9,1,35891
9,1,35892
8,2,35894
9,1,35895
9,1,35896
8,2,35898
9,1,35899
9,1,35900
8,2,35902
8,2,35904
9,1,35905
8,2,35907
9,1,35908
9,1,35909
9,1,35910
9,1,35911
9,1,35912
9,1,35913
8,2,35915
9,1,35916
9,1,35917
8,2,35919
8,2,35921
9,1,35922
9,1,35923
9,1,35924
9,1,35925
9,1,35926
9,1,35927
9,1,35928
5,5,35933
8,2,35935
8,2,35937
9,1,35938
9,1,35939
8,2,35941
9,1,35942
9,1,35943
9,1,35944
9,1,35945
9,1,35946
9,1,35947
8,2,35949
9,1,35950
9,1,35951
9,1,35952
9,1,35953
9,1,35954
9,1,35955
8,2,35957
9,1,35958
1,9,35967
9,1,35968
9,1,35969
9,1,35970
9,1,35971
9,1,35972
9,1,35973
9,1,35974
8,2,35976
9,1,35977
9,1,35978
9,1,35979
9,1,35980
8,2,35982
9,1,35983
9,1,35984
9,1,35985
9,1,35986
9,1,35987
9,1,35988
9,1,35989
9,1,35990
8,2,35992
9,1,35993
9,1,35994
9,1,35995
9,1,35996
8,2,35998
9,1,35999
8,2,36001
9,1,36002
9,1,36003
9,1,36004
9,1,36005
9,1,36006
9,1,36007
9,1,36008
8,2,36010
9,1,36011
9,1,36012
9,1,36013
-20,20,36033
7,3,36036
9,1,36037
9,1,36038
8,2,36040
9,1,36041
9,1,36042
9,1,36043
9,1,36044
9,1,36045
9,1,36046
9,1,36047
9,1,36048
9,1,36049
9,1,36050
9,1,36051
9,1,36052
-4,14,36066
9,1,36067
-1,1,36068
7,3,36071
9,1,36072
9,1,36073
9,1,36074
9,1,36075
9,1,36076
9,1,36077
9,1,36078
9,1,36079
8,2,36081
9,1,36082
9,1,36083
8,2,36085
8,2,36087
8,2,36089
9,1,36090
9,1,36091
9,1,36092
7,3,36095
8,2,36097
9,1,36098
9,1,36099
9,1,36100
9,1,36101
8,2,36103
9,1,36104
9,1,36105
8,2,36107
9,1,36108
9,1,36109
9,1,36110
9,1,36111
8,2,36113
9,1,36114
9,1,36115
9,1,36116
9,1,36117
9,1,36118
9,1,36119
-1,1,36120
9,1,36121
9,1,36122
8,2,36124
7,3,36127
9,1,36128
9,1,36129
9,1,36130
8,2,36132
8,2,36134
7,3,36137
9,1,36138
9,1,36139
9,1,36140
9,1,36141
9,1,36142
8,2,36144
8,2,36146
9,1,36147
8,2,36149
9,1,36150
5,5,36155
8,2,36157
8,2,36159
9,1,36160
-1,1,36161
9,1,36162
7,3,36165
9,1,36166
9,1,36167
8,2,36169
9,1,36170
9,1,36171
8,2,36173
9,1,36174
-1,1,36175
9,1,36176
7,3,36179
9,1,36180
9,1,36181
8,2,36183
9,1,36184
9,1,36185
8,2,36187
9,1,36188
9,1,36189
9,1,36190
8,2,36192
9,1,36193
9,1,36194
9,1,36195
9,1,36196
9,1,36197
9,1,36198
9,1,36199
5,5,36204
9,1,36205
-1,1,36206
9,1,36207
9,1,36208
9,1,36209
8,2,36211
9,1,36212
9,1,36213
9,1,36214
9,1,36215
8,2,36217
9,1,36218
-1,1,36219
9,1,36220
8,2,36222
9,1,36223
9,1,36224
9,1,36225
9,1,36226
9,1,36227
9,1,36228
9,1,36229
8,2,36231
9,1,36232
7,3,36235
9,1,36236
9,1,36237
8,2,36239
9,1,36240
-1,1,36241
9,1,36242
7,3,36245
8,2,36247
9,1,36248
9,1,36249
9,1,36250
9,1,36251
8,2,36253
9,1,36254
8,2,36256
8,2,36258
9,1,36259
9,1,36260
8,2,36262
8,2,36264
-2,12,36276
9,1,36277
7,3,36280
9,1,36281
9,1,36282
8,2,36284
6,4,36288
9,1,36289
8,2,36291
9,1,36292
9,1,36293
8,2,36295
8,2,36297
9,1,36298
9,1,36299
9,1,36300
8,2,36302
8,2,36304
9,1,36305
9,1,36306
8,2,36308
-1,1,36309
8,2,36311
9,1,36312
9,1,36313
9,1,36314
9,1,36315
9,1,36316
9,1,36317
9,1,36318
7,3,36321
8,2,36323
8,2,36325
-1,1,36326
9,1,36327
9,1,36328
9,1,36329
7,3,36332
8,2,36334
9,1,36335
9,1,36336
9,1,36337
9,1,36338
9,1,36339
9,1,36340
7,3,36343
7,3,36346
9,1,36347
9,1,36348
9,1,36349
9,1,36350
9,1,36351
9,1,36352
9,1,36353
-1,1,36354
9,1,36355
9,1,36356
8,2,36358
9,1,36359
6,4,36363
8,2,36365
8,2,36367
8,2,36369
9,1,36370
9,1,36371
9,1,36372
9,1,36373
9,1,36374
9,1,36375
9,1,36376
9,1,36377
7,3,36380
9,1,36381
9,1,36382
9,1,36383
9,1,36384
8,2,36386
8,2,36388
9,1,36389
9,1,36390
9,1,36391
8,2,36393
9,1,36394
7,3,36397
9,1,36398
9,1,36399
8,2,36401
9,1,36402
9,1,36403
2,8,36411
9,1,36412
8,2,36414
9,1,36415
9,1,36416
9,1,36417
8,2,36419
9,1,36420
9,1,36421
9,1,36422
8,2,36424
8,2,36426
9,1,36427
7,3,36430
9,1,36431
9,1,36432
9,1,36433
1,9,36442
9,1,36443
9,1,36444
9,1,36445
9,1,36446
7,3,36449
-1,1,36450
8,2,36452
8,2,36454
9,1,36455
9,1,36456
9,1,36457
9,1,36458
8,2,36460
9,1,36461
9,1,36462
-1,1,36463
9,1,36464
9,1,36465
9,1,36466
8,2,36468
9,1,36469
-1,1,36470
9,1,36471
9,1,36472
9,1,36473
9,1,36474
9,1,36475
9,1,36476
-1,1,36477
9,1,36478
9,1,36479
9,1,36480
9,1,36481
9,1,36482
9,1,36483
6,4,36487
8,2,36489
8,2,36491
-1,1,36492
9,1,36493
9,1,36494
9,1,36495
9,1,36496
9,1,36497
9,1,36498
-2,2,36500
9,1,36501
9,1,36502
6,4,36506
8,2,36508
9,1,36509
9,1,36510
9,1,36511
-1,1,36512
8,2,36514
9,1,36515
9,1,36516
9,1,36517
8,2,36519
9,1,36520
9,1,36521
8,2,36523
9,1,36524
9,1,36525
9,1,36526
9,1,36527
9,1,36528
9,1,36529
9,1,36530
9,1,36531
9,1,36532
9,1,36533
9,1,36534
7,3,36537
9,1,36538
9,1,36539
-1,1,36540
-1,1,36541
9,1,36542
9,1,36543
9,1,36544
9,1,36545
8,2,36547
8,2,36549
-20,20,36569
-1,1,36570
9,1,36571
9,1,36572
9,1,36573
-1,1,36574
8,2,36576
9,1,36577
9,1,36578
8,2,36580
8,2,36582
8,2,36584
-1,1,36585
9,1,36586
9,1,36587
3,7,36594
6,4,36598
9,1,36599
8,2,36601
9,1,36602
9,1,36603
8,2,36605
9,1,36606
2,8,36614
8,2,36616
9,1,36617
6,4,36621
9,1,36622
-1,1,36623
7,3,36626
9,1,36627
9,1,36628
9,1,36629
9,1,36630
8,2,36632
9,1,36633
9,1,36634
8,2,36636
9,1,36637
9,1,36638
9,1,36639
8,2,36641
9,1,36642
9,1,36643
8,2,36645
9,1,36646
8,2,36648
9,1,36649
9,1,36650
9,1,36651
9,1,36652
9,1,36653
3,7,36660
9,1,36661
8,2,36663
9,1,36664
9,1,36665
9,1,36666
9,1,36667
9,1,36668
9,1,36669
9,1,36670
7,3,36673
7,3,36676
8,2,36678
8,2,36680
9,1,36681
9,1,36682
9,1,36683
9,1,36684
9,1,36685
8,2,36687
5,5,36692
-20,20,36712
9,1,36713
9,1,36714
9,1,36715
5,5,36720
8,2,36722
9,1,36723
9,1,36724
8,2,36726
8,2,36728
8,2,36730
1,9,36739
8,2,36741
8,2,36743
8,2,36745
7,3,36748
9,1,36749
9,1,36750
9,1,36751
9,1,36752
9,1,36753
6,4,36757
8,2,36759
8,2,36761
9,1,36762
-1,1,36763
7,3,36766
8,2,36768
8,2,36770
9,1,36771
8,2,36773
9,1,36774
9,1,36775
9,1,36776
5,5,36781
7,3,36784
9,1,36785
8,2,36787
9,1,36788
9,1,36789
9,1,36790
7,3,36793
9,1,36794
8,2,36796
9,1,36797
9,1,36798
9,1,36799
8,2,36801
9,1,36802
7,3,36805
9,1,36806
9,1,36807
9,1,36808
8,2,36810
8,2,36812
9,1,36813
9,1,36814
9,1,36815
9,1,36816
9,1,36817
9,1,36818
9,1,36819
8,2,36821
9,1,36822
9,1,36823
9,1,36824
9,1,36825
9,1,36826
9,1,36827
9,1,36828
9,1,36829
7,3,36832
7,3,36835
9,1,36836
7,3,36839
8,2,36841
9,1,36842
-20,20,36862
9,1,36863
7,3,36866
9,1,36867
9,1,36868
9,1,36869
9,1,36870
9,1,36871
7,3,36874
9,1,36875
-1,1,36876
9,1,36877
9,1,36878
9,1,36879
9,1,36880
8,2,36882
9,1,36883
8,2,36885
9,1,36886
9,1,36887
9,1,36888
9,1,36889
9,1,36890
9,1,36891
8,2,36893
9,1,36894
5,5,36899
7,3,36902
9,1,36903
9,1,36904
9,1,36905
9,1,36906
8,2,36908
9,1,36909
9,1,36910
8,2,36912
9,1,36913
8,2,36915
9,1,36916
9,1,36917
-1,1,36918
-2,2,36920
9,1,36921
9,1,36922
8,2,36924
9,1,36925
8,2,36927
9,1,36928
9,1,36929
9,1,36930
9,1,36931
7,3,36934
9,1,36935
8,2,36937
8,2,36939
9,1,36940
9,1,36941
9,1,36942
9,1,36943
9,1,36944
9,1,36945
9,1,36946
-1,1,36947
8,2,36949
9,1,36950
8,2,36952
-20,20,36972
5,5,36977
9,1,36978
8,2,36980
7,3,36983
8,2,36985
8,2,36987
9,1,36988
9,1,36989
9,1,36990
8,2,36992
8,2,36994
9,1,36995
9,1,36996
9,1,36997
9,1,36998
9,1,36999
9,1,37000
9,1,37001
9,1,37002
9,1,37003
9,1,37004
-1,1,37005
9,1,37006
9,1,37007
8,2,37009
9,1,37010
7,3,37013
9,1,37014
8,2,37016
9,1,37017
9,1,37018
9,1,37019
9,1,37020
9,1,37021
9,1,37022
8,2,37024
8,2,37026
8,2,37028
8,2,37030
9,1,37031
9,1,37032
9,1,37033
7,3,37036
9,1,37037
9,1,37038
9,1,37039
9,1,37040
9,1,37041
9,1,37042
8,2,37044
9,1,37045
9,1,37046
9,1,37047
9,1,37048
9,1,37049
-2,2,37051
9,1,37052
9,1,37053
8,2,37055
9,1,37056
8,2,37058
9,1,37059
8,2,37061
9,1,37062
8,2,37064
-1,1,37065
9,1,37066
9,1,37067
8,2,37069
9,1,37070
9,1,37071
9,1,37072
9,1,37073
9,1,37074
9,1,37075
9,1,37076
9,1,37077
6,4,37081
-1,1,37082
9,1,37083
9,1,37084
8,2,37086
-2,12,37098
9,1,37099
9,1,37100
9,1,37101
8,2,37103
9,1,37104
8,2,37106
9,1,37107
7,3,37110
-20,20,37130
7,3,37133
9,1,37134
9,1,37135
8,2,37137
8,2,37139
9,1,37140
5,5,37145
5,5,37150
9,1,37151
9,1,37152
9,1,37153
8,2,37155
8,2,37157
9,1,37158
9,1,37159
9,1,37160
8,2,37162
9,1,37163
8,2,37165
9,1,37166
7,3,37169
9,1,37170
8,2,37172
9,1,37173
9,1,37174
9,1,37175
9,1,37176
9,1,37177
-1,1,37178
8,2,37180
8,2,37182
9,1,37183
-1,1,37184
9,1,37185
9,1,37186
8,2,37188
8,2,37190
9,1,37191
9,1,37192
9,1,37193
9,1,37194
9,1,37195
9,1,37196
-1,1,37197
9,1,37198
9,1,37199
9,1,37200
9,1,37201
8,2,37203
9,1,37204
-1,1,37205
9,1,37206
9,1,37207
9,1,37208
9,1,37209
9,1,37210
6,4,37214
9,1,37215
9,1,37216
8,2,37218
9,1,37219
9,1,37220
8,2,37222
9,1,37223
8,2,37225
8,2,37227
8,2,37229
9,1,37230
9,1,37231
9,1,37232
9,1,37233
7,3,37236
9,1,37237
9,1,37238
-1,1,37239
9,1,37240
7,3,37243
9,1,37244
8,2,37246
-1,1,37247
9,1,37248
9,1,37249
8,2,37251
9,1,37252
1,9,37261
9,1,37262
9,1,37263
8,2,37265
8,2,37267
9,1,37268
9,1,37269
9,1,37270
9,1,37271
9,1,37272
9,1,37273
8,2,37275
9,1,37276
-1,1,37277
9,1,37278
9,1,37279
9,1,37280
9,1,37281
-1,1,37282
9,1,37283
9,1,37284
6,4,37288
8,2,37290
8,2,37292
9,1,37293
8,2,37295
9,1,37296
7,3,37299
9,1,37300
9,1,37301
9,1,37302
9,1,37303
9,1,37304
8,2,37306
9,1,37307
8,2,37309
5,5,37314
9,1,37315
8,2,37317
8,2,37319
8,2,37321
8,2,37323
9,1,37324
9,1,37325
9,1,37326
9,1,37327
-1,1,37328
8,2,37330
9,1,37331
9,1,37332
7,3,37335
9,1,37336
-20,20,37356
9,1,37357
9,1,37358
-3,3,37361
4,6,37367
9,1,37368
9,1,37369
8,2,37371
6,4,37375
9,1,37376
8,2,37378
9,1,37379
8,2,37381
9,1,37382
9,1,37383
9,1,37384
9,1,37385
9,1,37386
9,1,37387
8,2,37389
9,1,37390
-3,13,37403
9,1,37404
8,2,37406
8,2,37408
9,1,37409
8,2,37411
9,1,37412
9,1,37413
9,1,37414
9,1,37415
9,1,37416
9,1,37417
-1,1,37418
7,3,37421
9,1,37422
8,2,37424
9,1,37425
-4,14,37439
9,1,37440
9,1,37441
9,1,37442
9,1,37443
8,2,37445
8,2,37447
9,1,37448
8,2,37450
9,1,37451
9,1,37452
9,1,37453
9,1,37454
9,1,37455
-1,1,37456
-1,1,37457
9,1,37458
9,1,37459
9,1,37460
9,1,37461
9,1,37462
-20,20,37482
9,1,37483
8,2,37485
9,1,37486
9,1,37487
1,9,37496
9,1,37497
9,1,37498
9,1,37499
8,2,37501
9,1,37502
8,2,37504
8,2,37506
8,2,37508
8,2,37510
9,1,37511
9,1,37512
9,1,37513
8,2,37515
-1,1,37516
9,1,37517
9,1,37518
-2,2,37520
9,1,37521
-2,12,37533
7,3,37536
9,1,37537
6,4,37541
9,1,37542
9,1,37543
9,1,37544
-1,1,37545
9,1,37546
7,3,37549
-1,1,37550
8,2,37552
9,1,37553
9,1,37554
9,1,37555
8,2,37557
9,1,37558
8,2,37560
7,3,37563
8,2,37565
9,1,37566
4,6,37572
9,1,37573
9,1,37574
8,2,37576
9,1,37577
9,1,37578
8,2,37580
9,1,37581
9,1,37582
-1,1,37583
8,2,37585
6,4,37589
7,3,37592
9,1,37593
9,1,37594
9,1,37595
9,1,37596
7,3,37599
9,1,37600
9,1,37601
9,1,37602
9,1,37603
8,2,37605
9,1,37606
-1,1,37607
9,1,37608
8,2,37610
8,2,37612
8,2,37614
7,3,37617
9,1,37618
8,2,37620
9,1,37621
8,2,37623
9,1,37624
9,1,37625
9,1,37626
-20,20,37646
9,1,37647
9,1,37648
8,2,37650
9,1,37651
9,1,37652
8,2,37654
9,1,37655
8,2,37657
9,1,37658
9,1,37659
9,1,37660
9,1,37661
7,3,37664
9,1,37665
8,2,37667
9,1,37668
8,2,37670
9,1,37671
9,1,37672
9,1,37673
9,1,37674
-6,16,37690
9,1,37691
-1,1,37692
-1,1,37693
9,1,37694
8,2,37696
9,1,37697
9,1,37698
8,2,37700
8,2,37702
9,1,37703
9,1,37704
9,1,37705
-3,13,37718
9,1,37719
9,1,37720
9,1,37721
-1,1,37722
2,8,37730
9,1,37731
9,1,37732
9,1,37733
-2,2,37735
9,1,37736
9,1,37737
9,1,37738
5,5,37743
8,2,37745
5,5,37750
9,1,37751
9,1,37752
9,1,37753
9,1,37754
9,1,37755
-1,1,37756
9,1,37757
9,1,37758
9,1,37759
-20,20,37779
9,1,37780
9,1,37781
9,1,37782
9,1,37783
-1,1,37784
9,1,37785
9,1,37786
9,1,37787
7,3,37790
9,1,37791
9,1,37792
7,3,37795
8,2,37797
9,1,37798
8,2,37800
9,1,37801
9,1,37802
9,1,37803
9,1,37804
9,1,37805
9,1,37806
9,1,37807
-1,1,37808
8,2,37810
9,1,37811
9,1,37812
8,2,37814
9,1,37815
9,1,37816
9,1,37817
9,1,37818
8,2,37820
9,1,37821
9,1,37822
9,1,37823
8,2,37825
9,1,37826
9,1,37827
9,1,37828
9,1,37829
9,1,37830
9,1,37831
-1,1,37832
9,1,37833
8,2,37835
9,1,37836
-1,1,37837
8,2,37839
9,1,37840
9,1,37841
9,1,37842
8,2,37844
9,1,37845
9,1,37846
8,2,37848
9,1,37849
8,2,37851
9,1,37852
9,1,37853
9,1,37854
5,5,37859
9,1,37860
9,1,37861
8,2,37863
7,3,37866
9,1,37867
-1,1,37868
7,3,37871
8,2,37873
-20,20,37893
-20,20,37913
9,1,37914
9,1,37915
8,2,37917
9,1,37918
3,7,37925
8,2,37927
9,1,37928
8,2,37930
9,1,37931
-1,1,37932
9,1,37933
9,1,37934
9,1,37935
9,1,37936
9,1,37937
8,2,37939
8,2,37941
9,1,37942
-1,1,37943
9,1,37944
9,1,37945
-20,20,37965
8,2,37967
9,1,37968
9,1,37969
-1,1,37970
8,2,37972
9,1,37973
9,1,37974
9,1,37975
9,1,37976
9,1,37977
9,1,37978
8,2,37980
9,1,37981
9,1,37982
9,1,37983
9,1,37984
9,1,37985
9,1,37986
9,1,37987
9,1,37988
9,1,37989
8,2,37991
9,1,37992
8,2,37994
9,1,37995
9,1,37996
-20,20,38016
-1,1,38017
9,1,38018
9,1,38019
9,1,38020
9,1,38021
9,1,38022
9,1,38023
9,1,38024
9,1,38025
9,1,38026
9,1,38027
9,1,38028
8,2,38030
9,1,38031
9,1,38032
9,1,38033
8,2,38035
9,1,38036
9,1,38037
9,1,38038
8,2,38040
9,1,38041
8,2,38043
9,1,38044
9,1,38045
8,2,38047
9,1,38048
9,1,38049
9,1,38050
8,2,38052
9,1,38053
9,1,38054
9,1,38055
9,1,38056
9,1,38057
9,1,38058
9,1,38059
9,1,38060
7,3,38063
9,1,38064
9,1,38065
9,1,38066
-1,1,38067
9,1,38068
9,1,38069
9,1,38070
9,1,38071
9,1,38072
9,1,38073
9,1,38074
9,1,38075
9,1,38076
9,1,38077
9,1,38078
8,2,38080
9,1,38081
9,1,38082
9,1,38083
9,1,38084
9,1,38085
9,1,38086
9,1,38087
9,1,38088
9,1,38089
9,1,38090
9,1,38091
8,2,38093
9,1,38094
-3,3,38097
9,1,38098
9,1,38099
9,1,38100
9,1,38101
9,1,38102
9,1,38103
9,1,38104
-1,1,38105
9,1,38106
9,1,38107
9,1,38108
9,1,38109
9,1,38110
9,1,38111
-1,1,38112
9,1,38113
-1,1,38114
8,2,38116
9,1,38117
9,1,38118
8,2,38120
9,1,38121
-2,2,38123
8,2,38125
8,2,38127
9,1,38128
-4,14,38142
9,1,38143
9,1,38144
9,1,38145
9,1,38146
9,1,38147
8,2,38149
9,1,38150
9,1,38151
8,2,38153
8,2,38155
9,1,38156
9,1,38157
9,1,38158
-5,15,38173
9,1,38174
9,1,38175
9,1,38176
8,2,38178
8,2,38180
8,2,38182
-1,1,38183
9,1,38184
9,1,38185
9,1,38186
9,1,38187
-1,11,38198
9,1,38199
9,1,38200
9,1,38201
-20,20,38221
9,1,38222
8,2,38224
9,1,38225
-1,1,38226
9,1,38227
8,2,38229
8,2,38231
8,2,38233
8,2,38235
9,1,38236
8,2,38238
9,1,38239
8,2,38241
9,1,38242
9,1,38243
9,1,38244
9,1,38245
-4,14,38259
9,1,38260
9,1,38261
8,2,38263
9,1,38264
8,2,38266
9,1,38267
8,2,38269
9,1,38270
9,1,38271
9,1,38272
8,2,38274
4,6,38280
9,1,38281
-1,1,38282
9,1,38283
9,1,38284
9,1,38285
9,1,38286
9,1,38287
9,1,38288
9,1,38289
8,2,38291
9,1,38292
8,2,38294
8,2,38296
9,1,38297
8,2,38299
8,2,38301
9,1,38302
9,1,38303
9,1,38304
9,1,38305
9,1,38306
9,1,38307
9,1,38308
8,2,38310
9,1,38311
9,1,38312
8,2,38314
9,1,38315
9,1,38316
8,2,38318
8,2,38320
8,2,38322
5,5,38327
9,1,38328
9,1,38329
9,1,38330
9,1,38331
9,1,38332
9,1,38333
8,2,38335
8,2,38337
-1,1,38338
-1,1,38339
7,3,38342
9,1,38343
9,1,38344
9,1,38345
9,1,38346
9,1,38347
8,2,38349
8,2,38351
8,2,38353
8,2,38355
9,1,38356
9,1,38357
8,2,38359
-2,2,38361
8,2,38363
9,1,38364
9,1,38365
9,1,38366
8,2,38368
9,1,38369
9,1,38370
8,2,38372
8,2,38374
9,1,38375
9,1,38376
9,1,38377
9,1,38378
9,1,38379
9,1,38380
9,1,38381
9,1,38382
9,1,38383
9,1,38384
9,1,38385
8,2,38387
9,1,38388
9,1,38389
9,1,38390
9,1,38391
7,3,38394
-1,1,38395
9,1,38396
8,2,38398
8,2,38400
8,2,38402
9,1,38403
-20,20,38423
9,1,38424
8,2,38426
-2,2,38428
9,1,38429
9,1,38430
9,1,38431
9,1,38432
9,1,38433
9,1,38434
9,1,38435
9,1,38436
9,1,38437
9,1,38438
9,1,38439
9,1,38440
-1,1,38441
8,2,38443
9,1,38444
8,2,38446
9,1,38447
-1,11,38458
9,1,38459
8,2,38461
9,1,38462
9,1,38463
9,1,38464
9,1,38465
8,2,38467
9,1,38468
9,1,38469
9,1,38470
-1,1,38471
7,3,38474
9,1,38475
8,2,38477
9,1,38478
6,4,38482
9,1,38483
9,1,38484
9,1,38485
9,1,38486
7,3,38489
9,1,38490
9,1,38491
9,1,38492
9,1,38493
8,2,38495
7,3,38498
9,1,38499
9,1,38500
9,1,38501
9,1,38502
-20,20,38522
9,1,38523
-2,2,38525
8,2,38527
9,1,38528
9,1,38529
8,2,38531
9,1,38532
9,1,38533
9,1,38534
8,2,38536
9,1,38537
9,1,38538
9,1,38539
9,1,38540
7,3,38543
9,1,38544
-1,1,38545
9,1,38546
9,1,38547
9,1,38548
9,1,38549
7,3,38552
9,1,38553
8,2,38555
9,1,38556
9,1,38557
9,1,38558
9,1,38559
9,1,38560
9,1,38561
8,2,38563
9,1,38564
9,1,38565
9,1,38566
9,1,38567
7,3,38570
9,1,38571
9,1,38572
8,2,38574
9,1,38575
9,1,38576
-1,1,38577
9,1,38578
9,1,38579
9,1,38580
9,1,38581
8,2,38583
9,1,38584
8,2,38586
-1,1,38587
8,2,38589
9,1,38590
9,1,38591
9,1,38592
3,7,38599
9,1,38600
8,2,38602
9,1,38603
-2,2,38605
6,4,38609
8,2,38611
9,1,38612
9,1,38613
9,1,38614
9,1,38615
9,1,38616
9,1,38617
9,1,38618
8,2,38620
9,1,38621
8,2,38623
9,1,38624
-1,1,38625
9,1,38626
9,1,38627
9,1,38628
9,1,38629
9,1,38630
9,1,38631
9,1,38632
8,2,38634
9,1,38635
9,1,38636
9,1,38637
8,2,38639
8,2,38641
9,1,38642
8,2,38644
8,2,38646
9,1,38647
9,1,38648
9,1,38649
9,1,38650
9,1,38651
9,1,38652
8,2,38654
9,1,38655
8,2,38657
9,1,38658
9,1,38659
9,1,38660
8,2,38662
9,1,38663
9,1,38664
9,1,38665
9,1,38666
9,1,38667
9,1,38668
9,1,38669
9,1,38670
8,2,38672
9,1,38673
9,1,38674
-1,1,38675
9,1,38676
9,1,38677
9,1,38678
8,2,38680
8,2,38682
9,1,38683
9,1,38684
9,1,38685
8,2,38687
9,1,38688
-1,1,38689
9,1,38690
9,1,38691
9,1,38692
9,1,38693
7,3,38696
9,1,38697
8,2,38699
9,1,38700
9,1,38701
9,1,38702
6,4,38706
9,1,38707
9,1,38708
9,1,38709
5,5,38714
9,1,38715
7,3,38718
9,1,38719
8,2,38721
9,1,38722
8,2,38724
-1,1,38725
8,2,38727
8,2,38729
9,1,38730
9,1,38731
-20,20,38751
9,1,38752
9,1,38753
9,1,38754
9,1,38755
8,2,38757
9,1,38758
9,1,38759
9,1,38760
9,1,38761
8,2,38763
8,2,38765
9,1,38766
9,1,38767
9,1,38768
9,1,38769
9,1,38770
9,1,38771
9,1,38772
8,2,38774
9,1,38775
7,3,38778
9,1,38779
9,1,38780
9,1,38781
9,1,38782
6,4,38786
8,2,38788
9,1,38789
9,1,38790
8,2,38792
7,3,38795
9,1,38796
8,2,38798
8,2,38800
9,1,38801
8,2,38803
8,2,38805
8,2,38807
-1,1,38808
9,1,38809
7,3,38812
8,2,38814
9,1,38815
8,2,38817
9,1,38818
9,1,38819
7,3,38822
9,1,38823
8,2,38825
8,2,38827
9,1,38828
9,1,38829
9,1,38830
8,2,38832
8,2,38834
9,1,38835
9,1,38836
-20,20,38856
9,1,38857
9,1,38858
9,1,38859
9,1,38860
9,1,38861
9,1,38862
9,1,38863
9,1,38864
9,1,38865
9,1,38866
9,1,38867
9,1,38868
9,1,38869
9,1,38870
9,1,38871
9,1,38872
9,1,38873
9,1,38874
8,2,38876
2,8,38884
9,1,38885
8,2,38887
9,1,38888
9,1,38889
9,1,38890
-1,1,38891
7,3,38894
9,1,38895
9,1,38896
9,1,38897
8,2,38899
8,2,38901
9,1,38902
-20,20,38922
9,1,38923
8,2,38925
8,2,38927
9,1,38928
9,1,38929
9,1,38930
9,1,38931
7,3,38934
9,1,38935
9,1,38936
9,1,38937
9,1,38938
9,1,38939
9,1,38940
9,1,38941
9,1,38942
9,1,38943
9,1,38944
9,1,38945
9,1,38946
9,1,38947
9,1,38948
8,2,38950
9,1,38951
9,1,38952
9,1,38953
9,1,38954
9,1,38955
-7,17,38972
9,1,38973
9,1,38974
9,1,38975
8,2,38977
8,2,38979
9,1,38980
8,2,38982
8,2,38984
9,1,38985
8,2,38987
9,1,38988
9,1,38989
9,1,38990
9,1,38991
9,1,38992
9,1,38993
9,1,38994
9,1,38995
-20,20,39015
9,1,39016
9,1,39017
-1,1,39018
8,2,39020
9,1,39021
9,1,39022
5,5,39027
9,1,39028
9,1,39029
9,1,39030
9,1,39031
9,1,39032
9,1,39033
9,1,39034
9,1,39035
9,1,39036
9,1,39037
8,2,39039
9,1,39040
8,2,39042
9,1,39043
9,1,39044
9,1,39045
8,2,39047
8,2,39049
9,1,39050
8,2,39052
9,1,39053
9,1,39054
8,2,39056
9,1,39057
9,1,39058
9,1,39059
9,1,39060
9,1,39061
9,1,39062
9,1,39063
8,2,39065
9,1,39066
9,1,39067
9,1,39068
9,1,39069
8,2,39071
-2,2,39073
9,1,39074
9,1,39075
9,1,39076
9,1,39077
4,6,39083
9,1,39084
9,1,39085
9,1,39086
9,1,39087
9,1,39088
9,1,39089
9,1,39090
9,1,39091
9,1,39092
9,1,39093
9,1,39094
8,2,39096
9,1,39097
5,5,39102
8,2,39104
9,1,39105
-1,1,39106
9,1,39107
9,1,39108
9,1,39109
-1,1,39110
-1,1,39111
9,1,39112
8,2,39114
9,1,39115
9,1,39116
9,1,39117
9,1,39118
8,2,39120
9,1,39121
9,1,39122
9,1,39123
8,2,39125
9,1,39126
-1,1,39127
9,1,39128
8,2,39130
8,2,39132
9,1,39133
7,3,39136
9,1,39137
8,2,39139
9,1,39140
9,1,39141
9,1,39142
8,2,39144
9,1,39145
9,1,39146
9,1,39147
7,3,39150
7,3,39153
9,1,39154
9,1,39155
9,1,39156
9,1,39157
8,2,39159
7,3,39162
9,1,39163
9,1,39164
8,2,39166
9,1,39167
9,1,39168
8,2,39170
9,1,39171
8,2,39173
8,2,39175
9,1,39176
9,1,39177
9,1,39178
7,3,39181
9,1,39182
9,1,39183
8,2,39185
9,1,39186
9,1,39187
9,1,39188
9,1,39189
7,3,39192
8,2,39194
9,1,39195
9,1,39196
8,2,39198
9,1,39199
8,2,39201
8,2,39203
9,1,39204
9,1,39205
9,1,39206
9,1,39207
-20,20,39227
8,2,39229
8,2,39231
9,1,39232
9,1,39233
9,1,39234
9,1,39235
9,1,39236
9,1,39237
9,1,39238
9,1,39239
8,2,39241
8,2,39243
8,2,39245
9,1,39246
9,1,39247
9,1,39248
9,1,39249
8,2,39251
8,2,39253
9,1,39254
9,1,39255
9,1,39256
9,1,39257
9,1,39258
9,1,39259
9,1,39260
-1,1,39261
9,1,39262
9,1,39263
9,1,39264
-1,1,39265
9,1,39266
8,2,39268
9,1,39269
9,1,39270
9,1,39271
9,1,39272
8,2,39274
8,2,39276
9,1,39277
9,1,39278
9,1,39279
9,1,39280
-4,4,39284
9,1,39285
6,4,39289
9,1,39290
8,2,39292
9,1,39293
9,1,39294
-2,2,39296
9,1,39297
8,2,39299
9,1,39300
9,1,39301
8,2,39303
9,1,39304
8,2,39306
6,4,39310
7,3,39313
8,2,39315
9,1,39316
8,2,39318
9,1,39319
9,1,39320
9,1,39321
8,2,39323
9,1,39324
9,1,39325
9,1,39326
9,1,39327
9,1,39328
8,2,39330
9,1,39331
9,1,39332
9,1,39333
9,1,39334
9,1,39335
9,1,39336
8,2,39338
9,1,39339
9,1,39340
9,1,39341
9,1,39342
9,1,39343
9,1,39344
9,1,39345
9,1,39346
9,1,39347
9,1,39348
8,2,39350
9,1,39351
9,1,39352
7,3,39355
9,1,39356
9,1,39357
9,1,39358
9,1,39359
9,1,39360
8,2,39362
-1,1,39363
8,2,39365
9,1,39366
8,2,39368
9,1,39369
8,2,39371
9,1,39372
9,1,39373
9,1,39374
7,3,39377
9,1,39378
9,1,39379
7,3,39382
9,1,39383
9,1,39384
9,1,39385
8,2,39387
9,1,39388
8,2,39390
9,1,39391
9,1,39392
9,1,39393
9,1,39394
8,2,39396
9,1,39397
6,4,39401
9,1,39402
9,1,39403
7,3,39406
9,1,39407
9,1,39408
-7,17,39425
8,2,39427
9,1,39428
8,2,39430
9,1,39431
8,2,39433
9,1,39434
-1,1,39435
-1,1,39436
9,1,39437
9,1,39438
8,2,39440
8,2,39442
9,1,39443
9,1,39444
9,1,39445
9,1,39446
9,1,39447
9,1,39448
9,1,39449
8,2,39451
9,1,39452
8,2,39454
-1,1,39455
9,1,39456
9,1,39457
9,1,39458
9,1,39459
9,1,39460
9,1,39461
-1,1,39462
9,1,39463
9,1,39464
9,1,39465
9,1,39466
9,1,39467
8,2,39469
9,1,39470
9,1,39471
8,2,39473
8,2,39475
9,1,39476
9,1,39477
9,1,39478
9,1,39479
9,1,39480
8,2,39482
9,1,39483
8,2,39485
9,1,39486
8,2,39488
8,2,39490
8,2,39492
9,1,39493
9,1,39494
9,1,39495
9,1,39496
8,2,39498
8,2,39500
9,1,39501
9,1,39502
9,1,39503
9,1,39504
9,1,39505
9,1,39506
9,1,39507
9,1,39508
9,1,39509
9,1,39510
8,2,39512
9,1,39513
9,1,39514
7,3,39517
9,1,39518
9,1,39519
9,1,39520
8,2,39522
8,2,39524
9,1,39525
9,1,39526
9,1,39527
8,2,39529
-1,1,39530
9,1,39531
8,2,39533
9,1,39534
9,1,39535
-20,20,39555
9,1,39556
9,1,39557
9,1,39558
9,1,39559
8,2,39561
7,3,39564
9,1,39565
9,1,39566
9,1,39567
9,1,39568
9,1,39569
8,2,39571
7,3,39574
9,1,39575
9,1,39576
9,1,39577
8,2,39579
8,2,39581
4,6,39587
8,2,39589
9,1,39590
8,2,39592
8,2,39594
9,1,39595
8,2,39597
9,1,39598
9,1,39599
9,1,39600
8,2,39602
9,1,39603
9,1,39604
9,1,39605
8,2,39607
9,1,39608
9,1,39609
8,2,39611
9,1,39612
9,1,39613
9,1,39614
9,1,39615
9,1,39616
9,1,39617
-20,20,39637
9,1,39638
9,1,39639
9,1,39640
8,2,39642
8,2,39644
9,1,39645
9,1,39646
-1,1,39647
9,1,39648
9,1,39649
8,2,39651
9,1,39652
9,1,39653
9,1,39654
7,3,39657
9,1,39658
9,1,39659
9,1,39660
8,2,39662
7,3,39665
9,1,39666
8,2,39668
8,2,39670
8,2,39672
9,1,39673
9,1,39674
9,1,39675
9,1,39676
9,1,39677
9,1,39678
9,1,39679
9,1,39680
9,1,39681
9,1,39682
8,2,39684
9,1,39685
9,1,39686
9,1,39687
8,2,39689
9,1,39690
9,1,39691
9,1,39692
9,1,39693
9,1,39694
9,1,39695
9,1,39696
9,1,39697
9,1,39698
9,1,39699
8,2,39701
8,2,39703
8,2,39705
-1,1,39706
8,2,39708
6,4,39712
9,1,39713
9,1,39714
-1,1,39715
9,1,39716
9,1,39717
9,1,39718
9,1,39719
9,1,39720
9,1,39721
9,1,39722
9,1,39723
8,2,39725
9,1,39726
9,1,39727
8,2,39729
9,1,39730
8,2,39732
8,2,39734
9,1,39735
9,1,39736
9,1,39737
8,2,39739
9,1,39740
9,1,39741
8,2,39743
9,1,39744
9,1,39745
9,1,39746
9,1,39747
9,1,39748
9,1,39749
9,1,39750
9,1,39751
9,1,39752
9,1,39753
9,1,39754
9,1,39755
9,1,39756
9,1,39757
9,1,39758
9,1,39759
2,8,39767
9,1,39768
9,1,39769
9,1,39770
9,1,39771
9,1,39772
9,1,39773
8,2,39775
9,1,39776
9,1,39777
7,3,39780
9,1,39781
9,1,39782
9,1,39783
9,1,39784
9,1,39785
9,1,39786
9,1,39787
9,1,39788
-1,1,39789
9,1,39790
9,1,39791
8,2,39793
8,2,39795
9,1,39796
9,1,39797
9,1,39798
9,1,39799
9,1,39800
9,1,39801
9,1,39802
7,3,39805
9,1,39806
9,1,39807
9,1,39808
8,2,39810
8,2,39812
9,1,39813
9,1,39814
9,1,39815
7,3,39818
7,3,39821
8,2,39823
9,1,39824
9,1,39825
9,1,39826
-2,2,39828
9,1,39829
9,1,39830
9,1,39831
9,1,39832
6,4,39836
9,1,39837
9,1,39838
9,1,39839
9,1,39840
9,1,39841
-1,1,39842
9,1,39843
9,1,39844
9,1,39845
9,1,39846
8,2,39848
9,1,39849
8,2,39851
9,1,39852
9,1,39853
9,1,39854
9,1,39855
9,1,39856
9,1,39857
9,1,39858
9,1,39859
9,1,39860
8,2,39862
3,7,39869
9,1,39870
9,1,39871
9,1,39872
9,1,39873
9,1,39874
9,1,39875
9,1,39876
9,1,39877
9,1,39878
9,1,39879
9,1,39880
8,2,39882
9,1,39883
9,1,39884
9,1,39885
8,2,39887
9,1,39888
9,1,39889
8,2,39891
9,1,39892
9,1,39893
7,3,39896
9,1,39897
9,1,39898
9,1,39899
9,1,39900
-1,1,39901
9,1,39902
9,1,39903
9,1,39904
9,1,39905
9,1,39906
8,2,39908
9,1,39909
9,1,39910
9,1,39911
9,1,39912
9,1,39913
9,1,39914
8,2,39916
9,1,39917
9,1,39918
7,3,39921
9,1,39922
9,1,39923
9,1,39924
7,3,39927
9,1,39928
9,1,39929
9,1,39930
7,3,39933
9,1,39934
9,1,39935
9,1,39936
-1,1,39937
9,1,39938
8,2,39940
9,1,39941
-1,1,39942
8,2,39944
8,2,39946
9,1,39947
9,1,39948
8,2,39950
9,1,39951
9,1,39952
9,1,39953
9,1,39954
9,1,39955
9,1,39956
8,2,39958
-8,18,39976
9,1,39977
-20,20,39997
9,1,39998
9,1,39999
9,1,40000
