episodic_return,episode_length,total_steps
0,0,0
-11,9,9
-8,5,14
-9,6,20
-7,4,24
-5,1,25
-5,2,27
-18,16,43
-5,1,44
-7,4,48
-5,2,50
-5,2,52
-6,3,55
-10,7,62
-19,20,82
-18,20,102
-5,1,103
-10,7,110
-8,6,116
-12,12,128
-5,1,129
-18,20,149
-8,5,154
-8,5,159
-5,2,161
-17,15,176
-5,1,177
-5,1,178
-18,20,198
-9,7,205
-9,6,211
-5,2,213
-6,3,216
-11,9,225
-5,1,226
-18,20,246
-18,20,266
-6,3,269
-16,13,282
-19,16,298
-9,6,304
-18,20,324
-17,20,344
-19,20,364
-12,9,373
-19,20,393
-8,6,399
-19,20,419
-8,5,424
-5,2,426
-18,20,446
-5,2,448
-8,5,453
-9,6,459
-19,20,479
-5,1,480
-12,9,489
-8,5,494
-19,20,514
-18,20,534
-14,11,545
-19,20,565
-7,4,569
-19,20,589
-5,1,590
-19,20,610
-19,20,630
-19,20,650
-18,20,670
-17,20,690
-5,2,692
-8,6,698
-19,20,718
-9,6,724
-18,20,744
-17,20,764
-7,5,769
-18,20,789
-6,3,792
-18,20,812
-19,20,832
-15,20,852
-12,9,861
-17,20,881
-17,20,901
-18,20,921
-23,20,941
-6,3,944
-7,6,950
-19,20,970
-5,2,972
-16,15,987
-19,20,1007
-9,6,1013
-18,20,1033
-9,8,1041
-8,7,1048
-18,20,1068
-6,3,1071
-5,1,1072
-18,15,1087
-19,17,1104
-5,1,1105
-8,6,1111
-7,4,1115
-18,15,1130
-5,1,1131
-10,8,1139
-12,9,1148
-5,1,1149
-13,10,1159
21,2,1161
-18,20,1181
-8,6,1187
-5,1,1188
-5,1,1189
-5,1,1190
-16,20,1210
-8,5,1215
-5,2,1217
-9,7,1224
-5,2,1226
-19,20,1246
-8,5,1251
21,2,1253
-6,3,1256
-5,2,1258
-12,9,1267
-10,8,1275
-8,5,1280
-7,5,1285
-6,3,1288
21,1,1289
-6,3,1292
-5,1,1293
-5,1,1294
-5,1,1295
-8,5,1300
-5,2,1302
-19,20,1322
-19,20,1342
21,2,1344
-5,1,1345
-5,3,1348
21,1,1349
-5,1,1350
-6,3,1353
-6,3,1356
-6,3,1359
-5,1,1360
21,1,1361
-19,20,1381
21,1,1382
-11,8,1390
-5,2,1392
-19,20,1412
21,1,1413
-5,1,1414
21,1,1415
-19,20,1435
-19,20,1455
-5,1,1456
21,1,1457
-5,2,1459
21,1,1460
-18,20,1480
-19,20,1500
21,2,1502
-5,1,1503
-19,20,1523
-5,1,1524
-5,1,1525
-7,4,1529
21,1,1530
-5,1,1531
21,1,1532
-18,20,1552
-20,17,1569
21,1,1570
-19,20,1590
21,3,1593
21,2,1595
-5,1,1596
-5,1,1597
-18,20,1617
21,1,1618
-19,20,1638
21,1,1639
21,1,1640
-5,1,1641
-5,1,1642
21,1,1643
21,1,1644
-5,1,1645
21,2,1647
-19,20,1667
-19,20,1687
-5,1,1688
-5,1,1689
-8,5,1694
-5,1,1695
21,1,1696
-5,1,1697
-19,20,1717
20,1,1718
-19,20,1738
-19,20,1758
-19,20,1778
-19,20,1798
20,1,1799
21,1,1800
21,1,1801
21,1,1802
-5,1,1803
-19,20,1823
-19,20,1843
-19,20,1863
21,1,1864
20,1,1865
21,1,1866
-10,7,1873
-5,1,1874
-5,1,1875
21,1,1876
-5,2,1878
-20,18,1896
21,1,1897
-5,1,1898
21,1,1899
-19,20,1919
-18,20,1939
21,1,1940
21,1,1941
-5,1,1942
-5,1,1943
-8,5,1948
21,2,1950
21,1,1951
21,1,1952
21,1,1953
21,1,1954
21,1,1955
21,1,1956
20,1,1957
-19,20,1977
20,3,1980
-19,20,2000
-5,1,2001
-19,20,2021
-19,20,2041
-5,1,2042
21,1,2043
-19,20,2063
-19,20,2083
-5,1,2084
-19,20,2104
21,1,2105
21,1,2106
21,1,2107
21,1,2108
-18,20,2128
21,1,2129
21,1,2130
21,1,2131
-19,20,2151
20,1,2152
-18,20,2172
-5,1,2173
21,1,2174
-13,10,2184
-5,1,2185
21,1,2186
21,1,2187
21,1,2188
21,1,2189
21,1,2190
21,1,2191
-18,20,2211
-5,2,2213
-7,4,2217
-5,1,2218
21,1,2219
21,1,2220
21,1,2221
20,1,2222
-5,1,2223
-19,16,2239
-5,1,2240
21,1,2241
21,1,2242
-5,1,2243
-5,1,2244
-18,20,2264
-5,1,2265
-5,1,2266
21,1,2267
-5,1,2268
-5,1,2269
21,1,2270
-5,2,2272
-7,4,2276
21,1,2277
21,1,2278
-5,2,2280
21,1,2281
-5,1,2282
-5,1,2283
-19,20,2303
21,1,2304
-5,1,2305
-18,20,2325
-19,20,2345
21,1,2346
-19,20,2366
-5,1,2367
-5,1,2368
21,1,2369
-5,1,2370
-5,1,2371
21,1,2372
-5,1,2373
21,1,2374
-14,11,2385
-19,20,2405
-22,19,2424
21,1,2425
20,1,2426
20,1,2427
20,1,2428
21,1,2429
21,1,2430
21,1,2431
21,1,2432
-19,20,2452
-5,1,2453
21,1,2454
-19,20,2474
-19,20,2494
21,1,2495
-19,20,2515
21,1,2516
21,1,2517
21,1,2518
-5,1,2519
-5,1,2520
21,1,2521
21,1,2522
21,1,2523
-5,1,2524
21,1,2525
-19,20,2545
21,1,2546
21,1,2547
-18,20,2567
21,1,2568
21,1,2569
-5,1,2570
21,1,2571
21,1,2572
-5,2,2574
-5,1,2575
-18,20,2595
21,1,2596
-19,20,2616
21,1,2617
21,1,2618
-18,20,2638
21,1,2639
21,1,2640
20,3,2643
-19,20,2663
21,1,2664
-5,1,2665
-19,20,2685
21,1,2686
-5,2,2688
-5,1,2689
21,1,2690
-19,20,2710
-18,20,2730
21,1,2731
-19,20,2751
-6,3,2754
21,1,2755
21,1,2756
21,1,2757
-5,1,2758
21,1,2759
-19,20,2779
21,1,2780
-5,1,2781
-19,20,2801
-6,3,2804
21,1,2805
-5,2,2807
21,1,2808
-5,1,2809
-5,1,2810
-8,5,2815
21,1,2816
21,1,2817
-5,1,2818
-19,20,2838
21,1,2839
21,1,2840
-5,1,2841
21,1,2842
-5,2,2844
-5,1,2845
21,1,2846
20,1,2847
20,1,2848
-5,1,2849
21,1,2850
20,1,2851
21,1,2852
21,1,2853
21,1,2854
-11,9,2863
-5,1,2864
-5,1,2865
-19,20,2885
-5,1,2886
-5,2,2888
10,12,2900
21,1,2901
-5,1,2902
21,1,2903
-5,1,2904
-6,3,2907
19,6,2913
-18,20,2933
21,2,2935
-23,20,2955
-18,20,2975
-5,1,2976
-19,20,2996
-19,20,3016
-18,20,3036
-15,12,3048
-6,3,3051
-7,4,3055
-5,1,3056
5,20,3076
-5,1,3077
16,8,3085
21,1,3086
21,2,3088
19,4,3092
-5,2,3094
21,1,3095
-9,9,3104
-5,1,3105
20,1,3106
-18,20,3126
-18,20,3146
19,4,3150
-5,1,3151
-5,1,3152
-5,1,3153
-19,20,3173
21,1,3174
-18,20,3194
21,1,3195
21,2,3197
-19,20,3217
18,6,3223
21,1,3224
21,1,3225
20,1,3226
-19,20,3246
-19,20,3266
-17,20,3286
17,7,3293
-19,20,3313
-19,20,3333
-18,20,3353
12,12,3365
-5,1,3366
21,3,3369
-19,20,3389
18,5,3394
21,2,3396
21,1,3397
21,1,3398
21,1,3399
21,1,3400
-16,20,3420
-19,20,3440
21,1,3441
-19,20,3461
-8,5,3466
21,1,3467
21,1,3468
-9,7,3475
21,1,3476
-5,2,3478
21,1,3479
-18,20,3499
-5,1,3500
21,1,3501
-5,1,3502
21,1,3503
20,1,3504
21,1,3505
-5,1,3506
-18,20,3526
-5,1,3527
20,3,3530
21,1,3531
-5,1,3532
21,2,3534
21,1,3535
-19,20,3555
-13,10,3565
21,1,3566
20,1,3567
19,5,3572
-18,20,3592
21,2,3594
21,1,3595
-5,1,3596
20,1,3597
21,2,3599
-5,1,3600
-15,20,3620
21,1,3621
21,2,3623
20,1,3624
21,3,3627
21,2,3629
-5,1,3630
21,1,3631
21,1,3632
-18,20,3652
-5,1,3653
-5,1,3654
-5,1,3655
21,1,3656
21,1,3657
21,1,3658
-5,1,3659
-19,20,3679
21,1,3680
21,1,3681
-19,20,3701
20,1,3702
21,2,3704
21,1,3705
21,1,3706
-8,5,3711
21,1,3712
20,1,3713
21,1,3714
21,1,3715
-19,20,3735
-19,20,3755
-19,20,3775
-19,20,3795
21,1,3796
-5,2,3798
21,1,3799
21,1,3800
21,1,3801
21,1,3802
21,1,3803
21,1,3804
21,1,3805
-19,20,3825
-19,20,3845
-18,20,3865
-19,20,3885
-18,20,3905
21,1,3906
21,1,3907
21,1,3908
21,1,3909
-18,20,3929
-16,20,3949
21,1,3950
21,1,3951
-11,9,3960
20,4,3964
21,1,3965
21,1,3966
21,1,3967
20,4,3971
-17,20,3991
21,2,3993
-5,1,3994
21,1,3995
-5,1,3996
21,1,3997
21,1,3998
21,2,4000
21,1,4001
21,4,4005
21,2,4007
21,1,4008
21,1,4009
-5,3,4012
21,1,4013
21,2,4015
-14,20,4035
21,1,4036
21,1,4037
-5,2,4039
21,2,4041
21,1,4042
21,2,4044
21,1,4045
21,2,4047
18,10,4057
21,1,4058
21,2,4060
21,2,4062
21,2,4064
21,1,4065
21,1,4066
21,1,4067
21,2,4069
21,1,4070
21,1,4071
-5,1,4072
21,1,4073
21,1,4074
-6,4,4078
21,2,4080
21,1,4081
-5,2,4083
21,2,4085
21,1,4086
21,2,4088
21,1,4089
21,5,4094
-5,1,4095
21,1,4096
21,1,4097
21,1,4098
21,1,4099
21,1,4100
21,3,4103
21,4,4107
21,1,4108
21,2,4110
-5,2,4112
20,5,4117
20,2,4119
20,1,4120
-5,1,4121
-10,9,4130
21,1,4131
21,2,4133
-5,1,4134
21,1,4135
21,2,4137
21,1,4138
21,3,4141
21,2,4143
21,1,4144
21,2,4146
21,2,4148
20,1,4149
21,1,4150
21,1,4151
21,2,4153
21,3,4156
21,2,4158
21,2,4160
-6,3,4163
21,2,4165
21,2,4167
21,3,4170
21,2,4172
21,2,4174
21,1,4175
21,2,4177
21,1,4178
-20,17,4195
21,2,4197
21,1,4198
-5,3,4201
21,1,4202
21,1,4203
21,1,4204
21,1,4205
21,1,4206
21,2,4208
21,1,4209
21,2,4211
21,2,4213
21,2,4215
21,1,4216
21,1,4217
-6,5,4222
-5,1,4223
-5,1,4224
21,2,4226
-5,1,4227
21,2,4229
21,1,4230
21,1,4231
15,11,4242
-8,5,4247
-5,1,4248
21,1,4249
21,1,4250
21,1,4251
21,1,4252
-11,10,4262
-5,1,4263
-5,1,4264
21,2,4266
-5,1,4267
21,1,4268
-5,1,4269
21,1,4270
-5,2,4272
21,1,4273
-5,1,4274
21,1,4275
21,2,4277
21,1,4278
-5,1,4279
21,1,4280
21,1,4281
21,1,4282
-5,1,4283
-5,2,4285
21,1,4286
21,1,4287
21,1,4288
21,2,4290
21,1,4291
-7,4,4295
-5,1,4296
-6,3,4299
-5,2,4301
21,1,4302
-5,1,4303
-5,1,4304
-5,1,4305
21,1,4306
21,1,4307
20,2,4309
21,1,4310
21,1,4311
16,7,4318
21,1,4319
-7,5,4324
21,1,4325
21,2,4327
21,1,4328
-5,1,4329
-5,2,4331
21,1,4332
-5,1,4333
21,2,4335
-12,9,4344
21,2,4346
21,1,4347
-9,6,4353
-5,1,4354
21,1,4355
21,1,4356
21,1,4357
21,1,4358
21,1,4359
-5,1,4360
21,1,4361
-5,1,4362
21,1,4363
21,1,4364
21,1,4365
20,1,4366
21,1,4367
-5,1,4368
21,1,4369
21,1,4370
21,1,4371
-5,1,4372
21,3,4375
21,2,4377
20,1,4378
21,1,4379
-5,2,4381
-5,1,4382
21,1,4383
21,1,4384
21,1,4385
21,2,4387
21,1,4388
21,2,4390
-5,2,4392
-5,1,4393
21,2,4395
-5,1,4396
21,2,4398
21,1,4399
21,1,4400
-5,1,4401
21,1,4402
-5,1,4403
21,1,4404
21,1,4405
21,1,4406
21,1,4407
20,1,4408
-5,2,4410
-9,7,4417
-5,1,4418
-5,1,4419
21,1,4420
-5,1,4421
21,1,4422
-5,1,4423
20,1,4424
-18,18,4442
21,1,4443
21,2,4445
-5,1,4446
20,2,4448
21,2,4450
21,1,4451
21,3,4454
21,2,4456
20,2,4458
21,1,4459
21,2,4461
20,1,4462
21,1,4463
21,1,4464
-5,1,4465
21,3,4468
21,2,4470
21,1,4471
21,1,4472
21,1,4473
-5,1,4474
21,2,4476
21,2,4478
-5,2,4480
-5,1,4481
21,2,4483
20,1,4484
21,1,4485
21,1,4486
21,1,4487
20,1,4488
21,1,4489
-5,2,4491
21,1,4492
-5,1,4493
-5,1,4494
21,1,4495
21,1,4496
-5,1,4497
20,2,4499
21,1,4500
-5,2,4502
21,1,4503
21,2,4505
21,1,4506
-17,20,4526
21,2,4528
21,1,4529
21,2,4531
21,2,4533
21,1,4534
21,1,4535
-5,1,4536
21,1,4537
-5,1,4538
21,1,4539
21,2,4541
20,2,4543
-5,1,4544
-5,1,4545
21,2,4547
21,1,4548
21,2,4550
21,2,4552
21,1,4553
21,2,4555
21,2,4557
21,1,4558
20,1,4559
-5,1,4560
-5,1,4561
21,2,4563
21,1,4564
21,2,4566
21,1,4567
21,1,4568
-5,2,4570
-5,1,4571
21,1,4572
21,2,4574
21,2,4576
21,1,4577
21,1,4578
21,2,4580
-5,2,4582
21,2,4584
-5,1,4585
21,2,4587
21,1,4588
21,1,4589
21,2,4591
21,1,4592
-5,2,4594
21,1,4595
21,1,4596
21,2,4598
-5,1,4599
-5,1,4600
21,1,4601
21,1,4602
20,1,4603
20,1,4604
21,1,4605
21,1,4606
21,2,4608
-5,1,4609
21,1,4610
-5,1,4611
21,3,4614
21,1,4615
21,1,4616
21,1,4617
21,2,4619
21,2,4621
21,1,4622
21,2,4624
21,1,4625
-5,1,4626
21,2,4628
21,2,4630
21,2,4632
21,2,4634
21,1,4635
21,1,4636
-5,1,4637
21,1,4638
20,2,4640
21,2,4642
-5,1,4643
21,2,4645
21,1,4646
-5,1,4647
21,1,4648
21,2,4650
21,2,4652
-5,2,4654
21,2,4656
20,3,4659
-5,1,4660
-5,2,4662
21,2,4664
21,1,4665
21,1,4666
-5,1,4667
21,1,4668
-5,1,4669
21,2,4671
21,1,4672
21,3,4675
21,2,4677
20,3,4680
21,2,4682
21,2,4684
21,2,4686
21,1,4687
21,1,4688
21,2,4690
21,1,4691
21,1,4692
21,2,4694
21,1,4695
-5,2,4697
21,2,4699
20,2,4701
21,1,4702
21,1,4703
21,1,4704
-5,2,4706
21,2,4708
-5,1,4709
20,1,4710
21,1,4711
-5,1,4712
21,1,4713
-5,2,4715
21,1,4716
21,2,4718
-5,1,4719
21,2,4721
21,1,4722
21,1,4723
-9,7,4730
21,2,4732
21,2,4734
-5,1,4735
21,1,4736
21,1,4737
21,2,4739
21,2,4741
21,1,4742
21,1,4743
21,4,4747
-6,4,4751
21,2,4753
-5,1,4754
21,2,4756
-5,1,4757
21,1,4758
21,2,4760
21,1,4761
21,2,4763
-5,1,4764
21,1,4765
21,2,4767
21,1,4768
-5,1,4769
21,2,4771
-5,1,4772
-5,2,4774
-5,1,4775
21,1,4776
-5,2,4778
21,2,4780
21,2,4782
-5,1,4783
20,1,4784
-5,2,4786
21,2,4788
-5,4,4792
21,2,4794
-5,1,4795
-5,1,4796
-5,2,4798
21,2,4800
21,2,4802
-5,3,4805
21,2,4807
21,2,4809
-5,3,4812
21,2,4814
21,2,4816
21,2,4818
21,2,4820
21,2,4822
21,2,4824
21,2,4826
21,2,4828
21,2,4830
21,2,4832
21,3,4835
-5,3,4838
21,2,4840
21,2,4842
21,4,4846
-11,10,4856
-5,2,4858
21,2,4860
21,3,4863
21,2,4865
21,1,4866
-21,19,4885
21,1,4886
21,2,4888
21,2,4890
21,2,4892
-5,2,4894
-5,2,4896
-5,1,4897
21,2,4899
21,1,4900
20,2,4902
21,3,4905
21,2,4907
21,2,4909
21,1,4910
-5,3,4913
21,3,4916
-6,3,4919
20,3,4922
-5,1,4923
21,2,4925
21,1,4926
21,1,4927
21,2,4929
21,1,4930
-11,9,4939
21,2,4941
21,1,4942
-5,3,4945
-9,6,4951
21,2,4953
-5,2,4955
-7,5,4960
-5,1,4961
21,1,4962
21,1,4963
21,2,4965
-5,1,4966
21,4,4970
18,5,4975
-5,3,4978
-5,1,4979
21,2,4981
21,3,4984
20,5,4989
21,2,4991
21,2,4993
21,2,4995
21,2,4997
-5,2,4999
21,2,5001
21,2,5003
21,1,5004
-5,2,5006
-15,12,5018
-5,2,5020
-5,1,5021
21,1,5022
19,4,5026
15,9,5035
-5,2,5037
21,2,5039
21,1,5040
-5,3,5043
-5,1,5044
21,1,5045
20,3,5048
21,2,5050
-5,2,5052
21,2,5054
21,2,5056
21,2,5058
-5,4,5062
21,3,5065
21,3,5068
21,2,5070
-7,4,5074
-5,1,5075
21,1,5076
21,2,5078
21,2,5080
21,2,5082
21,1,5083
21,2,5085
21,1,5086
-5,3,5089
21,2,5091
21,2,5093
21,2,5095
21,2,5097
20,3,5100
21,2,5102
21,3,5105
-5,2,5107
21,2,5109
21,1,5110
-5,1,5111
21,2,5113
21,3,5116
21,2,5118
19,4,5122
21,2,5124
21,2,5126
21,2,5128
-5,2,5130
-5,2,5132
21,2,5134
21,1,5135
-6,4,5139
20,3,5142
21,2,5144
-5,3,5147
21,2,5149
21,2,5151
21,1,5152
21,2,5154
-5,1,5155
21,1,5156
-6,3,5159
21,1,5160
21,2,5162
21,2,5164
21,1,5165
21,1,5166
21,2,5168
21,2,5170
21,2,5172
21,2,5174
-5,3,5177
21,1,5178
21,2,5180
21,2,5182
21,2,5184
21,2,5186
20,4,5190
20,4,5194
21,1,5195
21,1,5196
19,6,5202
21,1,5203
21,2,5205
20,2,5207
-5,2,5209
21,2,5211
-5,1,5212
21,2,5214
21,1,5215
21,2,5217
20,3,5220
21,2,5222
21,1,5223
20,3,5226
21,1,5227
21,2,5229
-9,6,5235
-5,1,5236
20,3,5239
-5,2,5241
21,2,5243
21,3,5246
21,2,5248
20,1,5249
20,3,5252
21,2,5254
-5,1,5255
21,2,5257
-5,2,5259
21,2,5261
21,2,5263
-5,2,5265
20,2,5267
-5,1,5268
21,2,5270
21,2,5272
21,2,5274
21,2,5276
21,2,5278
21,3,5281
21,3,5284
21,2,5286
-5,2,5288
21,2,5290
-6,4,5294
21,2,5296
-7,4,5300
21,2,5302
21,1,5303
-5,1,5304
21,1,5305
21,2,5307
21,1,5308
21,2,5310
21,2,5312
21,1,5313
-5,2,5315
21,2,5317
21,2,5319
20,3,5322
21,1,5323
21,2,5325
-5,2,5327
21,2,5329
21,2,5331
21,2,5333
-8,6,5339
21,2,5341
21,2,5343
-5,1,5344
21,3,5347
21,2,5349
-5,4,5353
21,1,5354
21,2,5356
-5,1,5357
21,2,5359
19,4,5363
21,2,5365
21,2,5367
21,1,5368
21,2,5370
21,1,5371
-5,1,5372
21,1,5373
20,3,5376
-5,4,5380
21,2,5382
21,2,5384
20,4,5388
21,2,5390
-6,4,5394
21,1,5395
21,2,5397
21,2,5399
21,3,5402
21,1,5403
-5,3,5406
18,8,5414
21,1,5415
21,2,5417
-5,3,5420
21,2,5422
21,3,5425
21,2,5427
21,3,5430
21,2,5432
21,2,5434
21,2,5436
21,1,5437
21,2,5439
-5,2,5441
-5,2,5443
21,2,5445
21,2,5447
20,2,5449
-5,3,5452
-5,2,5454
21,3,5457
21,1,5458
21,2,5460
21,2,5462
21,1,5463
21,1,5464
21,2,5466
21,1,5467
21,2,5469
-5,3,5472
-5,2,5474
21,2,5476
21,3,5479
21,2,5481
21,1,5482
21,2,5484
21,2,5486
21,1,5487
21,2,5489
-5,3,5492
21,4,5496
21,3,5499
21,2,5501
21,2,5503
-5,3,5506
21,2,5508
20,6,5514
21,2,5516
21,2,5518
-5,3,5521
21,2,5523
21,2,5525
21,2,5527
21,2,5529
21,1,5530
21,2,5532
21,2,5534
-5,2,5536
21,1,5537
21,1,5538
-6,4,5542
21,2,5544
21,1,5545
21,2,5547
21,2,5549
21,2,5551
21,3,5554
21,3,5557
21,2,5559
-8,6,5565
21,1,5566
21,1,5567
21,2,5569
21,2,5571
21,2,5573
-6,3,5576
21,2,5578
-5,3,5581
19,6,5587
21,2,5589
21,2,5591
21,2,5593
21,2,5595
20,3,5598
21,2,5600
-5,2,5602
21,2,5604
21,2,5606
21,2,5608
-6,3,5611
21,1,5612
21,3,5615
21,1,5616
21,1,5617
21,2,5619
21,2,5621
21,2,5623
21,2,5625
21,2,5627
21,2,5629
21,2,5631
-5,2,5633
21,2,5635
21,2,5637
21,1,5638
21,2,5640
21,3,5643
21,1,5644
21,2,5646
21,2,5648
-5,2,5650
21,2,5652
21,2,5654
21,2,5656
20,3,5659
-5,2,5661
-5,1,5662
21,2,5664
21,2,5666
21,2,5668
21,1,5669
21,2,5671
21,2,5673
21,2,5675
21,2,5677
21,3,5680
21,2,5682
-5,2,5684
21,3,5687
21,1,5688
21,2,5690
21,2,5692
21,2,5694
21,1,5695
21,3,5698
21,2,5700
-5,2,5702
20,3,5705
21,2,5707
21,2,5709
21,2,5711
21,3,5714
21,2,5716
21,2,5718
21,2,5720
21,1,5721
21,1,5722
21,1,5723
21,2,5725
21,2,5727
21,1,5728
21,2,5730
-5,1,5731
21,1,5732
21,2,5734
21,2,5736
21,2,5738
-5,1,5739
21,2,5741
21,2,5743
21,2,5745
-5,2,5747
21,2,5749
21,2,5751
21,2,5753
21,2,5755
-5,1,5756
20,4,5760
21,2,5762
-5,2,5764
-5,2,5766
21,1,5767
21,2,5769
21,1,5770
-5,1,5771
21,1,5772
21,2,5774
20,3,5777
21,2,5779
21,3,5782
20,2,5784
21,2,5786
21,2,5788
-5,2,5790
21,2,5792
21,1,5793
21,2,5795
-5,1,5796
-5,1,5797
21,2,5799
21,2,5801
21,4,5805
21,2,5807
21,2,5809
21,2,5811
21,2,5813
21,2,5815
21,3,5818
21,2,5820
21,2,5822
21,2,5824
21,2,5826
21,2,5828
21,1,5829
21,2,5831
-18,20,5851
-5,1,5852
21,2,5854
-5,2,5856
21,1,5857
21,2,5859
21,2,5861
21,2,5863
21,1,5864
21,2,5866
21,3,5869
21,2,5871
21,2,5873
21,2,5875
21,2,5877
-5,1,5878
21,3,5881
21,2,5883
-18,20,5903
21,2,5905
21,1,5906
21,2,5908
21,2,5910
21,1,5911
21,2,5913
21,2,5915
21,1,5916
21,1,5917
21,2,5919
21,1,5920
21,2,5922
21,2,5924
21,2,5926
21,2,5928
-5,2,5930
21,2,5932
21,2,5934
21,2,5936
21,2,5938
21,1,5939
21,2,5941
-5,2,5943
21,2,5945
21,2,5947
21,3,5950
21,2,5952
21,2,5954
21,2,5956
21,2,5958
-5,2,5960
21,2,5962
21,2,5964
21,1,5965
21,2,5967
21,2,5969
-17,20,5989
21,2,5991
20,2,5993
20,2,5995
21,1,5996
21,1,5997
21,1,5998
21,2,6000
21,2,6002
21,2,6004
21,3,6007
21,1,6008
21,3,6011
21,2,6013
21,2,6015
21,2,6017
21,2,6019
21,2,6021
21,2,6023
21,2,6025
21,2,6027
21,1,6028
21,2,6030
-18,20,6050
21,2,6052
21,1,6053
21,2,6055
21,2,6057
21,2,6059
20,1,6060
21,2,6062
21,1,6063
21,1,6064
21,2,6066
21,2,6068
-5,3,6071
-5,2,6073
21,3,6076
21,1,6077
21,2,6079
21,2,6081
-5,1,6082
21,2,6084
21,2,6086
21,2,6088
21,2,6090
21,1,6091
21,2,6093
-5,1,6094
21,2,6096
21,2,6098
21,2,6100
21,2,6102
21,1,6103
21,2,6105
21,3,6108
21,2,6110
21,2,6112
-11,8,6120
21,2,6122
-5,1,6123
21,1,6124
21,1,6125
21,2,6127
21,1,6128
21,2,6130
21,2,6132
21,2,6134
21,2,6136
21,2,6138
21,2,6140
21,2,6142
21,2,6144
21,2,6146
-5,1,6147
21,2,6149
-5,1,6150
-5,1,6151
19,5,6156
21,2,6158
21,2,6160
21,1,6161
21,1,6162
21,3,6165
21,2,6167
-5,2,6169
21,1,6170
21,2,6172
21,1,6173
21,2,6175
21,2,6177
21,1,6178
21,2,6180
21,2,6182
21,1,6183
21,2,6185
21,2,6187
21,2,6189
21,2,6191
21,2,6193
-6,3,6196
21,2,6198
21,2,6200
21,2,6202
21,3,6205
-5,1,6206
21,2,6208
21,2,6210
21,2,6212
21,1,6213
21,2,6215
21,4,6219
21,2,6221
21,2,6223
-5,2,6225
21,2,6227
21,2,6229
21,2,6231
21,2,6233
20,3,6236
-5,1,6237
21,1,6238
21,2,6240
21,2,6242
21,2,6244
21,2,6246
21,2,6248
21,3,6251
21,2,6253
21,2,6255
-18,20,6275
21,2,6277
21,3,6280
21,2,6282
21,2,6284
21,2,6286
21,2,6288
21,2,6290
21,2,6292
21,2,6294
21,2,6296
21,1,6297
21,2,6299
21,2,6301
21,3,6304
21,2,6306
21,2,6308
21,1,6309
21,1,6310
21,3,6313
21,2,6315
21,2,6317
21,2,6319
21,2,6321
21,2,6323
21,1,6324
21,1,6325
21,1,6326
-12,9,6335
21,3,6338
21,2,6340
21,3,6343
21,2,6345
21,2,6347
-18,20,6367
21,2,6369
21,2,6371
20,2,6373
21,2,6375
-5,3,6378
21,2,6380
21,3,6383
-5,3,6386
21,1,6387
21,2,6389
21,2,6391
21,1,6392
21,2,6394
21,1,6395
21,2,6397
-5,3,6400
21,2,6402
21,2,6404
21,1,6405
21,2,6407
21,2,6409
21,2,6411
21,1,6412
21,2,6414
21,2,6416
21,2,6418
-5,2,6420
21,2,6422
21,2,6424
21,1,6425
21,2,6427
21,2,6429
21,2,6431
21,3,6434
21,3,6437
21,2,6439
20,4,6443
21,2,6445
21,2,6447
8,18,6465
21,1,6466
21,2,6468
19,6,6474
21,2,6476
21,2,6478
21,1,6479
21,2,6481
20,3,6484
-5,1,6485
21,2,6487
21,2,6489
21,2,6491
21,2,6493
21,2,6495
21,2,6497
21,2,6499
21,2,6501
21,2,6503
21,2,6505
21,1,6506
21,2,6508
21,2,6510
21,1,6511
21,2,6513
20,1,6514
21,2,6516
21,1,6517
21,1,6518
21,2,6520
9,15,6535
21,1,6536
21,3,6539
-5,1,6540
21,1,6541
21,1,6542
21,1,6543
21,2,6545
21,1,6546
-5,3,6549
21,1,6550
21,3,6553
20,3,6556
21,1,6557
21,2,6559
21,2,6561
21,2,6563
21,3,6566
21,2,6568
21,2,6570
21,2,6572
21,2,6574
21,2,6576
21,1,6577
21,2,6579
21,2,6581
21,2,6583
21,2,6585
21,2,6587
21,3,6590
21,2,6592
21,2,6594
21,1,6595
21,2,6597
21,2,6599
21,2,6601
21,1,6602
15,8,6610
21,1,6611
21,2,6613
-18,20,6633
21,1,6634
21,2,6636
21,1,6637
21,2,6639
21,3,6642
21,2,6644
17,7,6651
21,1,6652
21,2,6654
19,5,6659
21,3,6662
21,1,6663
21,2,6665
14,10,6675
21,2,6677
21,2,6679
21,2,6681
21,1,6682
21,2,6684
21,2,6686
21,2,6688
21,2,6690
21,2,6692
21,1,6693
21,2,6695
21,1,6696
21,2,6698
21,2,6700
21,2,6702
20,4,6706
-16,13,6719
21,2,6721
21,2,6723
21,3,6726
21,1,6727
21,2,6729
21,2,6731
21,2,6733
21,2,6735
21,1,6736
21,1,6737
21,2,6739
21,2,6741
21,1,6742
21,2,6744
21,1,6745
21,2,6747
21,2,6749
21,2,6751
21,2,6753
21,2,6755
21,1,6756
21,3,6759
21,2,6761
21,2,6763
21,2,6765
21,2,6767
21,1,6768
21,1,6769
21,2,6771
21,1,6772
21,3,6775
21,2,6777
-18,20,6797
21,1,6798
-6,3,6801
21,2,6803
21,1,6804
21,1,6805
-5,2,6807
21,2,6809
18,7,6816
21,2,6818
21,2,6820
21,2,6822
21,1,6823
21,2,6825
-5,2,6827
21,2,6829
21,2,6831
21,2,6833
5,19,6852
-13,11,6863
21,2,6865
21,2,6867
21,1,6868
21,2,6870
-6,3,6873
21,1,6874
21,2,6876
21,2,6878
21,2,6880
21,2,6882
21,2,6884
21,2,6886
21,1,6887
21,2,6889
21,1,6890
21,2,6892
21,1,6893
-23,20,6913
21,2,6915
21,2,6917
21,2,6919
21,2,6921
21,1,6922
21,1,6923
21,2,6925
21,1,6926
21,2,6928
21,2,6930
21,2,6932
21,2,6934
21,2,6936
21,3,6939
-18,20,6959
21,2,6961
21,2,6963
21,2,6965
21,3,6968
21,2,6970
21,1,6971
21,2,6973
21,2,6975
-18,20,6995
21,2,6997
21,2,6999
21,1,7000
21,2,7002
21,3,7005
21,3,7008
21,2,7010
21,2,7012
-5,2,7014
21,2,7016
21,2,7018
21,2,7020
21,2,7022
21,1,7023
21,1,7024
21,2,7026
-5,2,7028
21,2,7030
21,2,7032
21,3,7035
21,2,7037
21,1,7038
21,1,7039
-19,20,7059
21,2,7061
-18,20,7081
21,2,7083
21,2,7085
21,2,7087
21,2,7089
21,1,7090
21,1,7091
21,2,7093
20,3,7096
21,2,7098
21,2,7100
21,2,7102
21,1,7103
21,1,7104
21,1,7105
21,2,7107
21,2,7109
21,3,7112
21,3,7115
21,2,7117
-5,2,7119
21,2,7121
21,1,7122
21,2,7124
21,2,7126
-5,1,7127
21,2,7129
-5,2,7131
-5,1,7132
-18,20,7152
21,1,7153
21,2,7155
21,1,7156
21,2,7158
21,2,7160
21,3,7163
21,1,7164
-18,20,7184
21,2,7186
-17,20,7206
21,2,7208
-11,10,7218
21,1,7219
21,2,7221
21,2,7223
21,2,7225
21,1,7226
21,3,7229
-17,20,7249
21,1,7250
21,2,7252
21,2,7254
-5,2,7256
21,1,7257
21,3,7260
20,3,7263
21,2,7265
21,2,7267
21,3,7270
-8,6,7276
21,1,7277
21,3,7280
21,2,7282
21,3,7285
21,1,7286
21,2,7288
20,2,7290
19,5,7295
21,1,7296
21,2,7298
21,1,7299
21,2,7301
-18,20,7321
21,1,7322
21,2,7324
21,2,7326
-17,20,7346
21,2,7348
21,1,7349
21,1,7350
21,2,7352
21,2,7354
21,1,7355
21,2,7357
21,2,7359
21,1,7360
21,1,7361
21,3,7364
21,2,7366
21,1,7367
21,2,7369
21,2,7371
21,2,7373
21,2,7375
21,2,7377
21,1,7378
21,2,7380
21,2,7382
21,2,7384
21,1,7385
21,1,7386
21,2,7388
21,2,7390
21,1,7391
21,3,7394
21,1,7395
21,2,7397
21,2,7399
21,2,7401
21,2,7403
21,1,7404
21,1,7405
21,1,7406
20,1,7407
21,2,7409
21,2,7411
21,1,7412
21,1,7413
-17,20,7433
21,2,7435
21,2,7437
21,1,7438
21,2,7440
21,2,7442
21,2,7444
21,2,7446
21,2,7448
21,2,7450
21,2,7452
21,2,7454
21,2,7456
21,2,7458
21,2,7460
-6,4,7464
21,2,7466
21,2,7468
21,1,7469
-19,20,7489
20,2,7491
21,3,7494
21,1,7495
20,1,7496
21,2,7498
-18,20,7518
21,1,7519
21,2,7521
21,2,7523
21,1,7524
-17,20,7544
21,1,7545
21,2,7547
21,2,7549
21,2,7551
21,3,7554
-19,20,7574
21,1,7575
20,2,7577
21,2,7579
21,1,7580
21,2,7582
21,2,7584
-16,20,7604
21,2,7606
21,2,7608
21,2,7610
-5,1,7611
21,1,7612
21,2,7614
21,1,7615
21,1,7616
21,2,7618
21,2,7620
21,1,7621
21,2,7623
21,1,7624
21,2,7626
20,3,7629
21,1,7630
21,2,7632
21,2,7634
21,2,7636
21,2,7638
21,2,7640
21,2,7642
21,1,7643
21,1,7644
21,2,7646
21,2,7648
21,2,7650
21,1,7651
21,1,7652
20,3,7655
21,3,7658
21,1,7659
21,2,7661
21,1,7662
21,2,7664
-5,1,7665
21,3,7668
20,2,7670
21,1,7671
21,2,7673
-5,1,7674
21,2,7676
21,2,7678
21,2,7680
21,1,7681
21,2,7683
21,1,7684
21,3,7687
21,2,7689
21,2,7691
-5,1,7692
21,1,7693
21,2,7695
21,3,7698
-5,3,7701
21,2,7703
21,1,7704
-5,1,7705
21,2,7707
-7,5,7712
21,1,7713
21,2,7715
21,2,7717
21,3,7720
21,1,7721
21,2,7723
21,1,7724
21,1,7725
21,1,7726
-18,20,7746
21,2,7748
21,3,7751
21,2,7753
21,2,7755
21,2,7757
21,1,7758
21,2,7760
21,2,7762
21,1,7763
21,2,7765
21,1,7766
20,2,7768
21,2,7770
21,2,7772
21,2,7774
21,2,7776
21,3,7779
21,2,7781
-5,2,7783
21,2,7785
21,2,7787
21,2,7789
21,2,7791
21,2,7793
21,2,7795
21,2,7797
21,2,7799
21,1,7800
21,2,7802
21,2,7804
21,2,7806
21,2,7808
21,1,7809
21,1,7810
20,3,7813
21,1,7814
21,2,7816
21,1,7817
21,3,7820
-5,1,7821
21,2,7823
21,3,7826
-14,12,7838
21,2,7840
21,2,7842
-5,3,7845
21,2,7847
21,2,7849
21,2,7851
21,2,7853
21,2,7855
21,2,7857
21,3,7860
21,2,7862
21,2,7864
16,8,7872
21,2,7874
21,2,7876
21,1,7877
21,2,7879
21,2,7881
21,3,7884
21,2,7886
21,2,7888
20,2,7890
-5,1,7891
17,7,7898
21,4,7902
21,2,7904
21,2,7906
21,2,7908
21,1,7909
-5,1,7910
21,2,7912
21,2,7914
21,1,7915
-5,2,7917
21,1,7918
21,2,7920
21,2,7922
21,2,7924
21,2,7926
21,2,7928
21,2,7930
21,2,7932
-5,1,7933
21,2,7935
21,2,7937
21,2,7939
21,2,7941
-5,4,7945
21,2,7947
21,1,7948
21,2,7950
21,1,7951
20,3,7954
21,2,7956
21,2,7958
-5,1,7959
21,2,7961
21,1,7962
21,3,7965
21,2,7967
21,1,7968
21,1,7969
21,2,7971
21,2,7973
-18,20,7993
21,2,7995
21,1,7996
21,1,7997
21,2,7999
21,1,8000
21,1,8001
21,2,8003
21,1,8004
21,3,8007
21,2,8009
21,2,8011
21,2,8013
21,3,8016
21,1,8017
21,2,8019
21,1,8020
21,1,8021
-5,1,8022
21,1,8023
21,2,8025
21,1,8026
-22,20,8046
21,1,8047
21,2,8049
20,1,8050
21,2,8052
21,1,8053
21,2,8055
21,2,8057
21,2,8059
21,1,8060
21,2,8062
21,2,8064
21,3,8067
21,3,8070
21,1,8071
21,2,8073
21,2,8075
21,2,8077
21,2,8079
21,2,8081
21,1,8082
21,2,8084
21,1,8085
21,2,8087
21,1,8088
21,1,8089
21,3,8092
21,2,8094
-17,20,8114
21,1,8115
-5,1,8116
21,2,8118
21,2,8120
21,1,8121
21,2,8123
20,2,8125
21,2,8127
21,1,8128
7,18,8146
-13,10,8156
-20,18,8174
20,3,8177
21,1,8178
20,1,8179
21,2,8181
21,2,8183
21,2,8185
21,2,8187
21,2,8189
21,2,8191
21,2,8193
21,1,8194
21,2,8196
21,1,8197
21,2,8199
21,2,8201
21,1,8202
19,5,8207
21,1,8208
21,3,8211
21,1,8212
21,2,8214
20,3,8217
21,1,8218
21,1,8219
-5,3,8222
-6,3,8225
21,1,8226
21,4,8230
21,2,8232
21,1,8233
20,3,8236
20,3,8239
21,1,8240
21,2,8242
20,3,8245
21,1,8246
21,1,8247
21,2,8249
20,3,8252
21,1,8253
21,2,8255
20,1,8256
21,2,8258
-18,20,8278
-5,1,8279
21,2,8281
21,2,8283
-5,2,8285
21,2,8287
21,1,8288
21,1,8289
21,3,8292
21,3,8295
21,3,8298
-5,2,8300
21,2,8302
21,1,8303
21,1,8304
20,4,8308
21,1,8309
21,2,8311
21,3,8314
21,2,8316
21,1,8317
21,2,8319
21,2,8321
-7,4,8325
21,1,8326
21,3,8329
21,2,8331
21,1,8332
-5,1,8333
21,2,8335
21,2,8337
21,1,8338
21,2,8340
20,2,8342
21,3,8345
-5,1,8346
21,1,8347
21,1,8348
21,2,8350
21,2,8352
21,1,8353
21,3,8356
21,2,8358
21,3,8361
21,1,8362
21,2,8364
-5,1,8365
21,2,8367
21,2,8369
20,2,8371
21,2,8373
21,2,8375
21,2,8377
21,1,8378
21,2,8380
-5,1,8381
21,1,8382
21,2,8384
21,2,8386
21,1,8387
21,1,8388
21,2,8390
-5,1,8391
21,2,8393
21,4,8397
21,1,8398
21,2,8400
20,1,8401
21,1,8402
21,3,8405
21,2,8407
21,1,8408
21,2,8410
21,2,8412
21,2,8414
21,2,8416
21,2,8418
21,1,8419
21,2,8421
21,2,8423
21,2,8425
-7,5,8430
21,2,8432
21,2,8434
21,2,8436
20,3,8439
21,1,8440
21,2,8442
21,2,8444
21,2,8446
21,1,8447
21,1,8448
21,3,8451
21,2,8453
21,2,8455
21,2,8457
21,3,8460
21,2,8462
21,3,8465
21,2,8467
21,2,8469
21,2,8471
21,1,8472
-5,1,8473
21,2,8475
21,1,8476
21,2,8478
21,3,8481
21,1,8482
21,2,8484
7,17,8501
-5,1,8502
-11,8,8510
21,2,8512
20,3,8515
21,2,8517
21,2,8519
21,1,8520
21,2,8522
-5,1,8523
21,2,8525
21,2,8527
21,1,8528
21,2,8530
21,1,8531
21,1,8532
21,1,8533
21,1,8534
21,1,8535
21,4,8539
21,4,8543
21,4,8547
21,3,8550
21,2,8552
20,4,8556
21,2,8558
21,1,8559
21,2,8561
21,1,8562
21,2,8564
21,1,8565
21,2,8567
21,1,8568
21,1,8569
-5,1,8570
21,2,8572
21,2,8574
21,3,8577
21,2,8579
21,2,8581
21,2,8583
20,1,8584
21,2,8586
21,1,8587
21,2,8589
21,2,8591
21,2,8593
21,1,8594
21,2,8596
21,1,8597
21,2,8599
21,2,8601
21,1,8602
21,2,8604
-6,3,8607
21,1,8608
20,3,8611
21,2,8613
21,2,8615
21,1,8616
21,2,8618
20,3,8621
21,2,8623
21,3,8626
21,1,8627
21,2,8629
21,1,8630
21,2,8632
-5,1,8633
21,1,8634
20,5,8639
20,2,8641
21,2,8643
21,1,8644
-5,1,8645
21,2,8647
21,1,8648
21,2,8650
21,2,8652
21,1,8653
15,9,8662
21,3,8665
20,1,8666
21,2,8668
21,1,8669
21,3,8672
21,2,8674
21,2,8676
-5,1,8677
21,1,8678
20,3,8681
20,1,8682
-5,1,8683
20,3,8686
21,2,8688
21,2,8690
21,2,8692
21,1,8693
21,2,8695
21,2,8697
21,2,8699
21,2,8701
21,2,8703
21,1,8704
21,2,8706
21,2,8708
21,2,8710
21,2,8712
21,2,8714
21,1,8715
-8,7,8722
21,1,8723
21,2,8725
21,1,8726
21,2,8728
21,3,8731
21,2,8733
21,1,8734
-5,1,8735
21,2,8737
21,2,8739
21,4,8743
21,1,8744
21,2,8746
21,3,8749
21,1,8750
21,2,8752
21,2,8754
20,3,8757
21,2,8759
21,3,8762
21,1,8763
21,1,8764
21,2,8766
21,2,8768
21,1,8769
21,2,8771
21,2,8773
21,2,8775
20,3,8778
21,2,8780
21,2,8782
20,4,8786
21,1,8787
-5,1,8788
21,2,8790
21,2,8792
21,2,8794
21,1,8795
21,2,8797
21,2,8799
21,3,8802
21,2,8804
-5,1,8805
21,3,8808
21,1,8809
21,2,8811
-5,1,8812
21,1,8813
21,1,8814
21,2,8816
21,1,8817
20,4,8821
21,2,8823
21,3,8826
21,1,8827
21,2,8829
-5,2,8831
21,2,8833
21,2,8835
-8,6,8841
21,1,8842
21,2,8844
-5,1,8845
21,1,8846
20,3,8849
21,3,8852
21,2,8854
21,1,8855
21,1,8856
-5,1,8857
21,2,8859
21,2,8861
-5,1,8862
20,1,8863
21,1,8864
21,1,8865
21,2,8867
21,1,8868
21,1,8869
21,2,8871
21,2,8873
20,1,8874
21,2,8876
21,2,8878
21,2,8880
21,2,8882
21,1,8883
20,3,8886
20,2,8888
21,2,8890
21,1,8891
21,2,8893
21,3,8896
21,2,8898
21,2,8900
21,1,8901
21,2,8903
21,1,8904
21,2,8906
21,2,8908
21,1,8909
20,4,8913
21,1,8914
21,1,8915
21,1,8916
21,2,8918
21,1,8919
21,2,8921
21,2,8923
21,2,8925
21,2,8927
21,2,8929
21,3,8932
21,2,8934
21,2,8936
21,1,8937
21,1,8938
21,2,8940
21,3,8943
21,3,8946
21,2,8948
21,1,8949
-5,1,8950
21,2,8952
21,2,8954
20,1,8955
21,2,8957
21,1,8958
21,2,8960
21,1,8961
21,2,8963
21,2,8965
20,1,8966
21,3,8969
21,2,8971
21,2,8973
21,2,8975
21,1,8976
21,1,8977
21,2,8979
21,1,8980
21,1,8981
21,1,8982
21,3,8985
21,2,8987
21,1,8988
21,3,8991
21,1,8992
20,1,8993
21,1,8994
21,1,8995
21,1,8996
21,2,8998
21,3,9001
21,1,9002
21,4,9006
21,1,9007
21,2,9009
20,1,9010
21,2,9012
21,2,9014
21,1,9015
20,1,9016
19,6,9022
21,2,9024
21,2,9026
21,2,9028
21,2,9030
-5,1,9031
21,2,9033
21,2,9035
21,2,9037
21,2,9039
21,1,9040
21,1,9041
21,1,9042
21,2,9044
21,2,9046
21,1,9047
21,2,9049
21,2,9051
20,3,9054
-5,1,9055
21,2,9057
-5,1,9058
21,1,9059
-6,4,9063
21,2,9065
21,2,9067
21,2,9069
21,1,9070
21,1,9071
21,2,9073
21,2,9075
21,1,9076
21,2,9078
21,3,9081
21,1,9082
20,2,9084
21,2,9086
21,2,9088
21,2,9090
-5,1,9091
21,1,9092
21,1,9093
21,2,9095
21,4,9099
21,2,9101
21,1,9102
21,2,9104
21,2,9106
21,2,9108
21,2,9110
21,4,9114
21,1,9115
21,1,9116
21,3,9119
21,1,9120
21,2,9122
21,1,9123
21,2,9125
19,6,9131
21,1,9132
21,2,9134
21,2,9136
21,2,9138
21,2,9140
20,3,9143
21,1,9144
21,1,9145
21,1,9146
21,2,9148
21,1,9149
21,2,9151
21,2,9153
21,2,9155
21,2,9157
-5,2,9159
-5,1,9160
21,2,9162
19,5,9167
21,2,9169
21,3,9172
21,2,9174
21,1,9175
21,2,9177
21,1,9178
21,2,9180
21,2,9182
21,2,9184
21,2,9186
-5,1,9187
20,1,9188
21,2,9190
21,2,9192
21,2,9194
-5,1,9195
-5,2,9197
21,2,9199
21,2,9201
21,2,9203
21,2,9205
21,1,9206
21,2,9208
-5,1,9209
-18,20,9229
21,3,9232
21,2,9234
21,2,9236
21,2,9238
21,3,9241
21,1,9242
21,2,9244
21,2,9246
21,2,9248
21,2,9250
21,2,9252
21,1,9253
21,2,9255
20,3,9258
21,2,9260
21,2,9262
20,3,9265
21,4,9269
21,2,9271
21,2,9273
21,1,9274
21,2,9276
20,4,9280
21,1,9281
21,2,9283
21,2,9285
21,2,9287
-11,9,9296
-18,20,9316
21,1,9317
21,3,9320
-5,1,9321
21,2,9323
21,1,9324
20,4,9328
21,2,9330
21,2,9332
21,3,9335
21,2,9337
21,3,9340
21,2,9342
21,1,9343
-5,1,9344
21,1,9345
21,1,9346
21,3,9349
21,1,9350
21,1,9351
21,2,9353
20,4,9357
20,4,9361
21,2,9363
21,2,9365
21,2,9367
21,1,9368
21,1,9369
21,1,9370
21,1,9371
21,2,9373
-5,1,9374
21,2,9376
21,3,9379
21,2,9381
21,2,9383
20,4,9387
20,1,9388
21,1,9389
21,3,9392
21,1,9393
21,3,9396
-5,2,9398
21,1,9399
-5,1,9400
21,2,9402
21,1,9403
20,3,9406
21,2,9408
21,1,9409
21,2,9411
21,2,9413
-5,1,9414
21,2,9416
-5,2,9418
21,1,9419
21,1,9420
19,5,9425
16,9,9434
21,2,9436
21,2,9438
21,3,9441
21,1,9442
-17,20,9462
21,1,9463
21,2,9465
21,2,9467
21,2,9469
21,2,9471
21,1,9472
21,2,9474
-6,3,9477
19,4,9481
21,2,9483
21,2,9485
21,1,9486
19,5,9491
21,1,9492
21,1,9493
21,2,9495
21,2,9497
21,1,9498
21,1,9499
21,1,9500
21,2,9502
21,3,9505
21,2,9507
21,2,9509
-17,20,9529
21,2,9531
21,2,9533
21,2,9535
21,1,9536
20,1,9537
21,2,9539
21,2,9541
21,2,9543
21,2,9545
20,1,9546
21,1,9547
21,2,9549
6,20,9569
21,2,9571
21,3,9574
21,2,9576
20,3,9579
21,2,9581
21,2,9583
21,1,9584
21,2,9586
21,1,9587
21,2,9589
21,1,9590
21,3,9593
21,1,9594
21,3,9597
21,2,9599
21,3,9602
21,2,9604
21,1,9605
21,2,9607
21,2,9609
21,1,9610
21,2,9612
21,2,9614
21,3,9617
21,1,9618
21,2,9620
21,3,9623
21,3,9626
21,2,9628
21,1,9629
21,3,9632
-5,1,9633
21,1,9634
12,14,9648
-5,2,9650
21,1,9651
21,2,9653
21,2,9655
21,2,9657
21,3,9660
21,2,9662
21,2,9664
21,2,9666
21,1,9667
21,2,9669
21,2,9671
21,2,9673
21,2,9675
21,1,9676
-5,1,9677
21,2,9679
21,3,9682
21,1,9683
21,3,9686
21,1,9687
21,2,9689
21,2,9691
-5,1,9692
21,1,9693
21,3,9696
20,1,9697
14,10,9707
-5,2,9709
21,1,9710
21,4,9714
21,1,9715
21,1,9716
20,3,9719
21,1,9720
21,2,9722
21,1,9723
21,3,9726
21,2,9728
-7,5,9733
21,3,9736
21,1,9737
21,2,9739
21,2,9741
21,2,9743
21,2,9745
21,1,9746
20,1,9747
21,1,9748
21,1,9749
21,2,9751
21,2,9753
21,4,9757
21,2,9759
-17,20,9779
21,1,9780
20,3,9783
21,2,9785
21,2,9787
21,1,9788
21,3,9791
21,2,9793
21,2,9795
21,4,9799
21,2,9801
21,1,9802
21,1,9803
21,2,9805
21,3,9808
21,1,9809
21,2,9811
20,3,9814
20,2,9816
21,1,9817
21,2,9819
21,2,9821
21,1,9822
21,1,9823
21,1,9824
21,3,9827
21,2,9829
21,2,9831
21,2,9833
20,4,9837
21,2,9839
20,1,9840
21,1,9841
21,1,9842
20,3,9845
21,1,9846
21,1,9847
21,1,9848
21,2,9850
20,2,9852
21,2,9854
21,1,9855
21,3,9858
21,1,9859
21,1,9860
21,2,9862
21,3,9865
21,2,9867
-5,1,9868
21,2,9870
21,2,9872
21,2,9874
21,2,9876
21,2,9878
21,2,9880
21,2,9882
21,1,9883
21,4,9887
21,1,9888
21,2,9890
21,2,9892
21,2,9894
21,1,9895
21,1,9896
21,2,9898
21,1,9899
21,1,9900
21,1,9901
21,1,9902
21,1,9903
21,2,9905
21,2,9907
21,2,9909
21,1,9910
21,1,9911
20,3,9914
-19,20,9934
-5,1,9935
21,1,9936
-5,1,9937
21,2,9939
21,2,9941
21,2,9943
21,2,9945
21,2,9947
21,2,9949
21,2,9951
21,2,9953
21,2,9955
21,2,9957
21,2,9959
21,2,9961
21,4,9965
21,2,9967
-6,4,9971
21,3,9974
21,2,9976
21,2,9978
21,2,9980
21,2,9982
21,1,9983
21,1,9984
21,2,9986
21,1,9987
21,1,9988
20,1,9989
20,2,9991
21,2,9993
21,1,9994
-5,1,9995
21,2,9997
21,1,9998
21,2,10000
20,2,10002
21,1,10003
21,1,10004
21,4,10008
20,4,10012
21,2,10014
21,1,10015
21,3,10018
21,1,10019
21,2,10021
21,2,10023
21,1,10024
21,3,10027
21,1,10028
21,1,10029
21,1,10030
21,1,10031
21,1,10032
21,2,10034
21,2,10036
21,2,10038
-5,1,10039
21,2,10041
20,1,10042
21,1,10043
21,4,10047
21,2,10049
21,1,10050
21,2,10052
-13,11,10063
21,2,10065
21,1,10066
21,1,10067
21,1,10068
21,2,10070
21,1,10071
21,2,10073
21,3,10076
21,2,10078
21,1,10079
21,2,10081
21,1,10082
21,2,10084
21,1,10085
21,1,10086
21,1,10087
-5,1,10088
20,1,10089
21,3,10092
21,1,10093
21,2,10095
21,2,10097
21,2,10099
21,2,10101
21,2,10103
21,3,10106
21,2,10108
21,2,10110
21,2,10112
21,1,10113
21,2,10115
21,2,10117
21,1,10118
20,1,10119
21,2,10121
-6,3,10124
21,2,10126
-17,20,10146
21,1,10147
21,2,10149
21,2,10151
-5,1,10152
21,2,10154
21,1,10155
21,1,10156
21,2,10158
21,3,10161
21,1,10162
21,2,10164
19,5,10169
21,1,10170
21,2,10172
21,3,10175
21,2,10177
20,3,10180
21,1,10181
21,2,10183
21,2,10185
20,1,10186
21,2,10188
-5,1,10189
-5,1,10190
21,3,10193
21,3,10196
20,4,10200
21,2,10202
21,1,10203
21,2,10205
21,2,10207
21,2,10209
-5,1,10210
21,1,10211
-5,1,10212
21,2,10214
21,2,10216
21,1,10217
21,1,10218
21,2,10220
21,2,10222
21,2,10224
21,1,10225
20,5,10230
21,2,10232
21,1,10233
21,2,10235
21,2,10237
21,1,10238
21,1,10239
-5,1,10240
21,2,10242
21,1,10243
21,2,10245
-16,20,10265
21,1,10266
21,1,10267
21,2,10269
21,1,10270
21,1,10271
21,2,10273
21,2,10275
21,1,10276
21,2,10278
-5,1,10279
21,1,10280
21,1,10281
21,1,10282
21,2,10284
21,2,10286
21,1,10287
21,1,10288
21,1,10289
21,2,10291
21,3,10294
21,1,10295
18,6,10301
21,4,10305
21,2,10307
21,2,10309
21,1,10310
21,1,10311
21,1,10312
21,1,10313
21,2,10315
21,2,10317
21,1,10318
21,1,10319
21,1,10320
21,2,10322
21,1,10323
21,1,10324
21,2,10326
21,3,10329
21,2,10331
21,2,10333
21,1,10334
21,1,10335
21,2,10337
21,1,10338
21,2,10340
21,3,10343
-5,1,10344
21,2,10346
21,1,10347
21,1,10348
21,1,10349
21,1,10350
-5,1,10351
21,2,10353
21,2,10355
21,2,10357
21,1,10358
21,2,10360
21,1,10361
21,3,10364
21,1,10365
21,1,10366
21,2,10368
21,1,10369
21,1,10370
21,2,10372
21,1,10373
21,2,10375
21,2,10377
-5,1,10378
21,2,10380
21,1,10381
21,2,10383
21,1,10384
21,2,10386
21,1,10387
17,8,10395
21,2,10397
21,1,10398
21,3,10401
-5,1,10402
21,1,10403
21,1,10404
21,2,10406
19,3,10409
21,1,10410
21,2,10412
-5,1,10413
21,1,10414
21,2,10416
21,1,10417
21,1,10418
19,6,10424
20,4,10428
21,1,10429
21,2,10431
-5,1,10432
21,1,10433
21,2,10435
21,1,10436
21,1,10437
21,2,10439
21,2,10441
21,3,10444
19,4,10448
21,2,10450
21,1,10451
21,2,10453
21,3,10456
21,2,10458
21,1,10459
21,1,10460
20,1,10461
21,1,10462
21,2,10464
21,1,10465
-15,14,10479
21,2,10481
-5,1,10482
-5,1,10483
21,2,10485
20,4,10489
21,1,10490
21,2,10492
21,1,10493
21,2,10495
-5,1,10496
21,2,10498
20,3,10501
21,1,10502
20,2,10504
21,2,10506
21,1,10507
21,1,10508
21,2,10510
21,3,10513
21,1,10514
-18,20,10534
21,1,10535
21,1,10536
21,2,10538
21,2,10540
21,1,10541
21,2,10543
21,2,10545
21,3,10548
21,2,10550
21,1,10551
21,1,10552
21,2,10554
21,2,10556
21,2,10558
21,2,10560
21,2,10562
20,3,10565
21,2,10567
21,1,10568
21,2,10570
21,2,10572
21,1,10573
21,2,10575
21,2,10577
21,1,10578
21,2,10580
-5,2,10582
20,3,10585
21,1,10586
21,3,10589
21,1,10590
21,2,10592
21,2,10594
21,3,10597
21,2,10599
21,4,10603
21,2,10605
-5,1,10606
21,1,10607
21,2,10609
21,1,10610
20,3,10613
21,2,10615
21,1,10616
21,1,10617
21,1,10618
21,1,10619
21,1,10620
20,2,10622
21,1,10623
21,3,10626
-5,2,10628
21,1,10629
21,1,10630
21,2,10632
21,2,10634
21,2,10636
21,1,10637
20,1,10638
21,3,10641
20,3,10644
21,2,10646
20,3,10649
21,2,10651
21,1,10652
21,2,10654
21,2,10656
21,2,10658
21,1,10659
21,2,10661
21,2,10663
21,2,10665
21,1,10666
16,8,10674
21,1,10675
21,2,10677
-6,3,10680
20,3,10683
21,1,10684
21,1,10685
21,1,10686
-5,1,10687
21,3,10690
21,1,10691
21,1,10692
21,2,10694
21,1,10695
19,4,10699
21,1,10700
21,2,10702
21,1,10703
21,2,10705
21,2,10707
21,2,10709
21,2,10711
-5,1,10712
21,2,10714
20,3,10717
21,1,10718
21,1,10719
20,3,10722
21,1,10723
21,2,10725
-5,2,10727
21,2,10729
20,3,10732
21,2,10734
21,2,10736
21,2,10738
21,2,10740
20,1,10741
21,1,10742
19,5,10747
18,6,10753
21,2,10755
21,1,10756
21,3,10759
21,3,10762
21,2,10764
21,1,10765
21,2,10767
21,3,10770
21,1,10771
20,3,10774
21,2,10776
21,1,10777
21,1,10778
21,2,10780
20,1,10781
21,1,10782
-5,1,10783
21,1,10784
21,2,10786
21,2,10788
-18,20,10808
21,2,10810
21,2,10812
20,3,10815
21,1,10816
21,1,10817
21,2,10819
21,1,10820
21,3,10823
21,2,10825
21,1,10826
21,2,10828
21,3,10831
21,2,10833
21,2,10835
21,2,10837
21,1,10838
21,1,10839
21,2,10841
-19,20,10861
21,4,10865
21,1,10866
21,2,10868
21,1,10869
21,3,10872
21,2,10874
21,1,10875
21,2,10877
21,2,10879
21,2,10881
21,2,10883
21,2,10885
21,2,10887
21,2,10889
-5,2,10891
21,3,10894
21,1,10895
21,2,10897
-5,1,10898
21,2,10900
21,2,10902
21,2,10904
21,2,10906
-5,1,10907
21,2,10909
21,1,10910
21,1,10911
20,1,10912
21,1,10913
21,1,10914
21,1,10915
21,3,10918
21,2,10920
21,2,10922
21,2,10924
21,1,10925
21,1,10926
21,1,10927
20,3,10930
21,1,10931
21,2,10933
21,2,10935
21,2,10937
21,3,10940
-6,3,10943
21,2,10945
21,2,10947
-5,1,10948
21,1,10949
21,1,10950
21,2,10952
21,3,10955
21,2,10957
21,2,10959
21,2,10961
21,2,10963
21,2,10965
21,1,10966
21,2,10968
18,6,10974
21,2,10976
21,2,10978
21,2,10980
21,2,10982
21,1,10983
20,3,10986
21,1,10987
21,2,10989
21,2,10991
21,1,10992
21,2,10994
21,2,10996
21,1,10997
21,2,10999
21,2,11001
21,2,11003
21,2,11005
21,1,11006
21,2,11008
21,4,11012
-5,1,11013
21,2,11015
21,1,11016
21,1,11017
21,1,11018
21,1,11019
21,2,11021
21,2,11023
21,2,11025
21,2,11027
21,2,11029
21,1,11030
21,2,11032
21,1,11033
21,1,11034
21,1,11035
-5,1,11036
21,2,11038
21,2,11040
-7,8,11048
21,1,11049
18,5,11054
-5,2,11056
21,1,11057
21,3,11060
21,2,11062
21,2,11064
-5,1,11065
21,3,11068
21,1,11069
21,2,11071
21,2,11073
21,3,11076
21,1,11077
20,1,11078
20,3,11081
21,2,11083
21,1,11084
21,2,11086
21,3,11089
21,2,11091
-5,1,11092
21,2,11094
21,1,11095
21,2,11097
21,1,11098
21,2,11100
21,1,11101
21,3,11104
21,1,11105
21,3,11108
-5,1,11109
21,2,11111
21,1,11112
21,2,11114
21,2,11116
21,2,11118
21,1,11119
21,1,11120
21,1,11121
21,1,11122
21,2,11124
-5,1,11125
21,2,11127
21,1,11128
21,2,11130
21,1,11131
21,2,11133
20,3,11136
21,1,11137
21,3,11140
21,1,11141
21,1,11142
21,2,11144
21,2,11146
21,2,11148
21,2,11150
21,2,11152
21,1,11153
-5,1,11154
-5,1,11155
21,1,11156
21,3,11159
21,2,11161
21,3,11164
21,1,11165
21,2,11167
-6,4,11171
21,1,11172
21,1,11173
21,2,11175
21,2,11177
21,1,11178
-5,2,11180
21,1,11181
21,1,11182
-5,1,11183
21,1,11184
-9,8,11192
21,2,11194
21,1,11195
-11,10,11205
21,1,11206
21,2,11208
21,2,11210
-6,4,11214
21,1,11215
21,1,11216
21,3,11219
21,2,11221
21,1,11222
21,2,11224
21,3,11227
21,2,11229
21,2,11231
21,2,11233
21,2,11235
21,1,11236
21,1,11237
21,2,11239
21,1,11240
21,1,11241
21,1,11242
20,1,11243
20,2,11245
21,1,11246
20,2,11248
21,1,11249
21,2,11251
21,1,11252
-5,1,11253
21,2,11255
-5,1,11256
21,3,11259
21,3,11262
21,2,11264
21,1,11265
21,1,11266
21,1,11267
-5,1,11268
-5,1,11269
21,2,11271
-5,1,11272
21,2,11274
21,2,11276
21,1,11277
21,1,11278
21,1,11279
21,1,11280
21,2,11282
21,2,11284
21,2,11286
21,1,11287
21,1,11288
21,1,11289
21,1,11290
21,1,11291
21,2,11293
21,3,11296
21,1,11297
20,3,11300
21,2,11302
21,2,11304
21,2,11306
21,2,11308
21,2,11310
21,2,11312
21,1,11313
21,2,11315
21,2,11317
21,2,11319
21,1,11320
21,1,11321
21,2,11323
21,2,11325
21,3,11328
21,1,11329
21,1,11330
21,3,11333
21,2,11335
21,1,11336
21,2,11338
21,3,11341
21,1,11342
21,3,11345
21,1,11346
21,2,11348
21,1,11349
21,2,11351
21,2,11353
21,2,11355
21,3,11358
21,1,11359
21,2,11361
21,2,11363
21,1,11364
21,2,11366
21,2,11368
-5,4,11372
21,2,11374
21,1,11375
21,1,11376
21,1,11377
21,2,11379
21,3,11382
21,2,11384
21,1,11385
21,2,11387
21,2,11389
21,2,11391
21,1,11392
21,2,11394
21,1,11395
21,2,11397
-14,12,11409
21,3,11412
21,1,11413
21,2,11415
21,1,11416
21,1,11417
21,2,11419
21,1,11420
21,1,11421
21,3,11424
21,1,11425
21,2,11427
21,2,11429
21,1,11430
21,1,11431
21,2,11433
21,2,11435
21,1,11436
21,2,11438
21,1,11439
21,1,11440
20,3,11443
21,1,11444
21,1,11445
21,2,11447
13,12,11459
21,2,11461
21,2,11463
21,2,11465
21,2,11467
21,2,11469
21,3,11472
-18,20,11492
21,3,11495
21,2,11497
21,2,11499
21,2,11501
-18,20,11521
21,2,11523
21,2,11525
-5,1,11526
21,2,11528
21,1,11529
21,2,11531
21,1,11532
21,2,11534
21,2,11536
21,2,11538
21,1,11539
-8,8,11547
21,2,11549
21,2,11551
21,2,11553
21,1,11554
21,2,11556
21,1,11557
21,1,11558
21,2,11560
21,2,11562
21,2,11564
21,3,11567
21,1,11568
21,1,11569
-5,1,11570
21,2,11572
21,2,11574
-17,20,11594
21,4,11598
21,1,11599
21,2,11601
21,1,11602
21,2,11604
21,2,11606
20,4,11610
21,1,11611
-5,1,11612
21,3,11615
21,1,11616
21,1,11617
-5,1,11618
21,2,11620
21,2,11622
21,2,11624
21,1,11625
21,3,11628
21,4,11632
21,2,11634
21,3,11637
21,1,11638
21,1,11639
21,1,11640
21,2,11642
21,2,11644
20,4,11648
21,1,11649
20,1,11650
20,1,11651
21,1,11652
21,1,11653
20,2,11655
21,3,11658
21,3,11661
21,2,11663
21,1,11664
21,2,11666
21,2,11668
-5,1,11669
21,2,11671
21,2,11673
-5,1,11674
20,4,11678
20,2,11680
21,2,11682
19,4,11686
21,2,11688
15,10,11698
21,1,11699
21,1,11700
20,2,11702
-5,2,11704
21,2,11706
21,2,11708
21,2,11710
21,1,11711
-5,1,11712
21,1,11713
21,2,11715
21,1,11716
21,2,11718
21,2,11720
21,2,11722
21,2,11724
18,5,11729
21,2,11731
21,2,11733
20,1,11734
20,1,11735
21,1,11736
21,2,11738
21,2,11740
21,3,11743
21,2,11745
21,1,11746
21,2,11748
21,3,11751
21,1,11752
21,3,11755
21,1,11756
21,1,11757
21,3,11760
21,2,11762
21,1,11763
21,2,11765
21,2,11767
21,2,11769
21,1,11770
21,2,11772
21,3,11775
21,1,11776
21,1,11777
21,2,11779
21,2,11781
21,1,11782
-5,1,11783
21,1,11784
21,2,11786
-6,4,11790
21,2,11792
-5,1,11793
21,2,11795
21,2,11797
21,2,11799
21,1,11800
21,2,11802
21,2,11804
21,2,11806
-5,2,11808
21,2,11810
21,1,11811
21,1,11812
21,2,11814
21,1,11815
21,2,11817
21,2,11819
21,3,11822
19,4,11826
21,2,11828
21,1,11829
21,2,11831
21,2,11833
-5,1,11834
21,1,11835
21,1,11836
21,1,11837
21,2,11839
21,3,11842
21,1,11843
21,1,11844
21,2,11846
21,1,11847
21,2,11849
21,2,11851
21,2,11853
18,4,11857
21,1,11858
-5,1,11859
21,2,11861
21,2,11863
21,1,11864
21,1,11865
21,1,11866
21,1,11867
21,2,11869
21,1,11870
-5,2,11872
21,1,11873
21,1,11874
21,3,11877
21,2,11879
21,3,11882
21,2,11884
21,2,11886
20,3,11889
21,1,11890
21,2,11892
20,3,11895
21,2,11897
21,2,11899
21,1,11900
-5,1,11901
-5,2,11903
21,2,11905
19,3,11908
21,1,11909
20,1,11910
20,3,11913
21,2,11915
20,3,11918
-18,20,11938
16,8,11946
20,2,11948
21,2,11950
21,3,11953
21,1,11954
20,2,11956
21,2,11958
21,2,11960
21,2,11962
21,2,11964
21,1,11965
21,1,11966
21,1,11967
21,2,11969
21,2,11971
21,3,11974
21,2,11976
21,1,11977
21,3,11980
21,2,11982
21,1,11983
21,1,11984
21,1,11985
21,2,11987
21,2,11989
21,2,11991
21,2,11993
21,2,11995
21,1,11996
21,2,11998
21,1,11999
21,2,12001
21,2,12003
21,3,12006
20,4,12010
21,2,12012
21,1,12013
21,2,12015
18,7,12022
21,1,12023
21,2,12025
21,2,12027
-5,2,12029
21,1,12030
21,2,12032
21,1,12033
21,1,12034
21,1,12035
21,3,12038
21,3,12041
21,2,12043
21,2,12045
21,1,12046
21,2,12048
21,3,12051
21,1,12052
21,2,12054
21,3,12057
21,2,12059
21,1,12060
21,1,12061
21,1,12062
21,3,12065
21,1,12066
21,3,12069
20,2,12071
21,3,12074
21,1,12075
21,2,12077
21,2,12079
21,2,12081
21,2,12083
21,2,12085
21,2,12087
21,1,12088
21,2,12090
-6,3,12093
21,2,12095
19,4,12099
-5,1,12100
21,1,12101
21,2,12103
20,3,12106
21,1,12107
21,1,12108
21,3,12111
21,2,12113
21,2,12115
21,1,12116
21,1,12117
21,2,12119
21,1,12120
21,2,12122
21,1,12123
21,2,12125
21,2,12127
20,4,12131
-16,20,12151
21,2,12153
21,2,12155
20,1,12156
21,1,12157
21,1,12158
21,1,12159
21,1,12160
20,3,12163
-5,2,12165
21,1,12166
21,2,12168
21,1,12169
-19,20,12189
21,1,12190
19,5,12195
20,3,12198
-5,1,12199
21,2,12201
-5,1,12202
21,1,12203
21,2,12205
21,1,12206
21,3,12209
21,1,12210
21,1,12211
21,1,12212
21,1,12213
-5,3,12216
21,2,12218
21,1,12219
21,2,12221
-15,20,12241
21,2,12243
21,1,12244
21,2,12246
21,2,12248
21,1,12249
-5,1,12250
21,1,12251
16,8,12259
-5,2,12261
20,4,12265
21,3,12268
21,2,12270
21,1,12271
21,3,12274
21,2,12276
19,5,12281
21,2,12283
21,1,12284
21,2,12286
21,1,12287
21,2,12289
21,1,12290
21,2,12292
20,3,12295
21,1,12296
21,1,12297
21,1,12298
21,1,12299
21,1,12300
20,4,12304
19,5,12309
19,5,12314
21,1,12315
-5,2,12317
21,1,12318
21,2,12320
21,3,12323
21,1,12324
21,1,12325
21,1,12326
-5,1,12327
21,2,12329
-5,2,12331
21,2,12333
20,2,12335
21,1,12336
21,3,12339
21,2,12341
21,1,12342
21,2,12344
21,2,12346
21,2,12348
21,1,12349
21,1,12350
21,2,12352
21,2,12354
21,2,12356
21,1,12357
21,2,12359
21,2,12361
21,2,12363
21,1,12364
21,1,12365
20,2,12367
21,1,12368
21,2,12370
21,2,12372
21,1,12373
21,1,12374
20,3,12377
21,1,12378
21,2,12380
21,2,12382
21,1,12383
21,2,12385
21,1,12386
21,2,12388
-5,1,12389
21,2,12391
-5,1,12392
21,2,12394
21,1,12395
21,2,12397
21,1,12398
21,1,12399
21,1,12400
-6,3,12403
21,1,12404
21,1,12405
21,2,12407
21,1,12408
21,1,12409
21,2,12411
21,1,12412
21,1,12413
21,1,12414
21,3,12417
21,2,12419
21,2,12421
21,2,12423
21,2,12425
21,1,12426
20,3,12429
21,1,12430
21,2,12432
21,1,12433
21,3,12436
21,2,12438
21,1,12439
21,1,12440
21,1,12441
21,2,12443
21,2,12445
20,2,12447
21,2,12449
-5,1,12450
21,3,12453
21,2,12455
21,2,12457
-10,7,12464
21,2,12466
21,1,12467
21,2,12469
21,2,12471
21,2,12473
21,1,12474
21,1,12475
21,2,12477
21,2,12479
21,1,12480
21,2,12482
21,1,12483
20,3,12486
21,1,12487
21,4,12491
-5,1,12492
21,1,12493
21,1,12494
20,3,12497
21,2,12499
21,1,12500
21,2,12502
21,1,12503
21,2,12505
21,2,12507
21,1,12508
21,2,12510
21,1,12511
-5,2,12513
21,1,12514
21,2,12516
21,1,12517
20,1,12518
21,3,12521
21,1,12522
21,1,12523
21,2,12525
21,1,12526
21,2,12528
21,1,12529
20,3,12532
21,2,12534
13,10,12544
21,1,12545
21,2,12547
21,1,12548
20,1,12549
21,2,12551
-5,1,12552
21,1,12553
21,1,12554
-5,2,12556
21,2,12558
21,1,12559
21,1,12560
21,1,12561
-5,1,12562
21,2,12564
21,1,12565
21,2,12567
21,1,12568
21,1,12569
21,1,12570
21,2,12572
21,1,12573
21,1,12574
-5,1,12575
21,3,12578
21,1,12579
-5,1,12580
-5,2,12582
21,2,12584
21,3,12587
21,2,12589
21,1,12590
21,2,12592
21,1,12593
21,2,12595
21,1,12596
21,1,12597
20,3,12600
-6,4,12604
21,2,12606
21,1,12607
21,1,12608
21,1,12609
-5,2,12611
21,1,12612
21,1,12613
21,1,12614
21,1,12615
21,1,12616
-5,2,12618
21,2,12620
21,3,12623
21,3,12626
21,3,12629
20,1,12630
21,2,12632
-5,3,12635
21,1,12636
21,1,12637
21,2,12639
21,2,12641
21,1,12642
21,1,12643
21,1,12644
21,2,12646
21,2,12648
21,1,12649
21,2,12651
21,1,12652
21,2,12654
21,1,12655
21,2,12657
21,2,12659
21,2,12661
21,2,12663
21,1,12664
21,1,12665
20,2,12667
21,1,12668
21,2,12670
-5,1,12671
-6,3,12674
21,1,12675
21,3,12678
21,2,12680
21,1,12681
21,1,12682
21,1,12683
21,2,12685
21,1,12686
21,1,12687
21,1,12688
21,2,12690
21,1,12691
-5,1,12692
21,2,12694
20,1,12695
21,2,12697
21,1,12698
21,2,12700
21,2,12702
21,1,12703
21,2,12705
20,3,12708
21,1,12709
21,2,12711
21,2,12713
21,2,12715
21,1,12716
21,2,12718
-5,2,12720
21,1,12721
21,3,12724
20,3,12727
21,2,12729
21,1,12730
21,1,12731
21,1,12732
21,1,12733
21,2,12735
21,1,12736
21,2,12738
21,5,12743
21,1,12744
20,3,12747
21,1,12748
21,2,12750
21,2,12752
21,2,12754
21,1,12755
-5,1,12756
21,3,12759
21,2,12761
21,1,12762
21,1,12763
21,2,12765
21,2,12767
21,2,12769
21,2,12771
21,3,12774
21,1,12775
21,2,12777
