episodic_return,episode_length,total_steps
0,0,0
-5,2,2
-19,20,22
-5,2,24
-5,1,25
-7,4,29
-5,1,30
-7,5,35
-8,5,40
-11,8,48
-19,20,68
-6,3,71
-18,15,86
-5,1,87
-5,1,88
-5,1,89
-6,3,92
-5,1,93
16,8,101
-9,6,107
-6,4,111
-5,1,112
-16,13,125
-19,20,145
19,4,149
-7,4,153
-5,1,154
-6,3,157
-5,1,158
-5,1,159
-11,9,168
-7,4,172
-7,4,176
-5,1,177
-7,5,182
-5,1,183
19,4,187
-5,1,188
-19,20,208
-5,3,211
-10,8,219
20,1,220
21,1,221
-9,6,227
-8,5,232
20,4,236
-6,4,240
19,5,245
-5,1,246
-5,2,248
21,3,251
-5,2,253
-5,1,254
-14,11,265
21,1,266
21,1,267
-5,1,268
-5,1,269
21,1,270
19,6,276
21,1,277
17,9,286
-10,8,294
-5,1,295
21,1,296
21,1,297
-5,1,298
-5,1,299
21,1,300
-5,1,301
20,1,302
-14,12,314
-5,1,315
19,4,319
20,4,323
-5,1,324
-5,1,325
-5,1,326
21,2,328
-5,1,329
20,4,333
-5,1,334
-5,1,335
-5,1,336
21,1,337
-5,1,338
-5,1,339
21,1,340
-7,4,344
-19,16,360
-9,6,366
-5,1,367
21,1,368
21,2,370
-5,1,371
-5,1,372
-5,2,374
-5,1,375
21,1,376
-5,1,377
21,1,378
21,2,380
-5,1,381
18,6,387
21,1,388
-12,10,398
-19,20,418
20,1,419
-5,1,420
-11,8,428
-5,1,429
-6,3,432
-9,6,438
-5,1,439
-5,1,440
21,1,441
21,1,442
-5,1,443
21,1,444
20,4,448
-6,3,451
-20,18,469
21,1,470
-5,2,472
8,15,487
-6,3,490
-5,2,492
21,1,493
-8,5,498
21,1,499
21,2,501
21,1,502
21,2,504
21,1,505
-5,1,506
21,1,507
-19,20,527
21,1,528
-10,7,535
21,1,536
21,1,537
19,4,541
21,1,542
21,1,543
21,1,544
-10,7,551
-9,7,558
-19,20,578
-7,4,582
-17,20,602
12,11,613
-5,1,614
-6,4,618
21,1,619
16,7,626
20,3,629
-5,2,631
21,1,632
16,7,639
-9,7,646
21,1,647
21,1,648
-9,6,654
-5,2,656
-13,10,666
21,1,667
20,3,670
-5,1,671
-5,1,672
-6,3,675
-14,13,688
20,3,691
21,1,692
20,3,695
21,1,696
8,15,711
-19,18,729
21,1,730
18,5,735
21,1,736
-5,1,737
-5,1,738
-5,1,739
-5,1,740
21,1,741
21,1,742
21,1,743
20,3,746
21,1,747
-13,12,759
-5,1,760
21,1,761
21,1,762
21,1,763
19,5,768
21,1,769
21,1,770
-6,3,773
21,1,774
-17,14,788
21,1,789
21,1,790
21,1,791
21,2,793
21,1,794
21,1,795
21,1,796
-5,1,797
-5,1,798
-13,13,811
-16,20,831
20,3,834
21,1,835
-19,20,855
-5,1,856
21,1,857
18,5,862
-7,5,867
-18,20,887
21,1,888
21,1,889
-5,1,890
21,1,891
-6,4,895
-5,1,896
-7,5,901
21,1,902
-6,3,905
21,1,906
21,1,907
21,1,908
21,1,909
21,1,910
21,1,911
21,1,912
21,1,913
21,1,914
-7,4,918
21,1,919
20,3,922
21,1,923
-11,9,932
21,1,933
21,1,934
21,1,935
21,1,936
21,1,937
21,1,938
-19,20,958
4,19,977
-5,1,978
21,1,979
-5,1,980
21,1,981
21,1,982
21,1,983
-5,1,984
21,1,985
-5,1,986
21,1,987
-5,1,988
21,1,989
21,1,990
-19,20,1010
20,1,1011
21,1,1012
-5,1,1013
21,1,1014
20,1,1015
21,1,1016
-9,7,1023
21,1,1024
21,1,1025
21,1,1026
-5,1,1027
-5,1,1028
-19,20,1048
20,1,1049
21,1,1050
-5,1,1051
21,1,1052
21,1,1053
21,1,1054
-19,17,1071
21,1,1072
21,1,1073
21,1,1074
20,1,1075
21,1,1076
-5,1,1077
21,1,1078
21,1,1079
-8,5,1084
21,1,1085
21,1,1086
21,1,1087
21,1,1088
21,1,1089
21,1,1090
21,1,1091
20,1,1092
20,1,1093
-19,20,1113
21,1,1114
21,1,1115
21,1,1116
21,1,1117
21,1,1118
20,1,1119
-5,1,1120
21,1,1121
21,1,1122
21,1,1123
-16,20,1143
21,1,1144
21,1,1145
21,1,1146
21,1,1147
-5,1,1148
-5,1,1149
21,1,1150
20,3,1153
21,1,1154
21,1,1155
21,1,1156
-5,1,1157
21,1,1158
21,1,1159
21,1,1160
-5,2,1162
21,1,1163
-5,1,1164
-5,1,1165
-11,9,1174
-5,1,1175
-5,1,1176
21,1,1177
21,1,1178
21,1,1179
21,1,1180
20,1,1181
21,1,1182
-5,1,1183
-5,1,1184
21,1,1185
21,1,1186
21,1,1187
21,1,1188
21,1,1189
21,1,1190
-5,1,1191
21,1,1192
-5,1,1193
-5,1,1194
21,1,1195
21,1,1196
21,1,1197
21,1,1198
-19,20,1218
21,1,1219
-19,20,1239
21,1,1240
-19,20,1260
21,1,1261
-19,20,1281
21,1,1282
-5,1,1283
-5,1,1284
21,1,1285
-19,20,1305
21,1,1306
21,1,1307
21,1,1308
21,1,1309
20,1,1310
-19,20,1330
21,1,1331
-19,20,1351
21,1,1352
21,1,1353
20,3,1356
20,1,1357
21,1,1358
-19,20,1378
20,3,1381
21,1,1382
21,1,1383
-19,20,1403
21,1,1404
21,1,1405
21,1,1406
20,3,1409
21,1,1410
21,1,1411
21,1,1412
21,1,1413
19,4,1417
21,1,1418
21,1,1419
-5,1,1420
21,1,1421
-19,20,1441
-5,1,1442
-5,1,1443
21,1,1444
21,1,1445
21,1,1446
-13,11,1457
6,19,1476
-11,10,1486
21,1,1487
21,1,1488
21,1,1489
21,1,1490
21,1,1491
-5,1,1492
-5,1,1493
21,1,1494
21,1,1495
-13,11,1506
21,1,1507
21,1,1508
-5,1,1509
21,1,1510
21,1,1511
21,1,1512
-7,4,1516
21,1,1517
21,1,1518
-5,1,1519
21,1,1520
21,1,1521
21,1,1522
21,1,1523
21,1,1524
-5,1,1525
21,1,1526
21,1,1527
21,1,1528
21,1,1529
21,1,1530
20,1,1531
21,1,1532
21,1,1533
20,3,1536
-16,20,1556
21,1,1557
21,1,1558
20,1,1559
21,1,1560
21,1,1561
21,1,1562
-7,5,1567
-5,1,1568
21,1,1569
21,1,1570
20,1,1571
-6,3,1574
-5,1,1575
21,1,1576
-19,20,1596
-13,13,1609
-18,20,1629
21,1,1630
-7,5,1635
20,1,1636
21,1,1637
21,1,1638
20,1,1639
21,1,1640
21,1,1641
21,1,1642
-13,10,1652
21,1,1653
-16,20,1673
-8,5,1678
21,1,1679
21,1,1680
21,1,1681
20,1,1682
21,1,1683
21,1,1684
-5,1,1685
21,1,1686
-5,1,1687
21,1,1688
21,1,1689
21,1,1690
-8,5,1695
-5,1,1696
21,1,1697
21,1,1698
-10,7,1705
21,1,1706
-5,1,1707
21,1,1708
21,1,1709
21,1,1710
21,1,1711
21,1,1712
21,1,1713
21,1,1714
-9,6,1720
21,1,1721
21,1,1722
21,1,1723
21,1,1724
21,1,1725
21,1,1726
21,1,1727
21,1,1728
20,1,1729
21,1,1730
21,1,1731
21,1,1732
21,1,1733
19,4,1737
21,1,1738
-6,3,1741
21,1,1742
21,1,1743
21,1,1744
-5,2,1746
-8,6,1752
21,1,1753
21,1,1754
-16,13,1767
20,1,1768
21,1,1769
21,1,1770
21,1,1771
-16,14,1785
-18,20,1805
-11,8,1813
21,1,1814
21,1,1815
-19,20,1835
-16,13,1848
21,1,1849
21,1,1850
20,1,1851
20,1,1852
-6,3,1855
-5,1,1856
-21,18,1874
21,1,1875
21,1,1876
-5,1,1877
-5,1,1878
-17,15,1893
-17,20,1913
21,1,1914
-5,1,1915
-6,3,1918
-5,1,1919
21,1,1920
21,1,1921
21,1,1922
-5,1,1923
-5,1,1924
21,1,1925
21,1,1926
21,1,1927
21,1,1928
21,1,1929
21,1,1930
19,5,1935
17,6,1941
21,1,1942
21,1,1943
-11,8,1951
-6,3,1954
21,1,1955
21,1,1956
21,1,1957
-5,1,1958
21,1,1959
-6,3,1962
21,1,1963
21,1,1964
21,1,1965
-16,20,1985
21,1,1986
21,1,1987
21,1,1988
21,1,1989
21,1,1990
-5,1,1991
21,1,1992
21,1,1993
-5,1,1994
21,1,1995
21,1,1996
21,1,1997
21,1,1998
21,1,1999
21,1,2000
-10,7,2007
21,1,2008
21,1,2009
21,1,2010
21,1,2011
-6,3,2014
21,1,2015
21,1,2016
-5,1,2017
20,1,2018
21,1,2019
21,1,2020
21,1,2021
21,1,2022
21,1,2023
-5,1,2024
19,4,2028
21,1,2029
21,1,2030
21,1,2031
21,1,2032
-5,1,2033
21,1,2034
21,1,2035
20,1,2036
21,1,2037
-5,1,2038
21,1,2039
-5,1,2040
21,1,2041
-5,1,2042
21,1,2043
21,1,2044
-5,1,2045
21,1,2046
-8,5,2051
19,4,2055
21,1,2056
21,1,2057
21,1,2058
-6,3,2061
-18,20,2081
21,1,2082
-5,1,2083
18,5,2088
21,1,2089
21,1,2090
21,1,2091
21,1,2092
21,1,2093
21,1,2094
-5,1,2095
21,1,2096
21,1,2097
21,1,2098
21,1,2099
-15,13,2112
-5,1,2113
-5,1,2114
-5,1,2115
-5,1,2116
-5,1,2117
-5,1,2118
21,1,2119
21,2,2121
21,1,2122
21,1,2123
21,1,2124
21,1,2125
21,1,2126
-5,1,2127
21,1,2128
21,1,2129
21,1,2130
-6,3,2133
21,1,2134
-5,1,2135
21,1,2136
21,1,2137
-5,1,2138
-5,1,2139
21,1,2140
-6,3,2143
21,1,2144
21,1,2145
-10,9,2154
21,1,2155
21,1,2156
21,1,2157
21,1,2158
21,1,2159
-17,14,2173
-5,1,2174
21,1,2175
-6,3,2178
21,1,2179
21,1,2180
21,1,2181
-7,4,2185
21,1,2186
21,1,2187
-5,2,2189
21,1,2190
20,1,2191
21,1,2192
21,1,2193
-5,1,2194
21,1,2195
21,1,2196
21,1,2197
21,1,2198
21,1,2199
21,1,2200
21,1,2201
-8,5,2206
21,1,2207
21,1,2208
-8,5,2213
21,1,2214
21,1,2215
21,1,2216
21,1,2217
21,1,2218
-6,3,2221
19,4,2225
20,3,2228
21,1,2229
-5,1,2230
21,1,2231
21,1,2232
-5,2,2234
-19,17,2251
-5,1,2252
21,1,2253
-6,3,2256
-6,3,2259
21,1,2260
21,1,2261
21,1,2262
20,1,2263
20,4,2267
21,1,2268
21,1,2269
-5,1,2270
-6,3,2273
21,1,2274
21,1,2275
21,1,2276
21,1,2277
21,1,2278
21,1,2279
21,1,2280
21,1,2281
21,1,2282
21,1,2283
21,1,2284
-9,8,2292
-5,1,2293
21,1,2294
21,1,2295
21,1,2296
21,1,2297
21,1,2298
21,1,2299
21,1,2300
21,1,2301
-6,3,2304
21,1,2305
20,1,2306
-15,20,2326
21,1,2327
21,1,2328
-5,1,2329
21,1,2330
-5,1,2331
21,1,2332
-21,18,2350
18,4,2354
-5,2,2356
21,1,2357
21,1,2358
21,1,2359
-6,3,2362
-9,8,2370
-6,3,2373
-5,2,2375
20,1,2376
16,7,2383
21,1,2384
21,1,2385
21,1,2386
-5,1,2387
-5,2,2389
21,1,2390
21,1,2391
-5,1,2392
-5,1,2393
20,3,2396
21,1,2397
-5,1,2398
21,1,2399
-9,6,2405
21,1,2406
21,1,2407
21,1,2408
21,1,2409
-5,1,2410
-13,10,2420
21,1,2421
21,1,2422
-8,5,2427
21,1,2428
21,1,2429
21,1,2430
-5,1,2431
21,1,2432
21,1,2433
-11,8,2441
21,1,2442
-5,1,2443
21,1,2444
21,1,2445
21,1,2446
21,1,2447
21,1,2448
21,1,2449
21,1,2450
21,1,2451
21,1,2452
-12,10,2462
21,1,2463
21,1,2464
21,1,2465
21,1,2466
-5,2,2468
20,1,2469
21,1,2470
21,1,2471
-5,2,2473
21,1,2474
21,1,2475
20,1,2476
19,4,2480
-5,1,2481
21,1,2482
21,1,2483
21,1,2484
21,1,2485
-5,1,2486
-5,1,2487
21,1,2488
-5,1,2489
21,1,2490
21,1,2491
20,1,2492
-5,1,2493
-11,8,2501
21,1,2502
21,1,2503
21,1,2504
21,1,2505
21,1,2506
21,1,2507
21,1,2508
-20,17,2525
-7,4,2529
-5,1,2530
21,1,2531
21,3,2534
21,1,2535
21,1,2536
21,1,2537
21,1,2538
21,1,2539
21,1,2540
-5,1,2541
-5,1,2542
20,3,2545
21,1,2546
21,1,2547
-5,1,2548
21,1,2549
20,1,2550
21,1,2551
-5,2,2553
21,1,2554
21,1,2555
21,1,2556
-10,9,2565
21,1,2566
-15,14,2580
18,6,2586
-5,1,2587
21,1,2588
21,1,2589
-9,7,2596
21,1,2597
21,1,2598
21,1,2599
21,1,2600
-5,1,2601
-13,12,2613
21,1,2614
-5,1,2615
21,1,2616
21,1,2617
-5,1,2618
21,1,2619
-6,3,2622
21,1,2623
-16,15,2638
21,1,2639
21,1,2640
21,1,2641
-5,1,2642
-5,2,2644
21,1,2645
21,1,2646
-18,20,2666
-5,1,2667
21,1,2668
21,1,2669
-5,1,2670
-7,4,2674
21,3,2677
21,1,2678
21,1,2679
-6,3,2682
21,1,2683
-5,1,2684
21,1,2685
21,1,2686
21,1,2687
-6,3,2690
21,1,2691
21,1,2692
21,1,2693
21,1,2694
21,1,2695
21,1,2696
21,1,2697
21,1,2698
21,1,2699
-5,1,2700
-5,2,2702
-11,10,2712
20,1,2713
21,1,2714
-5,1,2715
-7,4,2719
21,1,2720
-5,1,2721
21,1,2722
21,1,2723
21,1,2724
21,1,2725
21,1,2726
-5,2,2728
-5,1,2729
-5,1,2730
21,1,2731
21,1,2732
-6,3,2735
21,1,2736
21,1,2737
21,1,2738
-5,1,2739
21,1,2740
21,1,2741
-11,8,2749
21,1,2750
21,1,2751
21,1,2752
21,1,2753
21,1,2754
21,1,2755
21,1,2756
21,1,2757
21,1,2758
-5,1,2759
21,1,2760
-5,1,2761
21,1,2762
-5,1,2763
21,1,2764
21,1,2765
-5,1,2766
21,1,2767
21,1,2768
21,1,2769
-5,1,2770
21,1,2771
-5,1,2772
21,1,2773
-5,1,2774
21,1,2775
21,1,2776
21,1,2777
21,1,2778
21,1,2779
21,1,2780
21,1,2781
21,3,2784
21,1,2785
-5,1,2786
21,1,2787
21,1,2788
20,1,2789
21,1,2790
21,1,2791
21,1,2792
21,1,2793
21,1,2794
-5,1,2795
20,1,2796
21,1,2797
21,1,2798
21,1,2799
21,1,2800
21,1,2801
21,1,2802
21,1,2803
21,1,2804
-6,3,2807
-5,1,2808
21,1,2809
21,1,2810
21,1,2811
-5,1,2812
21,1,2813
21,1,2814
21,1,2815
21,3,2818
21,1,2819
-5,1,2820
-5,1,2821
21,1,2822
21,1,2823
21,1,2824
21,1,2825
-5,1,2826
21,1,2827
21,1,2828
-5,1,2829
21,1,2830
21,1,2831
20,1,2832
21,1,2833
21,1,2834
21,1,2835
21,1,2836
21,1,2837
21,1,2838
21,1,2839
21,1,2840
21,1,2841
21,1,2842
21,1,2843
21,1,2844
21,1,2845
21,1,2846
21,1,2847
21,1,2848
21,1,2849
21,1,2850
21,1,2851
21,1,2852
21,1,2853
21,1,2854
-17,20,2874
21,1,2875
21,1,2876
-5,1,2877
21,1,2878
21,1,2879
-7,4,2883
21,1,2884
21,1,2885
21,1,2886
-5,1,2887
21,1,2888
21,1,2889
21,1,2890
20,1,2891
-11,9,2900
21,1,2901
21,1,2902
21,1,2903
21,1,2904
21,1,2905
-5,1,2906
21,1,2907
21,1,2908
21,1,2909
21,1,2910
21,1,2911
21,1,2912
21,1,2913
21,1,2914
21,1,2915
-5,1,2916
-5,1,2917
-10,7,2924
21,1,2925
21,1,2926
21,1,2927
21,1,2928
21,1,2929
21,1,2930
21,1,2931
-12,10,2941
21,1,2942
21,1,2943
21,1,2944
-5,1,2945
-5,1,2946
21,1,2947
21,1,2948
21,1,2949
-5,1,2950
-5,1,2951
21,1,2952
21,1,2953
21,1,2954
21,1,2955
21,1,2956
-8,6,2962
21,1,2963
21,1,2964
-5,2,2966
21,1,2967
21,1,2968
21,1,2969
21,1,2970
21,1,2971
21,1,2972
-5,1,2973
21,1,2974
21,1,2975
21,1,2976
21,1,2977
-5,1,2978
21,1,2979
-7,4,2983
21,1,2984
21,1,2985
21,1,2986
-5,1,2987
21,1,2988
21,1,2989
21,1,2990
-11,10,3000
21,1,3001
21,1,3002
21,1,3003
-7,4,3007
21,1,3008
-5,1,3009
21,1,3010
21,1,3011
21,1,3012
-5,1,3013
21,1,3014
21,1,3015
21,1,3016
21,1,3017
-6,3,3020
21,1,3021
21,1,3022
21,1,3023
21,1,3024
20,1,3025
-5,1,3026
21,1,3027
-5,1,3028
-5,1,3029
20,3,3032
21,1,3033
-5,1,3034
20,3,3037
21,1,3038
21,1,3039
-5,1,3040
-10,9,3049
21,1,3050
21,1,3051
21,1,3052
21,1,3053
21,1,3054
20,1,3055
21,1,3056
-5,1,3057
21,1,3058
21,1,3059
21,1,3060
21,1,3061
21,1,3062
-11,9,3071
21,1,3072
21,1,3073
-5,1,3074
21,1,3075
-20,18,3093
21,1,3094
21,1,3095
20,1,3096
21,1,3097
21,1,3098
21,1,3099
21,1,3100
21,1,3101
-5,1,3102
21,1,3103
-5,1,3104
21,1,3105
-5,1,3106
21,1,3107
21,1,3108
21,1,3109
19,4,3113
21,1,3114
21,1,3115
21,1,3116
21,1,3117
21,1,3118
21,1,3119
21,1,3120
21,1,3121
20,3,3124
21,3,3127
21,1,3128
21,1,3129
21,1,3130
20,3,3133
21,1,3134
-5,1,3135
-5,1,3136
20,1,3137
-9,7,3144
-7,4,3148
21,1,3149
-6,3,3152
21,1,3153
21,1,3154
21,1,3155
21,1,3156
21,1,3157
21,1,3158
21,1,3159
-5,1,3160
21,1,3161
-5,1,3162
-10,8,3170
21,1,3171
20,1,3172
21,1,3173
21,1,3174
-19,20,3194
21,1,3195
21,1,3196
21,1,3197
-11,8,3205
21,1,3206
21,1,3207
21,1,3208
20,3,3211
21,1,3212
21,1,3213
21,1,3214
-5,1,3215
-5,1,3216
21,1,3217
-5,1,3218
-6,3,3221
-5,1,3222
-5,1,3223
21,1,3224
21,1,3225
-5,1,3226
21,1,3227
21,1,3228
17,8,3236
-5,1,3237
21,1,3238
20,1,3239
-5,1,3240
-19,20,3260
21,1,3261
21,1,3262
21,2,3264
21,1,3265
-9,6,3271
-5,1,3272
-5,1,3273
21,1,3274
21,1,3275
21,1,3276
21,1,3277
-6,3,3280
21,1,3281
21,1,3282
-7,5,3287
-5,1,3288
-5,1,3289
21,1,3290
20,1,3291
21,1,3292
20,1,3293
21,1,3294
21,1,3295
-5,1,3296
21,1,3297
21,1,3298
21,1,3299
21,1,3300
20,1,3301
21,1,3302
21,1,3303
21,1,3304
21,1,3305
21,1,3306
-5,1,3307
-6,3,3310
-7,4,3314
21,1,3315
21,1,3316
21,1,3317
21,1,3318
21,1,3319
-6,3,3322
21,1,3323
21,1,3324
-5,1,3325
-5,1,3326
21,1,3327
20,3,3330
21,1,3331
21,1,3332
21,1,3333
21,1,3334
-7,5,3339
21,1,3340
21,1,3341
21,1,3342
-5,1,3343
21,1,3344
21,1,3345
21,1,3346
21,1,3347
-19,18,3365
21,1,3366
21,1,3367
21,1,3368
-15,15,3383
18,5,3388
21,1,3389
21,1,3390
21,1,3391
21,1,3392
21,1,3393
21,1,3394
21,1,3395
21,1,3396
21,1,3397
21,1,3398
21,1,3399
-6,3,3402
21,1,3403
21,1,3404
21,1,3405
21,1,3406
21,1,3407
21,1,3408
21,1,3409
21,1,3410
21,1,3411
21,1,3412
21,1,3413
21,1,3414
21,1,3415
-5,1,3416
21,1,3417
-5,1,3418
-5,2,3420
21,1,3421
-5,1,3422
21,1,3423
21,1,3424
21,1,3425
21,1,3426
21,1,3427
21,1,3428
20,1,3429
21,1,3430
-5,1,3431
21,1,3432
20,1,3433
-5,1,3434
-5,1,3435
21,1,3436
-5,1,3437
21,1,3438
21,1,3439
21,1,3440
21,1,3441
-5,1,3442
21,1,3443
21,1,3444
21,1,3445
21,1,3446
20,1,3447
21,1,3448
18,5,3453
20,3,3456
21,1,3457
-5,1,3458
21,1,3459
20,1,3460
21,1,3461
-5,1,3462
21,1,3463
-5,2,3465
21,1,3466
-5,1,3467
-19,20,3487
20,1,3488
-5,1,3489
21,1,3490
21,1,3491
21,1,3492
21,1,3493
21,1,3494
21,1,3495
21,1,3496
21,1,3497
21,1,3498
-5,1,3499
21,1,3500
21,1,3501
20,1,3502
21,1,3503
-5,1,3504
21,1,3505
-5,1,3506
21,1,3507
21,1,3508
21,1,3509
-5,1,3510
21,1,3511
21,1,3512
-5,1,3513
21,1,3514
21,1,3515
21,1,3516
-5,1,3517
-5,1,3518
21,1,3519
21,1,3520
-5,1,3521
21,1,3522
21,1,3523
21,1,3524
21,1,3525
21,1,3526
21,1,3527
20,1,3528
20,3,3531
-5,1,3532
21,3,3535
20,1,3536
21,1,3537
21,1,3538
-5,2,3540
21,1,3541
21,1,3542
-5,1,3543
21,1,3544
7,19,3563
21,1,3564
21,1,3565
21,1,3566
-5,1,3567
21,1,3568
21,1,3569
21,1,3570
-5,3,3573
21,1,3574
21,1,3575
20,3,3578
21,1,3579
21,1,3580
-20,19,3599
21,1,3600
21,1,3601
21,1,3602
21,1,3603
21,1,3604
21,1,3605
21,1,3606
21,1,3607
21,1,3608
21,1,3609
21,1,3610
21,1,3611
-5,1,3612
21,1,3613
21,1,3614
21,1,3615
21,1,3616
21,1,3617
21,1,3618
-5,1,3619
21,2,3621
-5,1,3622
21,1,3623
-14,13,3636
21,1,3637
21,1,3638
12,13,3651
21,1,3652
21,1,3653
21,1,3654
-5,1,3655
21,1,3656
-7,4,3660
21,1,3661
-5,1,3662
-5,1,3663
-16,14,3677
21,1,3678
21,1,3679
21,1,3680
21,1,3681
-5,1,3682
21,1,3683
21,1,3684
21,1,3685
21,1,3686
-11,9,3695
21,1,3696
21,1,3697
21,1,3698
21,1,3699
21,1,3700
21,1,3701
21,1,3702
21,1,3703
21,1,3704
-5,1,3705
-7,5,3710
-5,1,3711
21,1,3712
21,1,3713
21,1,3714
21,1,3715
21,1,3716
21,1,3717
21,1,3718
-5,1,3719
20,1,3720
20,4,3724
21,1,3725
-5,1,3726
-5,1,3727
-5,1,3728
21,1,3729
21,1,3730
-5,1,3731
21,1,3732
21,1,3733
-5,1,3734
-6,3,3737
-5,1,3738
21,1,3739
21,1,3740
-7,4,3744
21,1,3745
21,1,3746
19,4,3750
21,1,3751
21,1,3752
-5,1,3753
-5,1,3754
21,1,3755
21,1,3756
-5,1,3757
21,1,3758
21,1,3759
21,1,3760
21,1,3761
-5,1,3762
21,1,3763
21,1,3764
21,1,3765
-5,1,3766
15,10,3776
21,1,3777
21,1,3778
21,1,3779
21,1,3780
21,3,3783
-5,1,3784
-5,1,3785
21,1,3786
21,1,3787
20,1,3788
21,1,3789
21,1,3790
-9,6,3796
21,1,3797
21,1,3798
21,1,3799
21,1,3800
21,1,3801
21,1,3802
21,1,3803
21,1,3804
-19,20,3824
21,1,3825
21,1,3826
21,1,3827
21,3,3830
21,1,3831
21,1,3832
21,1,3833
21,1,3834
-6,3,3837
21,1,3838
-5,1,3839
21,1,3840
21,3,3843
18,5,3848
21,1,3849
21,1,3850
12,12,3862
21,1,3863
21,1,3864
21,1,3865
21,1,3866
-5,1,3867
21,1,3868
21,1,3869
21,1,3870
-7,4,3874
20,1,3875
20,1,3876
21,1,3877
21,1,3878
21,1,3879
21,1,3880
21,1,3881
21,1,3882
21,1,3883
21,1,3884
21,1,3885
21,1,3886
20,1,3887
21,1,3888
21,1,3889
19,6,3895
-5,1,3896
-5,1,3897
21,1,3898
21,1,3899
21,1,3900
21,1,3901
21,1,3902
21,1,3903
19,4,3907
21,1,3908
21,1,3909
21,1,3910
21,1,3911
21,1,3912
21,1,3913
21,1,3914
21,1,3915
-8,6,3921
21,1,3922
21,1,3923
21,1,3924
21,1,3925
21,1,3926
21,1,3927
21,1,3928
21,1,3929
21,1,3930
21,1,3931
21,1,3932
21,1,3933
21,1,3934
21,1,3935
-5,1,3936
-5,2,3938
21,1,3939
21,1,3940
-7,4,3944
21,1,3945
-5,1,3946
21,1,3947
21,1,3948
21,1,3949
-5,1,3950
21,1,3951
21,1,3952
21,1,3953
21,1,3954
21,1,3955
21,1,3956
21,1,3957
20,1,3958
20,1,3959
-5,1,3960
21,1,3961
21,1,3962
-5,1,3963
21,1,3964
21,1,3965
-5,1,3966
21,1,3967
21,1,3968
21,1,3969
21,1,3970
21,1,3971
21,1,3972
21,1,3973
21,1,3974
20,1,3975
-5,1,3976
21,1,3977
-19,20,3997
21,1,3998
21,1,3999
-5,1,4000
21,1,4001
21,1,4002
-5,1,4003
-5,2,4005
-6,3,4008
-5,1,4009
-5,1,4010
21,1,4011
21,1,4012
21,1,4013
21,1,4014
21,1,4015
21,1,4016
21,1,4017
21,1,4018
20,1,4019
21,1,4020
21,1,4021
21,1,4022
20,1,4023
21,1,4024
21,1,4025
21,1,4026
20,1,4027
21,1,4028
-5,1,4029
21,1,4030
-5,1,4031
21,1,4032
21,1,4033
21,1,4034
20,1,4035
21,1,4036
20,1,4037
-5,1,4038
20,1,4039
21,1,4040
21,1,4041
-5,1,4042
-5,1,4043
17,6,4049
21,1,4050
21,1,4051
-13,10,4061
-5,1,4062
21,1,4063
21,1,4064
-5,1,4065
-5,1,4066
21,1,4067
21,1,4068
-5,1,4069
-5,2,4071
21,1,4072
21,1,4073
21,1,4074
21,1,4075
21,1,4076
-7,4,4080
21,1,4081
-5,2,4083
21,1,4084
21,1,4085
21,1,4086
20,1,4087
21,1,4088
20,1,4089
21,1,4090
21,1,4091
21,1,4092
21,1,4093
21,1,4094
-5,1,4095
21,1,4096
-5,1,4097
21,1,4098
21,1,4099
-5,1,4100
-5,1,4101
21,1,4102
21,1,4103
21,1,4104
21,1,4105
21,1,4106
21,1,4107
21,1,4108
21,1,4109
-5,1,4110
20,1,4111
21,1,4112
-9,6,4118
-5,1,4119
21,1,4120
21,1,4121
21,1,4122
21,1,4123
-5,1,4124
21,1,4125
21,1,4126
21,1,4127
21,1,4128
21,1,4129
21,1,4130
21,1,4131
21,1,4132
-5,1,4133
-5,2,4135
20,1,4136
21,1,4137
21,1,4138
20,1,4139
21,1,4140
21,1,4141
21,1,4142
21,1,4143
21,1,4144
21,1,4145
21,1,4146
21,1,4147
21,1,4148
-5,1,4149
-5,2,4151
-6,3,4154
21,1,4155
21,1,4156
21,1,4157
21,1,4158
21,1,4159
21,1,4160
21,1,4161
21,1,4162
21,1,4163
21,1,4164
21,1,4165
21,1,4166
21,1,4167
21,1,4168
21,1,4169
21,1,4170
-5,2,4172
21,1,4173
20,1,4174
21,1,4175
21,1,4176
21,1,4177
21,1,4178
21,1,4179
21,1,4180
-5,1,4181
-5,1,4182
21,1,4183
21,1,4184
21,1,4185
21,1,4186
21,1,4187
20,1,4188
21,1,4189
21,1,4190
21,1,4191
21,1,4192
21,1,4193
-5,1,4194
21,1,4195
-5,1,4196
21,1,4197
21,1,4198
21,1,4199
20,1,4200
21,1,4201
20,3,4204
-5,1,4205
21,1,4206
21,1,4207
-6,3,4210
21,1,4211
21,1,4212
19,4,4216
21,1,4217
21,1,4218
21,1,4219
-5,1,4220
-5,2,4222
21,1,4223
20,1,4224
21,1,4225
21,1,4226
21,1,4227
21,1,4228
21,2,4230
21,1,4231
21,1,4232
-7,4,4236
21,1,4237
21,1,4238
21,1,4239
-5,1,4240
21,1,4241
21,1,4242
21,1,4243
21,1,4244
-7,4,4248
21,1,4249
21,1,4250
-6,3,4253
-19,16,4269
21,1,4270
-6,3,4273
-5,1,4274
21,1,4275
21,1,4276
21,1,4277
21,1,4278
21,1,4279
21,1,4280
-9,6,4286
21,1,4287
21,1,4288
21,1,4289
21,1,4290
21,1,4291
21,1,4292
21,1,4293
20,1,4294
-5,1,4295
21,1,4296
-5,1,4297
21,1,4298
21,1,4299
21,1,4300
21,1,4301
21,1,4302
-5,2,4304
-5,1,4305
21,1,4306
21,1,4307
21,1,4308
21,1,4309
-7,4,4313
21,1,4314
21,1,4315
-5,1,4316
-5,1,4317
20,1,4318
-5,1,4319
21,1,4320
21,1,4321
-6,3,4324
-5,1,4325
-8,5,4330
21,1,4331
21,1,4332
21,1,4333
21,1,4334
21,1,4335
21,1,4336
-18,17,4353
19,4,4357
21,1,4358
-6,3,4361
-5,2,4363
21,1,4364
21,1,4365
21,1,4366
21,1,4367
21,1,4368
-5,1,4369
21,1,4370
21,1,4371
20,1,4372
21,1,4373
-5,1,4374
-5,1,4375
21,1,4376
-5,1,4377
21,1,4378
21,1,4379
-15,13,4392
21,1,4393
21,1,4394
21,1,4395
-5,1,4396
21,1,4397
21,1,4398
21,1,4399
-5,1,4400
21,1,4401
21,1,4402
-7,4,4406
21,1,4407
21,1,4408
21,1,4409
-5,1,4410
21,1,4411
21,1,4412
21,1,4413
-5,1,4414
20,1,4415
21,1,4416
21,1,4417
-5,1,4418
21,1,4419
21,1,4420
20,3,4423
21,1,4424
21,1,4425
-5,1,4426
21,1,4427
21,1,4428
-5,1,4429
21,1,4430
-5,1,4431
21,1,4432
21,1,4433
21,1,4434
21,1,4435
21,1,4436
-5,1,4437
20,1,4438
-5,1,4439
21,1,4440
21,1,4441
21,1,4442
-11,8,4450
-5,1,4451
21,1,4452
-5,1,4453
-7,4,4457
-5,1,4458
21,1,4459
-5,1,4460
-5,1,4461
21,1,4462
21,1,4463
21,1,4464
-5,1,4465
21,1,4466
21,1,4467
21,1,4468
21,1,4469
21,1,4470
21,1,4471
21,1,4472
-13,11,4483
-5,4,4487
-5,1,4488
-5,1,4489
21,1,4490
21,1,4491
21,1,4492
21,1,4493
21,1,4494
21,1,4495
21,1,4496
21,1,4497
21,1,4498
-10,7,4505
21,1,4506
20,1,4507
21,1,4508
21,1,4509
21,1,4510
-16,13,4523
21,1,4524
-18,20,4544
21,1,4545
21,1,4546
21,1,4547
21,1,4548
21,1,4549
21,1,4550
-5,1,4551
21,1,4552
21,1,4553
21,1,4554
-5,1,4555
-23,20,4575
-5,1,4576
21,1,4577
21,1,4578
-5,1,4579
21,1,4580
21,1,4581
21,1,4582
21,1,4583
21,1,4584
21,1,4585
21,1,4586
21,1,4587
-5,1,4588
21,1,4589
-5,1,4590
-12,10,4600
21,1,4601
18,5,4606
-6,3,4609
-17,14,4623
21,1,4624
-19,20,4644
21,1,4645
21,1,4646
21,1,4647
21,1,4648
-19,20,4668
20,1,4669
21,1,4670
-5,1,4671
21,1,4672
21,1,4673
21,1,4674
21,1,4675
21,1,4676
21,1,4677
21,1,4678
21,1,4679
-18,20,4699
21,1,4700
21,1,4701
21,1,4702
20,1,4703
-5,1,4704
21,1,4705
21,1,4706
21,1,4707
21,1,4708
21,1,4709
21,1,4710
21,1,4711
21,1,4712
21,1,4713
-5,1,4714
21,1,4715
21,1,4716
21,1,4717
21,1,4718
21,1,4719
-5,1,4720
21,1,4721
21,1,4722
21,1,4723
21,1,4724
-5,1,4725
21,1,4726
21,1,4727
21,1,4728
21,1,4729
-5,1,4730
20,3,4733
-5,1,4734
21,1,4735
21,1,4736
21,1,4737
21,1,4738
-5,1,4739
21,1,4740
21,1,4741
21,1,4742
-5,1,4743
21,1,4744
21,1,4745
21,1,4746
21,1,4747
21,1,4748
-5,2,4750
21,1,4751
21,1,4752
21,1,4753
21,1,4754
-5,1,4755
-5,1,4756
21,1,4757
-5,1,4758
21,1,4759
21,1,4760
21,1,4761
21,1,4762
19,4,4766
21,1,4767
21,1,4768
-5,1,4769
21,1,4770
-5,1,4771
21,1,4772
21,1,4773
-10,7,4780
21,1,4781
-5,1,4782
21,1,4783
-19,20,4803
21,1,4804
21,1,4805
-18,20,4825
21,1,4826
21,1,4827
21,1,4828
20,1,4829
-5,2,4831
21,1,4832
21,1,4833
-5,1,4834
21,1,4835
21,1,4836
-5,1,4837
-6,3,4840
21,1,4841
21,1,4842
-19,20,4862
21,1,4863
20,1,4864
20,1,4865
-5,1,4866
21,1,4867
-5,1,4868
-5,1,4869
-5,1,4870
21,1,4871
-7,4,4875
21,1,4876
21,1,4877
-5,1,4878
21,1,4879
21,1,4880
-6,3,4883
21,1,4884
-9,6,4890
16,10,4900
21,1,4901
-5,1,4902
21,1,4903
21,1,4904
-5,1,4905
21,1,4906
21,1,4907
21,1,4908
21,1,4909
21,1,4910
21,1,4911
21,1,4912
21,1,4913
21,1,4914
21,1,4915
21,1,4916
-5,1,4917
21,1,4918
21,1,4919
-5,1,4920
-5,1,4921
21,1,4922
21,1,4923
21,1,4924
21,1,4925
21,1,4926
21,1,4927
-18,15,4942
21,1,4943
21,1,4944
21,1,4945
21,1,4946
20,1,4947
-5,1,4948
21,1,4949
-5,1,4950
21,1,4951
21,1,4952
-6,3,4955
21,1,4956
-5,1,4957
-17,14,4971
20,1,4972
21,1,4973
-23,20,4993
21,1,4994
-5,1,4995
21,1,4996
-5,1,4997
20,3,5000
-5,1,5001
21,1,5002
-5,1,5003
21,1,5004
21,1,5005
20,1,5006
-5,1,5007
21,1,5008
20,1,5009
21,1,5010
-5,1,5011
-19,20,5031
21,1,5032
20,1,5033
-5,1,5034
-5,1,5035
21,1,5036
21,1,5037
-5,1,5038
21,1,5039
21,1,5040
-5,1,5041
21,1,5042
21,1,5043
21,1,5044
21,1,5045
21,1,5046
21,1,5047
21,1,5048
21,1,5049
21,1,5050
21,1,5051
-5,1,5052
21,1,5053
21,1,5054
-5,2,5056
-10,7,5063
21,1,5064
21,1,5065
-5,1,5066
21,1,5067
21,1,5068
21,1,5069
21,1,5070
21,1,5071
21,1,5072
21,1,5073
21,1,5074
21,1,5075
21,1,5076
21,1,5077
21,1,5078
21,1,5079
21,1,5080
21,1,5081
21,1,5082
21,1,5083
21,1,5084
-5,1,5085
21,1,5086
21,1,5087
-5,1,5088
21,1,5089
-5,1,5090
20,1,5091
21,1,5092
21,1,5093
21,1,5094
21,1,5095
21,1,5096
21,1,5097
21,1,5098
-5,1,5099
21,1,5100
21,1,5101
-5,1,5102
20,1,5103
21,1,5104
21,1,5105
21,1,5106
21,1,5107
21,1,5108
21,1,5109
21,1,5110
21,1,5111
21,1,5112
21,1,5113
21,1,5114
-5,1,5115
21,1,5116
20,1,5117
21,1,5118
21,1,5119
21,1,5120
21,1,5121
21,1,5122
21,1,5123
21,1,5124
-5,1,5125
21,1,5126
21,1,5127
21,1,5128
21,1,5129
21,1,5130
21,1,5131
21,1,5132
21,1,5133
21,1,5134
-5,1,5135
21,1,5136
21,1,5137
21,1,5138
21,1,5139
-5,1,5140
21,1,5141
21,1,5142
21,1,5143
21,1,5144
20,1,5145
21,1,5146
21,1,5147
21,1,5148
21,1,5149
21,1,5150
21,1,5151
21,1,5152
21,1,5153
21,1,5154
-5,1,5155
21,1,5156
21,1,5157
21,1,5158
21,1,5159
21,1,5160
21,1,5161
21,1,5162
21,1,5163
21,1,5164
21,1,5165
21,1,5166
-7,4,5170
21,1,5171
21,1,5172
21,1,5173
-10,8,5181
21,1,5182
-5,1,5183
21,1,5184
21,1,5185
21,1,5186
19,4,5190
21,1,5191
-6,3,5194
21,1,5195
21,1,5196
21,1,5197
21,1,5198
21,1,5199
21,1,5200
21,1,5201
21,1,5202
21,1,5203
-8,5,5208
21,1,5209
21,1,5210
21,1,5211
21,1,5212
21,1,5213
21,1,5214
21,1,5215
21,1,5216
21,1,5217
21,1,5218
21,1,5219
21,1,5220
21,1,5221
-5,1,5222
20,1,5223
-5,1,5224
-5,1,5225
21,1,5226
21,1,5227
21,1,5228
21,1,5229
21,1,5230
21,1,5231
-5,1,5232
-11,8,5240
21,1,5241
21,1,5242
21,1,5243
-5,1,5244
21,1,5245
21,1,5246
21,1,5247
21,1,5248
21,1,5249
21,1,5250
21,1,5251
-5,1,5252
21,1,5253
21,1,5254
21,1,5255
21,1,5256
21,1,5257
21,1,5258
21,1,5259
21,1,5260
21,1,5261
21,1,5262
21,1,5263
-5,1,5264
-5,1,5265
21,1,5266
21,1,5267
-5,1,5268
21,1,5269
21,1,5270
20,1,5271
21,1,5272
21,1,5273
21,1,5274
-7,4,5278
20,1,5279
21,1,5280
21,1,5281
21,1,5282
20,1,5283
-17,15,5298
21,1,5299
20,1,5300
-19,20,5320
-5,1,5321
21,1,5322
-5,1,5323
21,1,5324
-5,1,5325
-5,1,5326
21,1,5327
-5,1,5328
21,1,5329
20,1,5330
-18,20,5350
21,1,5351
21,1,5352
21,1,5353
21,1,5354
-5,1,5355
-5,1,5356
21,1,5357
21,1,5358
21,1,5359
21,1,5360
21,1,5361
21,1,5362
21,1,5363
21,1,5364
-5,1,5365
21,1,5366
21,1,5367
21,1,5368
21,1,5369
-5,3,5372
21,1,5373
21,1,5374
21,1,5375
21,1,5376
21,1,5377
21,1,5378
21,1,5379
21,1,5380
21,1,5381
21,1,5382
21,1,5383
21,1,5384
21,1,5385
21,1,5386
-6,5,5391
21,1,5392
20,1,5393
21,1,5394
21,1,5395
21,1,5396
21,1,5397
-8,5,5402
21,1,5403
-12,9,5412
20,3,5415
-5,1,5416
-5,1,5417
21,1,5418
21,1,5419
-5,1,5420
-5,1,5421
21,1,5422
-5,1,5423
20,1,5424
21,1,5425
21,1,5426
21,1,5427
-5,1,5428
21,1,5429
-5,1,5430
20,1,5431
21,1,5432
-5,1,5433
20,1,5434
21,1,5435
21,1,5436
21,1,5437
20,3,5440
21,1,5441
21,1,5442
-5,1,5443
21,1,5444
21,1,5445
21,1,5446
21,1,5447
19,3,5450
21,1,5451
21,1,5452
-5,1,5453
21,1,5454
21,1,5455
-5,1,5456
21,1,5457
21,1,5458
21,1,5459
21,1,5460
21,1,5461
21,1,5462
-5,1,5463
-6,3,5466
21,1,5467
21,1,5468
21,1,5469
20,1,5470
21,1,5471
21,1,5472
21,1,5473
21,1,5474
21,1,5475
21,1,5476
21,1,5477
-5,1,5478
20,1,5479
21,1,5480
-5,1,5481
21,1,5482
-5,1,5483
21,1,5484
21,1,5485
21,1,5486
21,1,5487
21,1,5488
21,1,5489
21,1,5490
21,1,5491
21,1,5492
21,1,5493
21,1,5494
-7,4,5498
21,1,5499
-5,1,5500
-5,1,5501
-5,1,5502
21,1,5503
-5,1,5504
-8,5,5509
21,1,5510
21,1,5511
21,1,5512
21,1,5513
-5,1,5514
21,1,5515
21,1,5516
21,1,5517
21,1,5518
21,1,5519
21,1,5520
21,1,5521
-5,1,5522
21,1,5523
-5,1,5524
21,1,5525
-5,2,5527
21,1,5528
21,1,5529
21,1,5530
21,1,5531
21,1,5532
-5,1,5533
21,1,5534
21,1,5535
-7,4,5539
21,1,5540
21,1,5541
-5,1,5542
21,1,5543
21,1,5544
21,1,5545
21,1,5546
-5,1,5547
20,3,5550
21,1,5551
21,1,5552
21,1,5553
21,1,5554
21,1,5555
21,1,5556
21,1,5557
21,1,5558
21,1,5559
21,1,5560
21,1,5561
-5,1,5562
-6,3,5565
21,1,5566
21,1,5567
20,1,5568
-5,1,5569
21,1,5570
21,1,5571
21,1,5572
-11,8,5580
21,1,5581
21,1,5582
20,1,5583
21,1,5584
-5,1,5585
21,1,5586
21,1,5587
21,1,5588
21,1,5589
21,1,5590
21,1,5591
21,1,5592
21,1,5593
21,1,5594
20,3,5597
21,1,5598
21,1,5599
21,1,5600
21,1,5601
-5,1,5602
21,1,5603
21,1,5604
21,1,5605
20,1,5606
21,1,5607
21,1,5608
21,1,5609
-5,1,5610
21,1,5611
21,1,5612
21,1,5613
21,1,5614
-5,1,5615
21,1,5616
21,1,5617
21,1,5618
21,1,5619
21,1,5620
21,1,5621
21,1,5622
21,1,5623
-8,5,5628
-13,10,5638
21,1,5639
-8,5,5644
21,1,5645
-5,1,5646
-5,2,5648
21,1,5649
21,1,5650
21,1,5651
21,1,5652
21,1,5653
-7,5,5658
20,1,5659
21,1,5660
-5,1,5661
21,1,5662
21,1,5663
21,1,5664
21,1,5665
-6,3,5668
21,1,5669
-5,1,5670
17,8,5678
21,1,5679
21,1,5680
21,1,5681
21,1,5682
21,1,5683
21,1,5684
-5,1,5685
21,2,5687
21,1,5688
21,1,5689
20,1,5690
21,1,5691
21,1,5692
21,1,5693
21,1,5694
21,1,5695
21,1,5696
21,1,5697
21,1,5698
-5,1,5699
21,1,5700
21,1,5701
21,1,5702
21,1,5703
21,1,5704
21,1,5705
21,1,5706
-5,1,5707
-5,1,5708
-5,1,5709
21,1,5710
-14,11,5721
21,1,5722
21,1,5723
21,1,5724
21,1,5725
21,1,5726
21,1,5727
21,1,5728
21,1,5729
21,1,5730
-5,1,5731
21,1,5732
21,1,5733
21,1,5734
21,1,5735
20,1,5736
21,1,5737
21,1,5738
-5,1,5739
21,1,5740
21,1,5741
21,1,5742
21,1,5743
21,1,5744
21,1,5745
21,1,5746
21,1,5747
21,1,5748
21,1,5749
-5,1,5750
21,1,5751
20,1,5752
-5,1,5753
-5,1,5754
21,1,5755
20,1,5756
21,1,5757
21,1,5758
-5,1,5759
21,1,5760
21,1,5761
21,1,5762
20,1,5763
21,1,5764
21,1,5765
-12,12,5777
21,1,5778
21,1,5779
21,1,5780
21,1,5781
21,1,5782
21,1,5783
21,1,5784
21,1,5785
21,1,5786
21,1,5787
21,1,5788
21,1,5789
21,1,5790
21,1,5791
-19,17,5808
21,1,5809
-5,1,5810
21,1,5811
21,1,5812
21,1,5813
21,1,5814
21,1,5815
21,1,5816
-10,7,5823
21,1,5824
21,1,5825
21,1,5826
21,1,5827
21,1,5828
21,1,5829
-9,6,5835
21,1,5836
21,1,5837
-5,1,5838
21,1,5839
-5,1,5840
21,1,5841
21,1,5842
-6,3,5845
21,1,5846
-5,1,5847
21,1,5848
19,3,5851
21,1,5852
-5,3,5855
21,1,5856
21,1,5857
20,3,5860
21,1,5861
20,1,5862
-5,1,5863
21,1,5864
21,1,5865
21,1,5866
21,1,5867
-10,8,5875
-5,1,5876
20,1,5877
21,1,5878
-5,1,5879
21,1,5880
21,1,5881
21,1,5882
21,1,5883
21,1,5884
21,1,5885
21,1,5886
-5,1,5887
-5,1,5888
-7,4,5892
21,1,5893
-5,1,5894
-5,1,5895
21,1,5896
21,1,5897
20,1,5898
21,1,5899
-6,3,5902
21,1,5903
21,1,5904
21,1,5905
21,1,5906
21,1,5907
21,1,5908
21,1,5909
21,1,5910
21,1,5911
-5,1,5912
21,1,5913
21,1,5914
21,1,5915
18,5,5920
21,1,5921
21,1,5922
21,1,5923
-5,1,5924
-8,6,5930
21,1,5931
-5,1,5932
21,1,5933
21,1,5934
20,1,5935
21,1,5936
20,3,5939
20,3,5942
-5,1,5943
21,1,5944
21,1,5945
-5,1,5946
21,1,5947
21,1,5948
21,1,5949
21,1,5950
21,1,5951
20,1,5952
21,1,5953
21,1,5954
21,1,5955
-5,1,5956
21,1,5957
21,1,5958
21,1,5959
21,1,5960
21,1,5961
21,1,5962
-5,1,5963
21,1,5964
21,1,5965
21,1,5966
-5,1,5967
21,1,5968
21,1,5969
21,1,5970
21,1,5971
21,1,5972
21,1,5973
21,1,5974
21,1,5975
21,1,5976
21,1,5977
-5,1,5978
-5,1,5979
21,1,5980
21,1,5981
21,1,5982
21,1,5983
21,1,5984
-5,1,5985
21,1,5986
21,1,5987
21,1,5988
-6,4,5992
21,1,5993
21,1,5994
21,1,5995
21,1,5996
21,1,5997
21,1,5998
21,1,5999
21,1,6000
20,1,6001
21,1,6002
21,1,6003
21,1,6004
21,1,6005
21,1,6006
21,1,6007
21,1,6008
21,1,6009
21,1,6010
21,1,6011
21,1,6012
21,1,6013
-5,1,6014
21,1,6015
21,1,6016
21,1,6017
21,1,6018
21,1,6019
21,1,6020
-5,1,6021
21,2,6023
21,1,6024
20,4,6028
21,1,6029
21,1,6030
21,2,6032
8,18,6050
21,1,6051
-5,1,6052
21,1,6053
21,1,6054
21,1,6055
20,3,6058
21,1,6059
21,1,6060
21,1,6061
-5,1,6062
-12,12,6074
21,1,6075
21,1,6076
21,1,6077
21,1,6078
21,1,6079
21,1,6080
21,1,6081
21,1,6082
21,1,6083
21,1,6084
21,1,6085
21,1,6086
21,1,6087
-5,1,6088
20,1,6089
21,1,6090
21,1,6091
-5,1,6092
-5,1,6093
21,1,6094
21,1,6095
-5,1,6096
21,1,6097
21,1,6098
21,1,6099
21,1,6100
21,1,6101
21,1,6102
21,1,6103
21,1,6104
21,1,6105
21,1,6106
-5,1,6107
21,1,6108
21,1,6109
21,1,6110
-5,1,6111
21,1,6112
21,1,6113
21,1,6114
21,1,6115
21,1,6116
21,1,6117
21,1,6118
21,1,6119
21,1,6120
20,1,6121
21,1,6122
21,1,6123
21,1,6124
21,1,6125
-6,4,6129
21,1,6130
21,1,6131
-5,1,6132
20,1,6133
21,1,6134
21,1,6135
21,1,6136
21,1,6137
20,1,6138
20,1,6139
-5,1,6140
-5,1,6141
21,1,6142
21,1,6143
20,1,6144
21,1,6145
21,1,6146
-5,1,6147
21,1,6148
-7,5,6153
21,1,6154
21,1,6155
21,1,6156
21,1,6157
21,1,6158
21,1,6159
21,1,6160
-5,1,6161
-5,1,6162
21,1,6163
21,1,6164
-5,1,6165
21,1,6166
21,1,6167
-5,2,6169
21,1,6170
21,1,6171
21,1,6172
21,1,6173
20,1,6174
-5,1,6175
21,1,6176
20,1,6177
21,1,6178
21,1,6179
21,1,6180
21,1,6181
-5,1,6182
21,1,6183
21,1,6184
-5,1,6185
21,1,6186
21,1,6187
21,1,6188
-11,8,6196
20,3,6199
21,1,6200
-5,2,6202
21,1,6203
21,1,6204
21,1,6205
-12,10,6215
21,1,6216
-5,2,6218
21,1,6219
21,1,6220
21,1,6221
21,1,6222
20,1,6223
-5,1,6224
-5,1,6225
21,1,6226
21,1,6227
21,1,6228
21,1,6229
21,1,6230
21,1,6231
-5,1,6232
21,1,6233
21,1,6234
21,1,6235
21,1,6236
20,2,6238
21,1,6239
21,1,6240
-5,1,6241
21,1,6242
-5,1,6243
21,1,6244
21,1,6245
21,1,6246
-7,5,6251
20,1,6252
21,1,6253
21,1,6254
21,1,6255
21,1,6256
21,1,6257
-5,1,6258
20,1,6259
21,1,6260
-5,1,6261
21,1,6262
21,1,6263
21,1,6264
21,1,6265
21,1,6266
21,1,6267
21,1,6268
21,1,6269
21,1,6270
-5,1,6271
21,1,6272
21,1,6273
21,1,6274
-16,13,6287
21,1,6288
21,1,6289
-5,1,6290
21,1,6291
21,1,6292
21,1,6293
21,1,6294
21,1,6295
21,1,6296
-9,6,6302
21,1,6303
-5,2,6305
20,1,6306
21,1,6307
21,1,6308
21,1,6309
21,1,6310
21,1,6311
21,1,6312
21,1,6313
-5,1,6314
21,1,6315
21,1,6316
19,4,6320
21,1,6321
21,1,6322
21,1,6323
-5,1,6324
21,1,6325
21,1,6326
21,1,6327
-5,1,6328
21,1,6329
-5,1,6330
21,1,6331
21,1,6332
-5,1,6333
21,1,6334
21,1,6335
21,1,6336
21,1,6337
21,1,6338
21,1,6339
-5,1,6340
21,1,6341
-5,1,6342
-5,1,6343
-5,1,6344
21,1,6345
21,1,6346
21,1,6347
21,1,6348
21,3,6351
21,1,6352
21,1,6353
21,1,6354
21,1,6355
21,1,6356
21,1,6357
21,1,6358
21,1,6359
21,1,6360
21,1,6361
21,1,6362
21,1,6363
21,1,6364
21,1,6365
21,1,6366
21,1,6367
21,1,6368
-5,1,6369
21,1,6370
21,1,6371
-6,3,6374
21,1,6375
21,1,6376
21,1,6377
21,1,6378
21,1,6379
21,1,6380
21,1,6381
21,1,6382
21,1,6383
21,1,6384
21,1,6385
21,1,6386
21,1,6387
21,1,6388
21,1,6389
21,1,6390
21,1,6391
21,1,6392
-5,1,6393
-6,3,6396
-5,1,6397
21,1,6398
-5,1,6399
21,1,6400
21,1,6401
21,1,6402
21,1,6403
21,1,6404
21,1,6405
-5,1,6406
21,1,6407
21,1,6408
21,1,6409
21,1,6410
20,1,6411
21,1,6412
20,1,6413
-5,1,6414
-5,1,6415
21,1,6416
21,1,6417
20,1,6418
21,1,6419
21,1,6420
21,1,6421
-5,1,6422
21,1,6423
-5,1,6424
20,1,6425
21,1,6426
21,1,6427
21,1,6428
21,1,6429
21,1,6430
-5,1,6431
21,1,6432
-5,1,6433
21,1,6434
21,1,6435
21,1,6436
21,1,6437
21,1,6438
21,1,6439
21,1,6440
21,1,6441
-5,1,6442
-7,4,6446
-5,1,6447
-5,1,6448
21,1,6449
21,1,6450
21,1,6451
21,1,6452
21,1,6453
21,1,6454
21,1,6455
-5,1,6456
20,3,6459
21,1,6460
21,1,6461
-5,1,6462
21,1,6463
-5,1,6464
21,1,6465
21,1,6466
21,1,6467
21,1,6468
-5,1,6469
20,3,6472
21,1,6473
21,1,6474
21,1,6475
-5,1,6476
21,1,6477
21,1,6478
21,1,6479
-5,1,6480
-5,1,6481
20,1,6482
-5,1,6483
21,1,6484
21,1,6485
21,1,6486
20,1,6487
21,1,6488
21,1,6489
-16,13,6502
21,1,6503
21,1,6504
21,1,6505
21,1,6506
21,1,6507
20,1,6508
-5,1,6509
21,1,6510
21,1,6511
20,1,6512
21,1,6513
21,1,6514
21,1,6515
21,1,6516
21,1,6517
21,1,6518
21,1,6519
-5,1,6520
-5,1,6521
21,1,6522
21,1,6523
21,1,6524
21,1,6525
-5,1,6526
21,1,6527
21,1,6528
-6,3,6531
21,1,6532
21,1,6533
-5,1,6534
21,1,6535
21,2,6537
-6,3,6540
21,1,6541
-5,1,6542
21,1,6543
-5,1,6544
21,1,6545
21,1,6546
21,1,6547
21,1,6548
21,1,6549
21,1,6550
21,1,6551
21,1,6552
21,1,6553
21,1,6554
21,1,6555
-5,1,6556
20,3,6559
21,1,6560
21,1,6561
21,1,6562
21,1,6563
21,1,6564
21,1,6565
21,1,6566
21,1,6567
21,1,6568
21,1,6569
21,1,6570
-5,1,6571
-5,1,6572
-5,1,6573
21,1,6574
21,1,6575
21,1,6576
21,1,6577
21,1,6578
-5,1,6579
21,1,6580
-5,1,6581
21,1,6582
21,1,6583
21,1,6584
21,1,6585
21,1,6586
21,1,6587
21,1,6588
21,1,6589
21,1,6590
-5,1,6591
21,1,6592
21,1,6593
21,1,6594
21,1,6595
21,1,6596
21,1,6597
21,1,6598
21,1,6599
21,1,6600
-5,1,6601
21,1,6602
21,1,6603
-5,1,6604
21,1,6605
21,1,6606
21,1,6607
21,1,6608
21,1,6609
-5,1,6610
21,1,6611
-5,1,6612
21,1,6613
21,1,6614
21,1,6615
-5,1,6616
21,1,6617
-5,1,6618
21,1,6619
21,1,6620
20,3,6623
21,1,6624
20,1,6625
21,1,6626
20,1,6627
21,1,6628
21,1,6629
21,1,6630
21,1,6631
21,1,6632
21,1,6633
-5,1,6634
21,1,6635
21,1,6636
20,1,6637
-5,1,6638
21,1,6639
21,1,6640
21,1,6641
21,1,6642
-5,1,6643
21,1,6644
16,7,6651
20,5,6656
21,1,6657
21,1,6658
21,1,6659
21,1,6660
21,1,6661
21,1,6662
21,1,6663
21,1,6664
21,1,6665
21,1,6666
21,1,6667
21,1,6668
-5,1,6669
-5,1,6670
21,1,6671
21,1,6672
-5,1,6673
-5,1,6674
21,1,6675
21,1,6676
21,1,6677
-13,11,6688
21,1,6689
21,1,6690
21,1,6691
21,1,6692
-5,1,6693
21,1,6694
21,1,6695
21,1,6696
20,3,6699
21,1,6700
21,1,6701
21,1,6702
20,1,6703
21,1,6704
21,1,6705
21,1,6706
21,1,6707
21,1,6708
21,1,6709
-5,1,6710
21,1,6711
20,1,6712
20,1,6713
21,1,6714
21,1,6715
-17,20,6735
21,1,6736
21,1,6737
21,1,6738
21,1,6739
21,1,6740
-5,1,6741
-5,1,6742
21,1,6743
21,1,6744
21,1,6745
21,1,6746
21,1,6747
21,1,6748
21,1,6749
-5,1,6750
21,1,6751
-5,1,6752
21,1,6753
21,1,6754
21,1,6755
21,1,6756
21,1,6757
21,1,6758
-10,7,6765
21,1,6766
-5,1,6767
21,1,6768
20,1,6769
21,1,6770
21,1,6771
21,1,6772
-13,10,6782
21,2,6784
-5,1,6785
-5,1,6786
21,1,6787
20,1,6788
-5,1,6789
-5,1,6790
21,1,6791
21,1,6792
21,1,6793
21,1,6794
21,1,6795
21,1,6796
-5,1,6797
-5,1,6798
21,1,6799
21,1,6800
21,1,6801
21,1,6802
-5,1,6803
21,1,6804
-11,11,6815
21,1,6816
21,1,6817
20,1,6818
21,1,6819
21,1,6820
-5,1,6821
21,1,6822
21,1,6823
21,1,6824
21,1,6825
-5,1,6826
-5,1,6827
-5,1,6828
21,1,6829
21,1,6830
21,1,6831
21,1,6832
21,1,6833
21,1,6834
21,1,6835
-5,1,6836
21,1,6837
21,1,6838
21,1,6839
21,1,6840
21,1,6841
21,1,6842
-5,1,6843
21,1,6844
21,1,6845
21,1,6846
21,1,6847
-5,1,6848
21,1,6849
21,1,6850
21,1,6851
21,1,6852
21,1,6853
21,1,6854
21,1,6855
21,1,6856
-5,1,6857
21,1,6858
21,1,6859
-5,1,6860
21,1,6861
21,1,6862
-5,1,6863
21,1,6864
-5,1,6865
21,1,6866
21,1,6867
21,1,6868
-5,1,6869
21,1,6870
21,1,6871
21,1,6872
21,1,6873
21,1,6874
21,1,6875
21,1,6876
-5,1,6877
21,1,6878
21,1,6879
21,1,6880
21,1,6881
-6,3,6884
21,1,6885
21,1,6886
20,1,6887
21,1,6888
21,1,6889
20,1,6890
21,1,6891
21,1,6892
21,1,6893
-5,1,6894
21,1,6895
21,1,6896
-5,1,6897
21,1,6898
-5,1,6899
21,1,6900
21,1,6901
-5,1,6902
21,1,6903
21,1,6904
21,1,6905
21,1,6906
20,1,6907
-5,1,6908
21,1,6909
21,1,6910
21,1,6911
21,1,6912
21,1,6913
21,1,6914
21,1,6915
21,1,6916
21,1,6917
21,1,6918
-5,1,6919
21,1,6920
21,1,6921
21,1,6922
-5,1,6923
21,1,6924
21,1,6925
-5,1,6926
21,1,6927
-13,11,6938
-8,6,6944
20,5,6949
21,1,6950
21,1,6951
21,1,6952
21,1,6953
-5,1,6954
-5,1,6955
21,1,6956
21,1,6957
21,1,6958
21,1,6959
21,1,6960
21,1,6961
21,1,6962
21,1,6963
21,1,6964
21,1,6965
21,1,6966
-5,1,6967
21,1,6968
20,1,6969
21,1,6970
-5,1,6971
-5,1,6972
20,1,6973
-5,1,6974
21,1,6975
21,1,6976
21,1,6977
21,1,6978
21,1,6979
21,1,6980
21,1,6981
21,1,6982
21,1,6983
21,1,6984
-5,1,6985
21,1,6986
21,1,6987
-5,1,6988
21,1,6989
-5,1,6990
21,1,6991
-5,1,6992
21,1,6993
-5,1,6994
21,1,6995
21,1,6996
20,3,6999
21,1,7000
21,1,7001
21,1,7002
21,1,7003
21,1,7004
21,1,7005
21,1,7006
21,1,7007
-5,1,7008
21,1,7009
21,1,7010
21,1,7011
-5,1,7012
21,1,7013
21,1,7014
21,1,7015
21,1,7016
20,1,7017
21,1,7018
21,1,7019
21,1,7020
21,1,7021
21,1,7022
21,1,7023
21,1,7024
21,1,7025
21,1,7026
21,1,7027
21,1,7028
21,1,7029
21,1,7030
21,1,7031
21,1,7032
21,1,7033
-5,1,7034
21,1,7035
21,1,7036
21,1,7037
-5,1,7038
21,1,7039
21,1,7040
-7,4,7044
21,1,7045
21,1,7046
21,1,7047
21,1,7048
21,1,7049
21,1,7050
21,1,7051
-5,1,7052
21,1,7053
21,1,7054
21,1,7055
21,1,7056
21,1,7057
20,3,7060
21,1,7061
21,1,7062
21,3,7065
-5,1,7066
21,1,7067
21,1,7068
21,1,7069
-5,1,7070
-5,1,7071
21,1,7072
21,1,7073
-5,1,7074
21,1,7075
21,1,7076
21,1,7077
21,1,7078
21,1,7079
21,1,7080
21,1,7081
21,1,7082
-5,1,7083
21,1,7084
21,1,7085
20,1,7086
20,1,7087
21,1,7088
21,1,7089
21,1,7090
21,1,7091
21,1,7092
-5,1,7093
21,1,7094
21,1,7095
-5,1,7096
21,1,7097
21,1,7098
21,1,7099
21,1,7100
21,1,7101
21,1,7102
21,1,7103
21,1,7104
-5,1,7105
21,1,7106
21,1,7107
21,1,7108
21,1,7109
21,1,7110
-5,1,7111
21,1,7112
21,1,7113
21,1,7114
21,1,7115
21,1,7116
21,1,7117
21,1,7118
21,1,7119
21,1,7120
21,1,7121
21,1,7122
21,1,7123
21,1,7124
20,3,7127
21,1,7128
-5,1,7129
21,1,7130
21,1,7131
21,1,7132
-5,1,7133
20,3,7136
21,1,7137
21,1,7138
-5,1,7139
21,1,7140
21,1,7141
21,1,7142
21,1,7143
21,1,7144
21,1,7145
21,1,7146
21,1,7147
-5,1,7148
21,1,7149
21,1,7150
-5,1,7151
21,1,7152
21,1,7153
21,1,7154
21,1,7155
21,1,7156
21,1,7157
21,1,7158
21,1,7159
21,1,7160
21,1,7161
21,1,7162
21,1,7163
21,1,7164
20,1,7165
21,1,7166
21,1,7167
-7,4,7171
21,1,7172
21,1,7173
21,1,7174
21,1,7175
21,1,7176
21,1,7177
-5,1,7178
21,1,7179
21,1,7180
21,1,7181
-5,1,7182
21,1,7183
21,1,7184
21,1,7185
-5,1,7186
21,1,7187
21,1,7188
21,1,7189
20,1,7190
21,1,7191
21,1,7192
21,1,7193
21,1,7194
21,1,7195
21,1,7196
21,1,7197
-5,1,7198
21,1,7199
21,1,7200
-6,4,7204
-5,1,7205
21,1,7206
21,1,7207
20,3,7210
21,1,7211
21,1,7212
21,1,7213
21,1,7214
21,1,7215
-5,1,7216
21,1,7217
-5,1,7218
21,1,7219
20,1,7220
20,1,7221
-5,1,7222
-5,1,7223
21,1,7224
21,1,7225
21,2,7227
-5,1,7228
-6,6,7234
20,1,7235
21,1,7236
-5,2,7238
21,1,7239
-5,1,7240
21,1,7241
21,1,7242
21,1,7243
-5,1,7244
-5,1,7245
-5,1,7246
-5,1,7247
20,1,7248
21,1,7249
21,1,7250
21,1,7251
21,1,7252
21,1,7253
20,1,7254
21,1,7255
-5,1,7256
21,1,7257
21,1,7258
21,1,7259
21,1,7260
20,3,7263
21,1,7264
21,1,7265
21,1,7266
21,1,7267
21,1,7268
-5,1,7269
21,1,7270
-5,1,7271
21,1,7272
21,1,7273
21,1,7274
21,1,7275
21,1,7276
20,1,7277
21,1,7278
21,1,7279
21,1,7280
-5,1,7281
21,1,7282
21,1,7283
-5,1,7284
21,1,7285
21,1,7286
21,1,7287
21,1,7288
20,1,7289
20,1,7290
20,1,7291
-6,3,7294
21,1,7295
-5,1,7296
-5,1,7297
21,1,7298
21,1,7299
-5,1,7300
-5,1,7301
-18,20,7321
-5,1,7322
21,1,7323
21,1,7324
21,1,7325
21,1,7326
21,1,7327
21,1,7328
21,1,7329
-5,1,7330
-5,1,7331
-5,1,7332
20,3,7335
21,1,7336
-5,1,7337
21,1,7338
21,1,7339
21,1,7340
21,1,7341
21,1,7342
-5,1,7343
-5,1,7344
-5,1,7345
21,1,7346
21,1,7347
21,1,7348
21,1,7349
21,1,7350
21,1,7351
21,1,7352
20,1,7353
-5,1,7354
21,1,7355
21,1,7356
21,1,7357
-5,1,7358
21,1,7359
-5,1,7360
21,1,7361
-5,1,7362
21,1,7363
21,1,7364
21,1,7365
-5,1,7366
20,1,7367
-5,1,7368
20,1,7369
-5,1,7370
21,1,7371
21,1,7372
21,1,7373
-5,1,7374
21,1,7375
21,1,7376
-6,3,7379
-5,1,7380
21,1,7381
-5,1,7382
21,1,7383
21,1,7384
21,1,7385
21,1,7386
-5,1,7387
-11,8,7395
21,1,7396
-5,1,7397
21,1,7398
20,3,7401
21,1,7402
20,3,7405
-5,1,7406
21,1,7407
21,1,7408
21,1,7409
20,3,7412
21,1,7413
-5,1,7414
21,1,7415
21,1,7416
19,4,7420
21,1,7421
21,1,7422
21,1,7423
21,1,7424
21,1,7425
-5,1,7426
21,1,7427
21,1,7428
20,3,7431
21,1,7432
21,1,7433
21,1,7434
21,1,7435
-5,1,7436
-17,14,7450
21,1,7451
21,1,7452
-5,1,7453
21,1,7454
21,1,7455
21,1,7456
-5,1,7457
21,1,7458
21,1,7459
21,1,7460
21,1,7461
21,1,7462
21,1,7463
21,1,7464
21,1,7465
-6,3,7468
21,1,7469
21,1,7470
21,1,7471
-5,1,7472
21,1,7473
-7,4,7477
21,1,7478
21,1,7479
21,1,7480
21,1,7481
-5,1,7482
-5,2,7484
20,1,7485
21,1,7486
-5,1,7487
-5,1,7488
21,1,7489
21,1,7490
21,1,7491
21,1,7492
21,1,7493
-5,1,7494
-5,1,7495
21,1,7496
20,1,7497
21,1,7498
21,1,7499
21,1,7500
-5,1,7501
21,1,7502
21,1,7503
20,1,7504
21,1,7505
21,1,7506
21,1,7507
21,1,7508
21,1,7509
21,1,7510
21,1,7511
21,1,7512
21,1,7513
21,1,7514
-5,1,7515
21,1,7516
21,1,7517
-5,1,7518
21,1,7519
21,1,7520
-5,1,7521
-6,3,7524
21,1,7525
21,1,7526
21,1,7527
21,1,7528
-5,1,7529
21,1,7530
21,1,7531
21,1,7532
-5,1,7533
-5,1,7534
20,1,7535
21,1,7536
21,1,7537
21,1,7538
21,1,7539
21,1,7540
21,1,7541
21,1,7542
21,1,7543
21,1,7544
21,1,7545
21,1,7546
21,1,7547
21,1,7548
21,1,7549
21,1,7550
-5,1,7551
21,1,7552
20,1,7553
21,1,7554
21,1,7555
19,5,7560
21,1,7561
21,1,7562
21,1,7563
-18,17,7580
21,1,7581
21,1,7582
21,1,7583
21,1,7584
20,1,7585
21,1,7586
21,1,7587
21,1,7588
21,1,7589
-5,1,7590
-5,1,7591
21,1,7592
21,1,7593
21,1,7594
21,1,7595
21,1,7596
21,1,7597
21,1,7598
21,1,7599
21,1,7600
21,1,7601
21,1,7602
21,1,7603
21,1,7604
21,1,7605
21,1,7606
21,1,7607
21,1,7608
21,1,7609
21,1,7610
21,1,7611
21,1,7612
20,1,7613
21,1,7614
21,1,7615
-5,1,7616
21,1,7617
21,1,7618
21,1,7619
21,1,7620
-5,2,7622
21,1,7623
21,1,7624
21,1,7625
21,1,7626
21,1,7627
21,1,7628
21,1,7629
-10,7,7636
-5,1,7637
20,1,7638
21,1,7639
-5,1,7640
-5,1,7641
-5,1,7642
-5,1,7643
21,1,7644
-5,1,7645
21,1,7646
21,1,7647
-5,1,7648
21,1,7649
21,1,7650
21,1,7651
21,1,7652
21,1,7653
21,1,7654
21,1,7655
-5,1,7656
21,1,7657
21,1,7658
21,1,7659
21,1,7660
21,1,7661
21,1,7662
21,1,7663
21,1,7664
21,1,7665
21,1,7666
21,1,7667
21,1,7668
21,1,7669
21,1,7670
20,1,7671
21,1,7672
21,1,7673
21,1,7674
21,1,7675
21,1,7676
21,1,7677
21,1,7678
21,1,7679
21,1,7680
-5,1,7681
-5,2,7683
21,1,7684
21,1,7685
-5,1,7686
-5,1,7687
21,1,7688
-5,1,7689
21,1,7690
-5,1,7691
21,1,7692
21,1,7693
-5,1,7694
-5,1,7695
21,1,7696
21,1,7697
-5,1,7698
21,1,7699
21,1,7700
-5,1,7701
21,1,7702
20,1,7703
21,1,7704
-5,1,7705
21,1,7706
-5,1,7707
21,1,7708
21,1,7709
21,1,7710
21,3,7713
21,1,7714
21,1,7715
21,1,7716
-5,1,7717
21,1,7718
21,1,7719
-5,1,7720
21,1,7721
21,1,7722
21,1,7723
21,1,7724
20,1,7725
-5,1,7726
21,1,7727
21,1,7728
21,1,7729
21,1,7730
21,1,7731
21,1,7732
21,1,7733
21,1,7734
-5,1,7735
21,1,7736
21,1,7737
-14,11,7748
21,1,7749
-13,11,7760
21,1,7761
-5,1,7762
21,1,7763
21,1,7764
21,1,7765
-8,5,7770
20,1,7771
21,1,7772
-5,1,7773
21,1,7774
21,1,7775
21,1,7776
21,1,7777
-5,1,7778
21,1,7779
20,1,7780
21,1,7781
21,1,7782
20,1,7783
21,1,7784
-5,2,7786
21,1,7787
19,3,7790
21,1,7791
21,1,7792
-5,1,7793
21,1,7794
21,1,7795
21,1,7796
21,1,7797
21,1,7798
21,1,7799
-5,1,7800
21,1,7801
21,1,7802
21,1,7803
21,1,7804
21,1,7805
21,1,7806
21,1,7807
21,1,7808
21,1,7809
21,1,7810
21,1,7811
21,1,7812
21,1,7813
21,1,7814
-5,1,7815
21,1,7816
21,1,7817
20,3,7820
21,1,7821
21,1,7822
21,1,7823
21,1,7824
21,1,7825
21,1,7826
21,1,7827
21,1,7828
21,1,7829
21,1,7830
21,1,7831
21,1,7832
21,1,7833
-5,1,7834
-5,1,7835
-5,1,7836
-5,1,7837
21,1,7838
21,1,7839
21,1,7840
21,1,7841
-5,1,7842
-6,3,7845
21,1,7846
21,1,7847
-5,1,7848
-5,1,7849
21,1,7850
20,1,7851
21,1,7852
21,1,7853
21,1,7854
21,1,7855
20,1,7856
-5,1,7857
21,1,7858
21,1,7859
21,1,7860
-5,1,7861
21,1,7862
-5,2,7864
21,1,7865
21,1,7866
21,1,7867
21,1,7868
21,1,7869
21,1,7870
20,1,7871
21,1,7872
-5,1,7873
21,1,7874
21,1,7875
-5,1,7876
21,1,7877
21,1,7878
21,1,7879
21,1,7880
20,1,7881
21,1,7882
21,1,7883
-5,1,7884
21,1,7885
-5,1,7886
21,1,7887
-5,1,7888
21,1,7889
-5,1,7890
-5,2,7892
21,1,7893
-5,1,7894
21,1,7895
21,1,7896
21,1,7897
18,6,7903
21,1,7904
21,1,7905
21,1,7906
20,5,7911
21,1,7912
21,1,7913
21,1,7914
21,1,7915
-5,1,7916
21,1,7917
-10,7,7924
-5,1,7925
21,1,7926
-5,1,7927
-5,1,7928
21,1,7929
21,1,7930
21,1,7931
20,1,7932
21,1,7933
-5,1,7934
21,1,7935
21,1,7936
-5,1,7937
21,1,7938
-5,1,7939
-5,1,7940
21,1,7941
21,1,7942
21,1,7943
21,1,7944
21,1,7945
21,1,7946
21,1,7947
21,1,7948
20,3,7951
21,1,7952
21,1,7953
-5,1,7954
21,1,7955
21,1,7956
21,1,7957
21,1,7958
21,1,7959
-14,11,7970
21,1,7971
21,1,7972
21,1,7973
21,1,7974
21,1,7975
21,1,7976
-5,1,7977
21,1,7978
-12,9,7987
21,1,7988
21,1,7989
-5,1,7990
-5,1,7991
21,1,7992
21,1,7993
21,1,7994
-5,1,7995
21,1,7996
-5,1,7997
21,1,7998
21,1,7999
21,1,8000
21,1,8001
21,1,8002
21,1,8003
20,1,8004
20,1,8005
21,1,8006
21,1,8007
21,1,8008
21,1,8009
21,1,8010
21,1,8011
21,1,8012
21,1,8013
-6,3,8016
21,1,8017
21,1,8018
21,1,8019
-5,1,8020
21,1,8021
-5,1,8022
-5,1,8023
21,1,8024
-5,1,8025
21,1,8026
21,1,8027
21,1,8028
-9,6,8034
-5,1,8035
21,1,8036
21,1,8037
21,1,8038
21,1,8039
21,1,8040
21,1,8041
21,1,8042
21,1,8043
21,1,8044
21,1,8045
21,1,8046
21,1,8047
21,1,8048
21,1,8049
21,1,8050
21,1,8051
21,1,8052
21,1,8053
20,1,8054
21,1,8055
21,1,8056
21,1,8057
21,1,8058
21,1,8059
-5,1,8060
21,1,8061
21,1,8062
21,1,8063
21,1,8064
21,1,8065
21,1,8066
21,1,8067
21,1,8068
-5,1,8069
-5,1,8070
-9,6,8076
21,1,8077
21,1,8078
21,1,8079
21,1,8080
21,1,8081
21,1,8082
20,1,8083
-5,1,8084
21,1,8085
21,1,8086
-5,1,8087
21,1,8088
-5,1,8089
20,1,8090
21,1,8091
-5,1,8092
21,1,8093
-10,7,8100
20,1,8101
-6,3,8104
21,1,8105
21,1,8106
21,1,8107
21,1,8108
21,1,8109
21,1,8110
21,1,8111
21,1,8112
21,1,8113
21,1,8114
21,1,8115
-5,1,8116
-5,1,8117
21,1,8118
20,1,8119
-5,1,8120
21,1,8121
21,1,8122
-5,1,8123
21,1,8124
-6,3,8127
-9,6,8133
21,1,8134
-5,1,8135
21,1,8136
-5,1,8137
21,1,8138
21,1,8139
19,4,8143
21,1,8144
21,1,8145
21,1,8146
21,1,8147
21,1,8148
21,1,8149
21,1,8150
21,1,8151
21,1,8152
-5,2,8154
21,1,8155
21,1,8156
21,1,8157
21,1,8158
21,1,8159
21,1,8160
21,1,8161
21,1,8162
21,1,8163
21,1,8164
-5,1,8165
-10,9,8174
21,1,8175
-5,1,8176
-7,4,8180
-5,1,8181
-5,1,8182
-14,11,8193
21,1,8194
-5,1,8195
21,1,8196
21,1,8197
21,1,8198
20,3,8201
21,1,8202
21,1,8203
21,1,8204
19,5,8209
21,1,8210
21,1,8211
21,1,8212
21,1,8213
21,1,8214
21,1,8215
21,1,8216
-5,1,8217
21,1,8218
21,1,8219
21,1,8220
21,1,8221
21,1,8222
21,1,8223
21,1,8224
-5,1,8225
21,1,8226
21,1,8227
21,1,8228
21,1,8229
-5,1,8230
-6,3,8233
-5,1,8234
21,1,8235
21,1,8236
21,1,8237
21,1,8238
21,1,8239
-5,1,8240
21,1,8241
21,1,8242
20,1,8243
20,1,8244
21,1,8245
21,1,8246
21,1,8247
21,1,8248
21,1,8249
13,11,8260
21,1,8261
21,1,8262
-5,1,8263
21,1,8264
20,1,8265
-14,11,8276
-5,1,8277
21,1,8278
21,1,8279
-5,1,8280
21,1,8281
21,1,8282
21,1,8283
21,1,8284
21,1,8285
21,1,8286
21,1,8287
21,1,8288
21,1,8289
-5,1,8290
21,1,8291
21,1,8292
21,1,8293
-5,1,8294
21,1,8295
-5,1,8296
21,1,8297
21,1,8298
-8,6,8304
21,1,8305
20,1,8306
21,1,8307
-5,1,8308
21,1,8309
21,1,8310
21,1,8311
-5,1,8312
21,1,8313
21,1,8314
21,1,8315
21,1,8316
21,1,8317
20,1,8318
21,1,8319
21,1,8320
21,1,8321
21,1,8322
21,1,8323
21,1,8324
-5,1,8325
21,1,8326
21,1,8327
21,1,8328
-8,6,8334
21,1,8335
21,1,8336
20,1,8337
21,1,8338
21,1,8339
-5,1,8340
21,1,8341
21,1,8342
21,1,8343
21,1,8344
21,1,8345
21,1,8346
21,1,8347
21,1,8348
-5,2,8350
-5,1,8351
21,1,8352
-5,1,8353
21,1,8354
21,1,8355
-5,1,8356
-5,1,8357
21,1,8358
-5,1,8359
21,1,8360
21,1,8361
21,1,8362
21,1,8363
-5,1,8364
21,1,8365
21,1,8366
16,6,8372
-12,9,8381
21,1,8382
21,1,8383
21,1,8384
-5,1,8385
21,1,8386
-5,1,8387
21,1,8388
-5,1,8389
21,1,8390
21,1,8391
-6,3,8394
-5,1,8395
21,1,8396
-5,1,8397
21,1,8398
-5,1,8399
20,1,8400
-5,1,8401
21,1,8402
21,1,8403
21,1,8404
21,1,8405
21,1,8406
21,1,8407
-16,13,8420
19,4,8424
-5,1,8425
-5,1,8426
21,1,8427
21,1,8428
21,1,8429
21,1,8430
19,4,8434
21,1,8435
21,1,8436
21,1,8437
21,1,8438
20,1,8439
-5,1,8440
21,1,8441
-5,1,8442
-5,3,8445
21,1,8446
21,1,8447
21,1,8448
21,1,8449
21,1,8450
21,1,8451
21,1,8452
-5,1,8453
21,1,8454
21,1,8455
-5,1,8456
21,1,8457
-5,1,8458
21,1,8459
21,1,8460
-5,1,8461
20,1,8462
-7,5,8467
21,1,8468
21,1,8469
21,1,8470
-5,1,8471
21,1,8472
21,1,8473
21,1,8474
20,3,8477
21,1,8478
-5,1,8479
-13,10,8489
21,1,8490
21,1,8491
18,5,8496
21,1,8497
21,1,8498
21,1,8499
21,1,8500
-5,1,8501
21,1,8502
20,1,8503
21,1,8504
-5,1,8505
-7,4,8509
21,1,8510
20,1,8511
21,1,8512
-6,3,8515
21,1,8516
21,1,8517
21,1,8518
21,1,8519
21,1,8520
21,1,8521
21,1,8522
21,1,8523
-5,1,8524
21,1,8525
21,1,8526
21,1,8527
-5,1,8528
21,1,8529
21,1,8530
21,1,8531
20,1,8532
-5,1,8533
20,3,8536
21,1,8537
21,1,8538
21,1,8539
-5,1,8540
20,3,8543
-5,1,8544
21,1,8545
-5,1,8546
-6,3,8549
21,1,8550
-5,1,8551
-5,1,8552
21,1,8553
21,1,8554
16,7,8561
21,1,8562
20,3,8565
21,1,8566
21,1,8567
21,1,8568
21,1,8569
21,1,8570
20,1,8571
21,1,8572
21,1,8573
21,1,8574
21,1,8575
20,3,8578
21,1,8579
21,1,8580
21,1,8581
20,3,8584
21,1,8585
21,1,8586
21,1,8587
-5,1,8588
-5,1,8589
21,1,8590
19,5,8595
20,3,8598
21,1,8599
-5,2,8601
-5,1,8602
21,1,8603
21,1,8604
21,1,8605
21,1,8606
21,1,8607
21,1,8608
21,1,8609
21,1,8610
21,1,8611
21,1,8612
18,5,8617
21,1,8618
21,1,8619
-10,7,8626
21,1,8627
21,1,8628
21,1,8629
18,5,8634
20,1,8635
21,1,8636
21,1,8637
-5,1,8638
21,1,8639
21,1,8640
21,1,8641
-5,1,8642
21,1,8643
21,1,8644
21,1,8645
21,1,8646
21,1,8647
14,11,8658
21,1,8659
21,1,8660
-9,6,8666
21,1,8667
21,1,8668
21,1,8669
-5,1,8670
21,1,8671
21,1,8672
21,1,8673
-8,5,8678
21,1,8679
21,1,8680
21,1,8681
21,1,8682
21,1,8683
21,1,8684
21,1,8685
21,1,8686
21,1,8687
21,1,8688
21,1,8689
20,3,8692
21,1,8693
-5,1,8694
17,6,8700
21,1,8701
-5,2,8703
-5,1,8704
21,1,8705
21,1,8706
21,1,8707
21,1,8708
21,1,8709
21,1,8710
21,1,8711
21,1,8712
21,1,8713
-5,1,8714
20,3,8717
20,1,8718
21,1,8719
-5,1,8720
21,1,8721
21,1,8722
21,1,8723
21,1,8724
20,1,8725
21,1,8726
21,1,8727
21,1,8728
21,1,8729
21,1,8730
21,1,8731
21,1,8732
21,1,8733
-5,1,8734
21,1,8735
-5,1,8736
21,1,8737
21,1,8738
21,1,8739
21,1,8740
21,1,8741
21,1,8742
21,1,8743
20,3,8746
20,1,8747
21,1,8748
21,1,8749
21,1,8750
19,3,8753
20,1,8754
21,1,8755
21,1,8756
21,1,8757
21,1,8758
-5,1,8759
21,1,8760
-14,11,8771
21,1,8772
21,1,8773
-5,1,8774
21,1,8775
21,1,8776
21,1,8777
21,1,8778
21,1,8779
21,1,8780
21,1,8781
21,1,8782
-5,1,8783
21,1,8784
-5,1,8785
21,1,8786
21,1,8787
21,1,8788
21,1,8789
21,1,8790
21,1,8791
21,1,8792
20,3,8795
21,1,8796
-6,3,8799
21,1,8800
21,1,8801
-5,2,8803
21,1,8804
21,1,8805
21,1,8806
21,1,8807
21,1,8808
21,1,8809
21,1,8810
21,1,8811
21,1,8812
-5,1,8813
21,1,8814
-5,1,8815
21,1,8816
21,1,8817
21,1,8818
21,1,8819
-5,1,8820
-5,1,8821
21,1,8822
21,1,8823
-6,4,8827
21,1,8828
21,1,8829
21,1,8830
21,1,8831
21,1,8832
21,1,8833
21,1,8834
21,1,8835
21,1,8836
21,1,8837
-5,1,8838
-5,1,8839
21,1,8840
21,1,8841
21,1,8842
-5,1,8843
21,1,8844
21,1,8845
21,1,8846
21,1,8847
21,1,8848
21,1,8849
-6,2,8851
21,1,8852
21,1,8853
-5,1,8854
21,1,8855
21,1,8856
-5,1,8857
21,1,8858
21,1,8859
21,1,8860
21,1,8861
21,1,8862
21,1,8863
21,1,8864
21,1,8865
21,1,8866
21,1,8867
21,1,8868
21,1,8869
-5,1,8870
21,1,8871
21,1,8872
21,1,8873
-5,1,8874
21,1,8875
20,3,8878
21,1,8879
21,1,8880
-5,1,8881
-5,1,8882
21,1,8883
21,1,8884
21,1,8885
21,1,8886
-5,1,8887
21,1,8888
-5,1,8889
21,1,8890
-5,1,8891
-10,7,8898
21,1,8899
21,1,8900
21,1,8901
21,1,8902
21,1,8903
-5,1,8904
20,1,8905
21,1,8906
-5,1,8907
21,1,8908
21,1,8909
21,1,8910
21,1,8911
21,1,8912
21,1,8913
21,1,8914
21,1,8915
20,1,8916
21,1,8917
-12,9,8926
21,1,8927
-5,1,8928
21,1,8929
21,1,8930
21,1,8931
21,1,8932
21,1,8933
21,1,8934
21,1,8935
21,1,8936
21,1,8937
21,1,8938
21,1,8939
21,1,8940
21,1,8941
21,1,8942
-5,2,8944
21,1,8945
20,1,8946
-5,1,8947
21,1,8948
21,1,8949
21,1,8950
21,1,8951
21,1,8952
20,1,8953
-5,1,8954
21,1,8955
21,1,8956
21,1,8957
21,1,8958
21,1,8959
21,1,8960
21,1,8961
21,1,8962
21,1,8963
21,1,8964
20,3,8967
21,1,8968
20,1,8969
21,1,8970
21,1,8971
20,1,8972
21,1,8973
21,1,8974
-6,3,8977
-5,1,8978
-5,1,8979
21,1,8980
20,3,8983
21,1,8984
21,1,8985
21,1,8986
21,1,8987
21,1,8988
21,1,8989
21,1,8990
21,1,8991
21,1,8992
21,1,8993
21,1,8994
21,1,8995
-5,1,8996
-9,6,9002
21,1,9003
21,1,9004
21,1,9005
-19,20,9025
-5,1,9026
21,1,9027
-5,1,9028
-7,4,9032
21,1,9033
-5,1,9034
21,1,9035
21,1,9036
21,1,9037
21,1,9038
21,1,9039
20,1,9040
21,1,9041
21,1,9042
-5,2,9044
21,1,9045
21,1,9046
21,1,9047
21,1,9048
21,1,9049
21,1,9050
21,1,9051
21,1,9052
21,1,9053
20,1,9054
21,1,9055
20,1,9056
-11,8,9064
21,1,9065
21,1,9066
21,1,9067
-5,1,9068
21,1,9069
-5,1,9070
21,1,9071
-5,1,9072
21,1,9073
21,1,9074
21,1,9075
21,1,9076
20,1,9077
21,1,9078
21,1,9079
21,1,9080
21,1,9081
20,1,9082
21,1,9083
21,1,9084
21,1,9085
21,1,9086
21,1,9087
21,1,9088
21,1,9089
-5,1,9090
-5,1,9091
-5,1,9092
21,1,9093
-5,1,9094
21,1,9095
-5,1,9096
21,1,9097
21,1,9098
-5,2,9100
-5,1,9101
21,1,9102
-5,1,9103
21,1,9104
21,2,9106
-5,1,9107
-13,11,9118
-5,1,9119
13,11,9130
21,1,9131
-5,1,9132
21,1,9133
21,1,9134
21,1,9135
21,1,9136
21,1,9137
21,1,9138
21,1,9139
21,1,9140
21,1,9141
21,1,9142
21,1,9143
21,1,9144
21,1,9145
20,1,9146
21,1,9147
21,1,9148
21,1,9149
-5,1,9150
-5,1,9151
21,1,9152
-5,1,9153
-5,1,9154
21,1,9155
21,1,9156
21,1,9157
20,3,9160
20,1,9161
21,1,9162
-5,1,9163
20,1,9164
21,1,9165
21,1,9166
21,1,9167
21,1,9168
21,1,9169
21,1,9170
-17,16,9186
21,1,9187
21,1,9188
21,1,9189
21,1,9190
-5,1,9191
21,1,9192
21,2,9194
21,1,9195
21,1,9196
21,1,9197
-5,1,9198
21,1,9199
21,1,9200
21,1,9201
21,1,9202
-5,1,9203
21,1,9204
20,1,9205
20,1,9206
21,1,9207
21,1,9208
21,1,9209
-5,1,9210
-7,4,9214
21,1,9215
20,2,9217
21,1,9218
21,1,9219
21,1,9220
21,1,9221
-8,6,9227
-6,3,9230
21,1,9231
-5,1,9232
21,1,9233
21,1,9234
21,1,9235
20,5,9240
21,1,9241
21,1,9242
21,1,9243
20,1,9244
-6,3,9247
21,1,9248
21,1,9249
21,1,9250
21,1,9251
21,1,9252
21,1,9253
21,1,9254
21,1,9255
21,1,9256
20,1,9257
21,1,9258
21,1,9259
21,1,9260
21,1,9261
21,1,9262
-5,1,9263
21,1,9264
21,1,9265
21,1,9266
21,1,9267
21,1,9268
21,1,9269
21,1,9270
21,1,9271
21,1,9272
-5,1,9273
21,1,9274
-5,1,9275
-5,1,9276
-5,1,9277
21,1,9278
-5,1,9279
-5,1,9280
21,1,9281
21,1,9282
-5,1,9283
20,3,9286
21,1,9287
21,1,9288
21,1,9289
21,1,9290
21,1,9291
-5,1,9292
21,1,9293
21,1,9294
-5,1,9295
20,1,9296
21,1,9297
-5,1,9298
21,1,9299
21,1,9300
20,1,9301
21,1,9302
21,1,9303
21,1,9304
-5,1,9305
21,1,9306
21,1,9307
21,1,9308
21,1,9309
-5,1,9310
21,1,9311
21,1,9312
21,1,9313
21,1,9314
21,1,9315
20,1,9316
21,1,9317
-5,1,9318
21,1,9319
21,1,9320
20,1,9321
21,1,9322
21,1,9323
21,1,9324
21,1,9325
21,1,9326
-5,1,9327
20,1,9328
21,1,9329
21,1,9330
21,1,9331
-5,1,9332
-5,1,9333
-5,2,9335
-5,2,9337
21,1,9338
-5,1,9339
21,1,9340
-6,5,9345
-7,4,9349
21,1,9350
21,1,9351
21,1,9352
-5,1,9353
21,1,9354
21,1,9355
-14,12,9367
-5,1,9368
-6,3,9371
21,1,9372
-5,1,9373
-5,1,9374
-5,1,9375
-5,1,9376
21,1,9377
21,1,9378
21,1,9379
-5,1,9380
21,1,9381
21,1,9382
21,1,9383
21,1,9384
21,1,9385
21,1,9386
21,1,9387
-5,1,9388
21,1,9389
-5,1,9390
-5,1,9391
21,1,9392
21,1,9393
-5,1,9394
21,1,9395
-5,1,9396
21,1,9397
20,1,9398
21,1,9399
21,1,9400
21,1,9401
21,1,9402
21,1,9403
-5,1,9404
21,1,9405
21,1,9406
21,1,9407
21,1,9408
21,1,9409
21,1,9410
-7,4,9414
21,1,9415
21,1,9416
21,1,9417
21,1,9418
21,1,9419
21,1,9420
21,1,9421
21,1,9422
21,1,9423
20,1,9424
-5,1,9425
21,1,9426
21,1,9427
-7,4,9431
21,1,9432
-7,4,9436
21,1,9437
21,1,9438
21,1,9439
20,1,9440
21,1,9441
21,1,9442
21,1,9443
20,1,9444
21,1,9445
21,1,9446
21,1,9447
21,1,9448
21,1,9449
21,1,9450
21,1,9451
21,1,9452
21,1,9453
-5,1,9454
21,1,9455
21,1,9456
-5,1,9457
-5,1,9458
21,1,9459
20,1,9460
21,1,9461
21,1,9462
21,1,9463
21,1,9464
21,1,9465
-8,5,9470
21,1,9471
-5,1,9472
21,1,9473
21,1,9474
21,1,9475
21,1,9476
21,1,9477
21,1,9478
21,1,9479
-8,5,9484
21,1,9485
21,1,9486
-5,1,9487
21,1,9488
-5,1,9489
-5,1,9490
-5,1,9491
21,1,9492
21,1,9493
21,1,9494
-5,1,9495
-5,1,9496
21,1,9497
21,1,9498
21,1,9499
21,1,9500
-7,4,9504
21,1,9505
21,1,9506
21,1,9507
-5,1,9508
21,1,9509
21,1,9510
21,1,9511
-5,2,9513
21,1,9514
-5,1,9515
21,1,9516
21,1,9517
21,1,9518
21,1,9519
21,1,9520
-5,1,9521
21,1,9522
21,1,9523
21,1,9524
21,1,9525
21,1,9526
21,1,9527
21,1,9528
21,1,9529
21,1,9530
-5,1,9531
21,1,9532
21,1,9533
21,1,9534
21,1,9535
21,1,9536
20,1,9537
21,1,9538
11,12,9550
21,1,9551
21,1,9552
21,1,9553
20,1,9554
21,1,9555
-5,1,9556
21,1,9557
21,1,9558
21,1,9559
21,1,9560
-8,5,9565
21,1,9566
-5,1,9567
21,1,9568
21,1,9569
21,1,9570
21,1,9571
21,1,9572
21,1,9573
21,1,9574
21,1,9575
20,1,9576
20,1,9577
21,1,9578
-5,1,9579
21,1,9580
21,1,9581
21,1,9582
21,1,9583
21,3,9586
21,1,9587
21,1,9588
-5,1,9589
21,1,9590
20,1,9591
21,1,9592
21,1,9593
21,1,9594
21,1,9595
21,1,9596
-5,1,9597
21,1,9598
21,1,9599
21,1,9600
20,3,9603
-5,1,9604
-5,1,9605
-5,1,9606
21,1,9607
21,1,9608
21,1,9609
-6,3,9612
21,1,9613
21,1,9614
21,1,9615
-5,1,9616
21,1,9617
21,1,9618
21,1,9619
21,1,9620
-5,1,9621
21,1,9622
-5,2,9624
21,1,9625
21,1,9626
20,3,9629
-5,1,9630
21,1,9631
-5,2,9633
21,1,9634
-5,1,9635
21,1,9636
21,1,9637
21,1,9638
21,1,9639
21,1,9640
-5,1,9641
-5,1,9642
21,1,9643
20,1,9644
-5,4,9648
21,1,9649
20,1,9650
21,1,9651
21,1,9652
21,1,9653
21,1,9654
21,1,9655
21,1,9656
21,1,9657
21,1,9658
21,1,9659
-5,1,9660
21,1,9661
20,3,9664
21,1,9665
21,1,9666
21,1,9667
21,1,9668
21,1,9669
21,1,9670
21,2,9672
21,1,9673
21,1,9674
-5,1,9675
21,1,9676
21,1,9677
-5,1,9678
21,1,9679
21,1,9680
21,1,9681
21,1,9682
21,1,9683
-5,1,9684
20,1,9685
-11,8,9693
21,1,9694
21,1,9695
21,1,9696
21,1,9697
21,1,9698
21,1,9699
21,1,9700
-6,3,9703
21,1,9704
21,1,9705
21,1,9706
-5,1,9707
21,1,9708
21,1,9709
21,1,9710
21,1,9711
-5,1,9712
-5,1,9713
21,1,9714
-5,1,9715
21,1,9716
21,1,9717
-5,1,9718
-5,1,9719
21,1,9720
21,1,9721
21,1,9722
21,1,9723
19,4,9727
21,1,9728
20,1,9729
21,1,9730
-5,1,9731
21,1,9732
21,1,9733
21,1,9734
21,1,9735
-9,6,9741
20,3,9744
-8,5,9749
21,1,9750
21,1,9751
21,1,9752
-5,1,9753
21,1,9754
20,1,9755
21,1,9756
21,1,9757
21,1,9758
21,1,9759
21,1,9760
21,1,9761
-5,1,9762
-5,1,9763
21,1,9764
21,1,9765
-5,1,9766
-7,4,9770
21,1,9771
18,6,9777
21,1,9778
21,1,9779
21,1,9780
21,1,9781
21,1,9782
21,1,9783
21,1,9784
21,1,9785
21,1,9786
21,1,9787
-6,3,9790
21,1,9791
21,1,9792
21,1,9793
21,1,9794
13,11,9805
21,1,9806
-11,8,9814
21,1,9815
21,1,9816
21,1,9817
21,1,9818
-5,1,9819
-5,1,9820
21,1,9821
21,1,9822
21,1,9823
-5,1,9824
21,1,9825
21,1,9826
-5,1,9827
21,1,9828
-6,3,9831
21,1,9832
21,1,9833
21,1,9834
21,1,9835
21,1,9836
21,1,9837
21,1,9838
-5,1,9839
21,1,9840
21,1,9841
-5,1,9842
21,1,9843
21,1,9844
21,1,9845
21,1,9846
21,1,9847
21,1,9848
21,1,9849
-5,1,9850
21,1,9851
21,1,9852
-5,1,9853
21,1,9854
-5,1,9855
-5,1,9856
21,1,9857
21,1,9858
-5,1,9859
-6,4,9863
21,1,9864
21,1,9865
21,1,9866
21,1,9867
21,1,9868
21,1,9869
21,1,9870
21,1,9871
21,1,9872
20,5,9877
21,1,9878
21,1,9879
21,1,9880
21,1,9881
21,1,9882
-5,1,9883
-5,1,9884
-5,1,9885
21,1,9886
20,3,9889
-10,7,9896
-5,1,9897
21,1,9898
21,1,9899
21,1,9900
21,1,9901
21,1,9902
21,1,9903
-5,1,9904
21,1,9905
21,1,9906
-5,1,9907
21,3,9910
-5,1,9911
21,1,9912
21,1,9913
21,1,9914
21,1,9915
21,1,9916
21,1,9917
21,1,9918
-5,1,9919
21,1,9920
-5,1,9921
21,1,9922
19,7,9929
21,1,9930
21,1,9931
21,1,9932
16,7,9939
19,5,9944
20,1,9945
21,1,9946
21,1,9947
21,1,9948
21,1,9949
-5,1,9950
21,1,9951
21,1,9952
21,1,9953
20,1,9954
-5,1,9955
21,1,9956
-5,1,9957
21,1,9958
21,1,9959
21,1,9960
21,1,9961
21,1,9962
21,1,9963
21,1,9964
21,1,9965
-5,1,9966
21,1,9967
19,5,9972
20,1,9973
21,1,9974
21,1,9975
21,1,9976
-13,10,9986
21,1,9987
20,1,9988
21,1,9989
21,1,9990
21,1,9991
21,1,9992
21,1,9993
-5,1,9994
21,1,9995
-5,1,9996
21,1,9997
21,1,9998
-5,1,9999
21,1,10000
21,1,10001
21,1,10002
21,1,10003
21,1,10004
21,1,10005
21,1,10006
21,1,10007
-15,13,10020
21,1,10021
-5,1,10022
21,1,10023
-5,1,10024
21,1,10025
21,1,10026
21,1,10027
20,3,10030
21,1,10031
21,1,10032
21,1,10033
21,1,10034
21,1,10035
21,1,10036
-5,2,10038
21,1,10039
21,1,10040
21,1,10041
21,1,10042
-7,4,10046
-5,1,10047
19,4,10051
21,1,10052
21,1,10053
21,1,10054
21,1,10055
21,1,10056
-5,1,10057
21,1,10058
21,1,10059
21,1,10060
21,1,10061
21,1,10062
20,1,10063
21,1,10064
21,1,10065
21,1,10066
21,1,10067
-5,1,10068
21,1,10069
21,1,10070
21,1,10071
21,1,10072
21,1,10073
19,4,10077
21,1,10078
21,1,10079
-5,1,10080
20,1,10081
-5,1,10082
21,1,10083
21,1,10084
21,1,10085
21,1,10086
21,1,10087
21,1,10088
21,1,10089
-7,4,10093
20,1,10094
21,1,10095
21,1,10096
21,1,10097
21,1,10098
21,1,10099
21,1,10100
21,1,10101
21,1,10102
21,1,10103
21,1,10104
21,1,10105
21,1,10106
20,1,10107
21,1,10108
21,1,10109
-9,6,10115
21,1,10116
-5,1,10117
21,1,10118
21,1,10119
18,5,10124
21,1,10125
21,1,10126
21,1,10127
21,1,10128
21,1,10129
21,1,10130
21,1,10131
21,1,10132
21,1,10133
21,1,10134
-5,1,10135
21,1,10136
21,1,10137
-5,1,10138
21,1,10139
21,1,10140
21,1,10141
21,1,10142
-5,1,10143
21,1,10144
21,1,10145
20,1,10146
21,1,10147
21,1,10148
21,1,10149
21,1,10150
21,1,10151
21,1,10152
21,1,10153
21,1,10154
20,1,10155
21,1,10156
21,1,10157
21,1,10158
21,1,10159
-5,1,10160
21,1,10161
21,1,10162
21,1,10163
19,4,10167
21,1,10168
-5,1,10169
-5,1,10170
21,1,10171
21,1,10172
21,1,10173
21,1,10174
21,1,10175
21,1,10176
21,1,10177
21,1,10178
21,1,10179
21,1,10180
21,1,10181
21,1,10182
20,1,10183
-5,1,10184
20,1,10185
21,1,10186
20,3,10189
21,1,10190
21,1,10191
21,1,10192
21,1,10193
20,3,10196
21,1,10197
21,1,10198
21,1,10199
21,1,10200
21,1,10201
21,1,10202
21,1,10203
21,1,10204
-5,1,10205
21,1,10206
21,1,10207
21,1,10208
-5,1,10209
20,3,10212
-5,1,10213
-5,1,10214
21,1,10215
21,1,10216
21,1,10217
21,1,10218
21,1,10219
21,1,10220
-5,1,10221
21,1,10222
21,1,10223
21,1,10224
21,1,10225
21,1,10226
21,1,10227
19,5,10232
21,1,10233
20,1,10234
21,1,10235
21,1,10236
-10,7,10243
20,1,10244
21,1,10245
21,1,10246
21,1,10247
-5,1,10248
21,1,10249
21,1,10250
21,1,10251
-5,1,10252
21,1,10253
21,1,10254
21,1,10255
21,1,10256
21,1,10257
21,1,10258
21,1,10259
21,1,10260
-5,1,10261
-5,1,10262
21,1,10263
20,3,10266
21,1,10267
21,1,10268
-5,1,10269
21,1,10270
21,1,10271
20,1,10272
21,1,10273
-5,1,10274
21,1,10275
21,1,10276
21,1,10277
21,1,10278
20,1,10279
-5,1,10280
-8,5,10285
-5,1,10286
21,1,10287
21,1,10288
21,1,10289
21,1,10290
21,1,10291
21,1,10292
21,1,10293
-5,1,10294
19,4,10298
21,1,10299
21,1,10300
21,1,10301
21,1,10302
21,1,10303
-5,1,10304
-5,1,10305
21,1,10306
21,1,10307
-5,1,10308
21,1,10309
21,1,10310
21,1,10311
21,1,10312
-11,8,10320
-5,1,10321
21,1,10322
21,1,10323
20,1,10324
21,1,10325
21,1,10326
21,1,10327
21,1,10328
21,1,10329
-5,1,10330
21,1,10331
21,1,10332
21,1,10333
-5,1,10334
21,1,10335
21,1,10336
21,1,10337
-9,8,10345
20,1,10346
-5,1,10347
-18,20,10367
21,1,10368
21,1,10369
21,1,10370
-6,3,10373
-5,1,10374
21,1,10375
21,1,10376
-5,1,10377
-7,4,10381
-5,1,10382
-5,1,10383
-5,1,10384
21,1,10385
21,1,10386
-5,1,10387
21,1,10388
21,1,10389
21,1,10390
21,1,10391
21,1,10392
21,1,10393
21,1,10394
21,1,10395
21,1,10396
21,1,10397
-5,1,10398
21,1,10399
21,1,10400
21,1,10401
21,1,10402
19,4,10406
21,1,10407
21,1,10408
-5,1,10409
21,1,10410
21,1,10411
21,1,10412
21,1,10413
-5,1,10414
21,1,10415
20,1,10416
20,3,10419
21,1,10420
21,1,10421
21,1,10422
21,1,10423
-12,9,10432
21,1,10433
21,1,10434
21,1,10435
21,1,10436
21,1,10437
21,1,10438
21,1,10439
21,1,10440
21,1,10441
21,1,10442
21,1,10443
21,1,10444
21,1,10445
20,3,10448
21,1,10449
21,1,10450
19,5,10455
21,1,10456
-5,1,10457
21,1,10458
21,1,10459
21,1,10460
21,1,10461
21,1,10462
21,1,10463
21,1,10464
21,1,10465
-7,4,10469
21,1,10470
21,1,10471
-10,7,10478
-5,1,10479
21,1,10480
21,1,10481
21,1,10482
21,1,10483
21,1,10484
21,1,10485
-5,1,10486
21,1,10487
-5,1,10488
20,1,10489
21,1,10490
21,1,10491
21,1,10492
21,1,10493
21,1,10494
21,1,10495
21,1,10496
21,1,10497
21,1,10498
21,1,10499
21,1,10500
21,1,10501
21,1,10502
-5,1,10503
20,1,10504
21,1,10505
21,1,10506
21,1,10507
21,1,10508
21,1,10509
-5,1,10510
21,1,10511
21,1,10512
21,1,10513
21,1,10514
21,1,10515
21,1,10516
21,1,10517
21,1,10518
21,1,10519
-5,1,10520
-7,4,10524
21,1,10525
21,1,10526
21,1,10527
21,1,10528
21,1,10529
21,1,10530
-5,1,10531
-7,4,10535
21,1,10536
21,1,10537
21,1,10538
-5,1,10539
-5,1,10540
21,1,10541
20,1,10542
-5,1,10543
21,1,10544
21,1,10545
21,1,10546
17,7,10553
-5,1,10554
21,1,10555
21,1,10556
21,1,10557
-5,1,10558
-5,3,10561
20,1,10562
21,1,10563
21,1,10564
20,1,10565
21,1,10566
-13,11,10577
21,1,10578
21,1,10579
20,1,10580
21,1,10581
-5,1,10582
21,1,10583
20,3,10586
21,1,10587
21,1,10588
-5,1,10589
21,1,10590
21,1,10591
-15,12,10603
21,1,10604
21,1,10605
20,1,10606
20,1,10607
17,6,10613
20,1,10614
21,1,10615
21,1,10616
21,1,10617
21,1,10618
21,1,10619
21,1,10620
21,1,10621
21,1,10622
21,1,10623
21,1,10624
21,1,10625
21,1,10626
21,1,10627
-5,1,10628
21,1,10629
21,1,10630
20,1,10631
20,3,10634
21,1,10635
-5,1,10636
21,1,10637
21,1,10638
21,1,10639
21,1,10640
21,1,10641
21,1,10642
21,1,10643
