episode_return,episode_length,total_steps
0,0,0
-100,20,20
-100,20,40
-30,9,49
-75,18,67
-100,20,87
-5,4,91
-100,20,111
-100,20,131
5,2,133
-100,20,153
-100,20,173
-100,20,193
10,1,194
-100,20,214
-100,20,234
-100,20,254
-45,12,266
-100,20,286
-50,13,299
-100,20,319
-25,8,327
-10,5,332
-35,7,339
-30,9,348
-100,20,368
-100,20,388
-60,15,403
-10,5,408
-100,20,428
-100,20,448
-100,20,468
-100,20,488
-100,20,508
-100,20,528
-25,8,536
-100,20,556
10,1,557
-100,20,577
-5,4,581
-55,11,592
-100,20,612
-10,2,614
-100,20,634
-100,20,654
-5,4,658
-45,12,670
-5,4,674
-100,20,694
-70,14,708
-100,20,728
5,2,730
-25,8,738
-5,4,742
-25,8,750
-100,20,770
-100,20,790
-15,6,796
-25,8,804
-10,2,806
-15,6,812
-35,10,822
-45,9,831
-20,7,838
-35,10,848
-15,3,851
-70,14,865
-100,20,885
-35,10,895
5,2,897
-10,2,899
5,2,901
-100,20,921
0,3,924
10,1,925
-5,1,926
-25,5,931
-15,6,937
-25,8,945
5,2,947
-60,15,962
-15,3,965
-20,4,969
-40,11,980
-20,4,984
-10,5,989
-30,9,998
-30,9,1007
-35,10,1017
-45,12,1029
0,3,1032
-5,1,1033
-65,13,1046
-10,5,1051
-15,6,1057
-30,9,1066
-25,8,1074
-20,7,1081
10,1,1082
-25,8,1090
-10,5,1095
-25,8,1103
-10,2,1105
-30,6,1111
-15,6,1117
0,3,1120
-100,20,1140
5,2,1142
5,2,1144
-5,1,1145
10,1,1146
5,2,1148
-30,6,1154
10,1,1155
-5,4,1159
-20,7,1166
5,2,1168
0,3,1171
10,1,1172
-25,8,1180
-10,5,1185
10,1,1186
-5,4,1190
5,2,1192
-20,4,1196
-25,8,1204
10,1,1205
0,3,1208
-10,5,1213
-10,5,1218
-100,20,1238
-30,6,1244
-5,4,1248
0,3,1251
-35,7,1258
5,2,1260
-60,15,1275
-70,17,1292
10,1,1293
-55,14,1307
-15,3,1310
10,1,1311
-40,11,1322
-25,8,1330
5,2,1332
-20,7,1339
-40,11,1350
-25,8,1358
0,3,1361
-30,6,1367
-25,5,1372
0,3,1375
5,2,1377
-5,4,1381
5,2,1383
-70,17,1400
-20,7,1407
-50,13,1420
-20,7,1427
-20,7,1434
-10,2,1436
-15,3,1439
0,3,1442
-15,3,1445
-45,12,1457
-10,5,1462
-10,2,1464
0,3,1467
-10,5,1472
5,2,1474
-15,6,1480
-5,1,1481
-20,7,1488
-15,6,1494
10,1,1495
-15,6,1501
-5,4,1505
10,1,1506
-10,2,1508
10,1,1509
-30,9,1518
-25,8,1526
-50,13,1539
-60,15,1554
-40,11,1565
-15,3,1568
-30,9,1577
-20,7,1584
0,3,1587
5,2,1589
-10,5,1594
-55,11,1605
0,3,1608
-75,18,1626
5,2,1628
-80,19,1647
-15,3,1650
-15,3,1653
-10,5,1658
-5,4,1662
-5,4,1666
-40,11,1677
0,3,1680
-5,4,1684
-55,14,1698
-45,12,1710
-100,20,1730
10,1,1731
-15,6,1737
-25,8,1745
0,3,1748
5,2,1750
-100,20,1770
-45,12,1782
-60,15,1797
-100,20,1817
-5,4,1821
-30,9,1830
5,2,1832
0,3,1835
-25,8,1843
10,1,1844
-25,8,1852
-60,12,1864
0,3,1867
5,2,1869
-20,7,1876
-5,1,1877
-40,11,1888
0,3,1891
-40,11,1902
-100,20,1922
-10,5,1927
-55,11,1938
-100,20,1958
-5,4,1962
-70,17,1979
-80,19,1998
-55,14,2012
-10,5,2017
-100,20,2037
-55,11,2048
-15,6,2054
-10,2,2056
0,3,2059
-100,20,2079
-5,4,2083
-35,10,2093
5,2,2095
-25,8,2103
-10,5,2108
-10,2,2110
-10,5,2115
-50,13,2128
-60,15,2143
-10,5,2148
0,3,2151
-40,8,2159
-85,20,2179
-100,20,2199
-25,8,2207
-5,4,2211
-10,5,2216
-35,10,2226
-25,8,2234
10,1,2235
10,1,2236
-5,4,2240
5,2,2242
-60,15,2257
0,3,2260
-10,2,2262
-45,12,2274
-100,20,2294
-5,4,2298
10,1,2299
-55,14,2313
-35,10,2323
-100,20,2343
-15,6,2349
-40,11,2360
-45,12,2372
-100,20,2392
-10,5,2397
0,3,2400
-70,17,2417
-25,8,2425
-75,18,2443
-15,6,2449
10,1,2450
-100,20,2470
-100,20,2490
-15,6,2496
-95,19,2515
-35,10,2525
0,3,2528
-50,13,2541
-5,4,2545
-100,20,2565
-55,14,2579
-20,7,2586
5,2,2588
-5,4,2592
-85,17,2609
10,1,2610
-100,20,2630
5,2,2632
10,1,2633
0,3,2636
-10,5,2641
-5,4,2645
-100,20,2665
-50,13,2678
-100,20,2698
-40,11,2709
-60,15,2724
-100,20,2744
-15,6,2750
-75,18,2768
10,1,2769
-100,20,2789
-40,8,2797
-100,20,2817
10,1,2818
-40,11,2829
-25,8,2837
-100,20,2857
-30,9,2866
5,2,2868
-55,14,2882
-65,16,2898
-65,16,2914
-40,11,2925
-30,9,2934
-25,5,2939
-75,18,2957
-45,12,2969
-30,9,2978
-85,20,2998
-55,14,3012
-15,3,3015
5,2,3017
-100,20,3037
5,2,3039
-100,20,3059
-30,9,3068
-35,10,3078
-65,16,3094
5,2,3096
-40,11,3107
-100,20,3127
-65,13,3140
-15,6,3146
-30,9,3155
-15,6,3161
5,2,3163
-5,4,3167
-15,6,3173
-5,4,3177
-60,15,3192
-30,6,3198
-20,7,3205
-5,4,3209
10,1,3210
10,1,3211
10,1,3212
-55,14,3226
0,3,3229
-40,11,3240
-65,16,3256
-100,20,3276
-35,10,3286
0,3,3289
-35,10,3299
-40,11,3310
-25,8,3318
-5,4,3322
-5,4,3326
-80,19,3345
-30,9,3354
0,3,3357
-15,6,3363
-25,8,3371
-30,9,3380
-15,6,3386
-100,20,3406
-25,8,3414
-45,12,3426
5,2,3428
-40,11,3439
-100,20,3459
5,2,3461
-65,16,3477
-100,20,3497
-15,6,3503
-100,20,3523
-5,4,3527
5,2,3529
-5,1,3530
5,2,3532
-50,13,3545
-45,12,3557
-5,4,3561
5,2,3563
-100,20,3583
-5,4,3587
-30,9,3596
-65,16,3612
0,3,3615
10,1,3616
0,3,3619
0,3,3622
-40,11,3633
10,1,3634
5,2,3636
-75,15,3651
-25,8,3659
-70,17,3676
10,1,3677
-100,20,3697
-100,20,3717
10,1,3718
10,1,3719
-100,20,3739
10,1,3740
10,1,3741
-40,8,3749
-25,8,3757
-55,14,3771
5,2,3773
-85,20,3793
10,1,3794
-30,9,3803
-35,7,3810
-100,20,3830
10,1,3831
0,3,3834
0,3,3837
-70,17,3854
0,3,3857
10,1,3858
-40,11,3869
-30,9,3878
-65,16,3894
-60,15,3909
-60,15,3924
-15,6,3930
-45,12,3942
0,3,3945
-100,20,3965
-100,20,3985
-10,5,3990
-20,7,3997
-5,4,4001
10,1,4002
-100,20,4022
0,3,4025
0,3,4028
10,1,4029
0,3,4032
-20,7,4039
-100,20,4059
-70,17,4076
5,2,4078
-25,8,4086
10,1,4087
0,3,4090
-20,7,4097
-55,14,4111
-30,9,4120
-20,7,4127
-65,16,4143
10,1,4144
-25,8,4152
-45,12,4164
-10,5,4169
-20,7,4176
-20,7,4183
-60,15,4198
-10,5,4203
10,1,4204
5,2,4206
-40,8,4214
10,1,4215
-15,6,4221
0,3,4224
-60,15,4239
-10,2,4241
10,1,4242
-20,7,4249
10,1,4250
-40,11,4261
-20,7,4268
-25,5,4273
-20,7,4280
-40,11,4291
-20,7,4298
-40,11,4309
-15,6,4315
-5,4,4319
-50,13,4332
5,2,4334
-85,20,4354
-45,9,4363
-20,7,4370
-85,17,4387
-40,11,4398
-60,12,4410
-80,19,4429
-5,4,4433
10,1,4434
-65,16,4450
-100,20,4470
10,1,4471
-75,18,4489
-20,7,4496
5,2,4498
-70,14,4512
-10,5,4517
-5,4,4521
-15,6,4527
-45,12,4539
5,2,4541
0,3,4544
-100,20,4564
0,3,4567
-15,6,4573
-25,8,4581
-100,20,4601
-35,10,4611
5,2,4613
-50,13,4626
-85,20,4646
-20,7,4653
-55,11,4664
5,2,4666
-10,5,4671
-100,20,4691
-100,20,4711
10,1,4712
-20,7,4719
-100,20,4739
-25,8,4747
-65,16,4763
-55,14,4777
0,3,4780
10,1,4781
-45,12,4793
-80,19,4812
-25,8,4820
-30,9,4829
-25,8,4837
-55,14,4851
-45,12,4863
-80,19,4882
-40,11,4893
-15,6,4899
0,3,4902
-100,20,4922
-40,8,4930
-25,8,4938
-20,7,4945
10,1,4946
10,1,4947
5,2,4949
-15,6,4955
-65,16,4971
10,1,4972
-5,4,4976
-100,20,4996
-5,4,5000
-100,20,5020
-40,8,5028
5,2,5030
-50,10,5040
5,2,5042
-100,20,5062
-10,2,5064
10,1,5065
-35,10,5075
0,3,5078
-60,15,5093
-30,9,5102
-15,6,5108
-35,7,5115
-90,18,5133
5,2,5135
5,2,5137
5,2,5139
5,2,5141
5,2,5143
-80,16,5159
-30,9,5168
0,3,5171
-55,14,5185
-5,4,5189
-5,4,5193
5,2,5195
-20,7,5202
-20,7,5209
-15,6,5215
0,3,5218
0,3,5221
-55,14,5235
-40,11,5246
-25,8,5254
-75,18,5272
10,1,5273
-100,20,5293
-20,7,5300
-50,13,5313
-100,20,5333
-10,5,5338
-75,18,5356
-75,18,5374
0,3,5377
0,3,5380
0,3,5383
-20,7,5390
-30,6,5396
-20,7,5403
10,1,5404
-10,5,5409
-40,8,5417
10,1,5418
-45,12,5430
10,1,5431
-100,20,5451
-95,19,5470
10,1,5471
10,1,5472
-5,4,5476
-20,7,5483
10,1,5484
-15,3,5487
-40,11,5498
5,2,5500
-30,9,5509
5,2,5511
-15,6,5517
-70,17,5534
0,3,5537
-70,14,5551
-5,4,5555
-100,20,5575
10,1,5576
-20,7,5583
0,3,5586
5,2,5588
0,3,5591
0,3,5594
-25,8,5602
-50,13,5615
-20,7,5622
5,2,5624
-100,20,5644
10,1,5645
-20,7,5652
-35,10,5662
-45,12,5674
5,2,5676
-10,2,5678
10,1,5679
-55,14,5693
-10,2,5695
10,1,5696
-60,15,5711
10,1,5712
-20,7,5719
10,1,5720
10,1,5721
-30,9,5730
-15,6,5736
-30,9,5745
-100,20,5765
5,2,5767
-100,20,5787
5,2,5789
-35,10,5799
-30,9,5808
-25,8,5816
0,3,5819
-50,10,5829
5,2,5831
-35,10,5841
-55,14,5855
0,3,5858
-25,8,5866
-50,13,5879
-15,6,5885
0,3,5888
10,1,5889
-10,2,5891
-25,8,5899
-100,20,5919
-30,6,5925
0,3,5928
-45,9,5937
-5,1,5938
10,1,5939
10,1,5940
-100,20,5960
-20,7,5967
-100,20,5987
-5,4,5991
-60,15,6006
5,2,6008
-35,10,6018
0,3,6021
-70,17,6038
-100,20,6058
-100,20,6078
-5,4,6082
0,3,6085
-15,6,6091
-70,17,6108
-100,20,6128
0,3,6131
10,1,6132
10,1,6133
-20,7,6140
-15,6,6146
0,3,6149
-100,20,6169
-100,20,6189
10,1,6190
-30,9,6199
-25,8,6207
0,3,6210
-25,8,6218
-5,4,6222
-40,8,6230
-15,6,6236
-20,7,6243
10,1,6244
-35,10,6254
5,2,6256
-100,20,6276
-80,19,6295
-50,13,6308
-5,4,6312
-100,20,6332
-30,9,6341
-35,7,6348
-10,2,6350
-40,8,6358
10,1,6359
-45,12,6371
-20,7,6378
-30,9,6387
0,3,6390
-50,10,6400
-50,13,6413
-30,9,6422
-5,4,6426
0,3,6429
-5,4,6433
-35,10,6443
-100,20,6463
10,1,6464
-100,20,6484
-25,8,6492
0,3,6495
-30,9,6504
-100,20,6524
-95,19,6543
10,1,6544
5,2,6546
-40,11,6557
-15,6,6563
-10,5,6568
-5,1,6569
-10,5,6574
-65,16,6590
-35,10,6600
-30,9,6609
5,2,6611
-10,5,6616
-50,13,6629
-40,11,6640
-50,13,6653
-5,4,6657
-85,20,6677
-35,10,6687
-15,6,6693
5,2,6695
-100,20,6715
-25,8,6723
-100,20,6743
-30,9,6752
-10,5,6757
-20,4,6761
-10,5,6766
-5,4,6770
5,2,6772
10,1,6773
-70,17,6790
-55,14,6804
-10,5,6809
0,3,6812
-5,4,6816
-100,20,6836
-100,20,6856
-100,20,6876
-60,12,6888
-60,15,6903
-50,13,6916
10,1,6917
-55,14,6931
-25,8,6939
-30,9,6948
-15,6,6954
-65,16,6970
10,1,6971
0,3,6974
-100,20,6994
10,1,6995
-40,11,7006
-20,7,7013
-5,1,7014
-5,1,7015
-20,7,7022
-25,8,7030
-20,4,7034
0,3,7037
-30,9,7046
-15,6,7052
-90,18,7070
-75,15,7085
0,3,7088
10,1,7089
-55,14,7103
-30,9,7112
0,3,7115
-100,20,7135
-75,18,7153
-100,20,7173
5,2,7175
-80,19,7194
-55,14,7208
5,2,7210
-50,13,7223
-15,6,7229
-20,4,7233
-10,5,7238
-55,14,7252
-25,8,7260
-15,6,7266
10,1,7267
-100,20,7287
-85,20,7307
0,3,7310
-100,20,7330
-75,18,7348
5,2,7350
-15,6,7356
-10,5,7361
-55,14,7375
-40,11,7386
-10,5,7391
-100,20,7411
10,1,7412
5,2,7414
10,1,7415
-10,5,7420
-10,2,7422
-20,7,7429
10,1,7430
-5,4,7434
-15,6,7440
-5,4,7444
-45,12,7456
5,2,7458
-20,7,7465
-5,4,7469
-45,9,7478
10,1,7479
-20,7,7486
-25,8,7494
-25,5,7499
-40,11,7510
-30,9,7519
-100,20,7539
-5,1,7540
-75,15,7555
5,2,7557
-35,10,7567
10,1,7568
-30,9,7577
-35,10,7587
-5,4,7591
-10,5,7596
-35,10,7606
-15,6,7612
5,2,7614
-80,16,7630
-55,11,7641
-30,9,7650
-15,6,7656
-30,9,7665
-30,9,7674
-30,9,7683
-5,4,7687
-5,4,7691
-30,9,7700
-50,13,7713
0,3,7716
-100,20,7736
-20,7,7743
10,1,7744
10,1,7745
-10,5,7750
-10,5,7755
-100,20,7775
0,3,7778
0,3,7781
-80,16,7797
0,3,7800
-15,3,7803
-40,8,7811
-5,4,7815
-10,5,7820
-100,20,7840
5,2,7842
10,1,7843
-100,20,7863
5,2,7865
10,1,7866
-15,3,7869
-20,7,7876
5,2,7878
-45,12,7890
-10,2,7892
-100,20,7912
5,2,7914
-20,7,7921
-5,4,7925
-30,9,7934
-45,12,7946
-5,4,7950
-45,12,7962
-5,4,7966
-10,5,7971
-5,4,7975
-5,4,7979
-100,20,7999
10,1,8000
-5,4,8004
-100,20,8024
5,2,8026
-45,12,8038
5,2,8040
-100,20,8060
-10,2,8062
10,1,8063
-75,18,8081
-55,14,8095
-30,9,8104
-15,6,8110
5,2,8112
-20,7,8119
-10,2,8121
5,2,8123
5,2,8125
0,3,8128
-60,15,8143
10,1,8144
-15,6,8150
-45,12,8162
10,1,8163
-85,20,8183
-15,6,8189
-45,12,8201
-35,10,8211
-15,6,8217
-100,20,8237
-5,1,8238
10,1,8239
-50,13,8252
-55,14,8266
-40,11,8277
-15,6,8283
-45,12,8295
0,3,8298
5,2,8300
-5,4,8304
-60,15,8319
0,3,8322
-5,4,8326
-15,6,8332
-35,10,8342
-100,20,8362
-15,6,8368
-40,11,8379
10,1,8380
10,1,8381
5,2,8383
-80,19,8402
-50,13,8415
-15,3,8418
-20,4,8422
-30,9,8431
10,1,8432
-10,5,8437
-100,20,8457
-100,20,8477
-80,16,8493
-55,14,8507
-100,20,8527
-20,7,8534
-25,8,8542
0,3,8545
-20,7,8552
-10,2,8554
-5,4,8558
-25,8,8566
-10,5,8571
10,1,8572
0,3,8575
-100,20,8595
10,1,8596
-20,7,8603
-25,5,8608
-45,12,8620
-20,4,8624
-15,6,8630
-100,20,8650
10,1,8651
0,3,8654
-70,17,8671
-40,11,8682
-15,6,8688
-55,11,8699
10,1,8700
-100,20,8720
-5,4,8724
-40,11,8735
-100,20,8755
-65,13,8768
-10,5,8773
-55,14,8787
10,1,8788
-5,1,8789
-10,5,8794
-100,20,8814
-75,18,8832
10,1,8833
10,1,8834
-50,10,8844
-40,11,8855
5,2,8857
-70,17,8874
-55,14,8888
-50,13,8901
5,2,8903
-100,20,8923
10,1,8924
-60,15,8939
-35,7,8946
0,3,8949
0,3,8952
-25,5,8957
-40,11,8968
-15,6,8974
-25,8,8982
-85,20,9002
10,1,9003
-20,7,9010
-100,20,9030
-100,20,9050
-60,15,9065
0,3,9068
-5,4,9072
10,1,9073
10,1,9074
-100,20,9094
-35,10,9104
10,1,9105
-10,2,9107
0,3,9110
0,3,9113
-70,17,9130
-100,20,9150
-15,3,9153
-35,10,9163
-100,20,9183
10,1,9184
5,2,9186
-55,11,9197
10,1,9198
-20,7,9205
-5,4,9209
10,1,9210
-100,20,9230
-5,4,9234
-5,1,9235
-10,5,9240
-5,1,9241
-5,4,9245
-60,15,9260
-100,20,9280
5,2,9282
-10,2,9284
10,1,9285
-10,5,9290
-75,18,9308
-25,8,9316
-20,7,9323
-60,15,9338
-10,5,9343
5,2,9345
-40,11,9356
-5,4,9360
-5,4,9364
-35,10,9374
-25,8,9382
0,3,9385
-100,20,9405
10,1,9406
-20,7,9413
5,2,9415
-100,20,9435
0,3,9438
-10,5,9443
5,2,9445
-5,4,9449
5,2,9451
-75,18,9469
10,1,9470
-25,8,9478
-10,5,9483
10,1,9484
-65,16,9500
-35,10,9510
0,3,9513
-35,7,9520
5,2,9522
10,1,9523
10,1,9524
5,2,9526
0,3,9529
10,1,9530
10,1,9531
-10,5,9536
-30,9,9545
-100,20,9565
-60,12,9577
-65,16,9593
0,3,9596
-5,4,9600
0,3,9603
-35,10,9613
-35,10,9623
-45,12,9635
-15,6,9641
10,1,9642
-60,15,9657
-10,5,9662
10,1,9663
-45,12,9675
0,3,9678
-25,8,9686
-25,8,9694
-30,9,9703
-5,4,9707
-10,5,9712
5,2,9714
-65,16,9730
10,1,9731
-10,5,9736
5,2,9738
-20,7,9745
5,2,9747
10,1,9748
-20,4,9752
-15,6,9758
-25,8,9766
-10,5,9771
-40,8,9779
-25,5,9784
-5,4,9788
-100,20,9808
-35,10,9818
-100,20,9838
-15,6,9844
-65,13,9857
-80,19,9876
-60,15,9891
-100,20,9911
-65,16,9927
-100,20,9947
0,3,9950
5,2,9952
-35,10,9962
-55,14,9976
-15,6,9982
-15,6,9988
-5,4,9992
10,1,9993
-25,8,10001
-100,20,10021
-5,1,10022
-100,20,10042
-10,5,10047
-40,11,10058
-100,20,10078
-55,14,10092
-85,20,10112
-65,16,10128
-55,11,10139
-5,4,10143
-100,20,10163
-20,4,10167
5,2,10169
-5,4,10173
5,2,10175
-5,4,10179
-5,1,10180
5,2,10182
-65,13,10195
-100,20,10215
10,1,10216
0,3,10219
5,2,10221
-10,5,10226
-35,10,10236
-15,6,10242
10,1,10243
-10,5,10248
-100,20,10268
-100,20,10288
-60,15,10303
10,1,10304
-45,12,10316
-15,3,10319
0,3,10322
-20,7,10329
-100,20,10349
-55,14,10363
10,1,10364
-40,11,10375
0,3,10378
-50,13,10391
5,2,10393
-100,20,10413
-100,20,10433
5,2,10435
-15,6,10441
-5,4,10445
-25,8,10453
-70,14,10467
-25,8,10475
0,3,10478
10,1,10479
-50,13,10492
10,1,10493
5,2,10495
-25,5,10500
-15,6,10506
5,2,10508
-5,4,10512
-20,4,10516
0,3,10519
-25,8,10527
0,3,10530
-25,8,10538
-20,7,10545
-100,20,10565
10,1,10566
-15,3,10569
-95,19,10588
-20,7,10595
-25,8,10603
-5,4,10607
-20,7,10614
-15,6,10620
-55,14,10634
-10,5,10639
-65,16,10655
-10,5,10660
0,3,10663
10,1,10664
-10,5,10669
0,3,10672
-70,17,10689
-55,14,10703
-40,11,10714
-10,5,10719
-20,7,10726
-100,20,10746
-30,9,10755
-75,18,10773
-5,4,10777
-65,16,10793
-10,5,10798
-100,20,10818
-10,2,10820
-30,9,10829
-55,14,10843
-15,6,10849
-5,4,10853
-5,1,10854
-70,17,10871
-35,10,10881
5,2,10883
-30,9,10892
-100,20,10912
-5,4,10916
-10,5,10921
-5,4,10925
10,1,10926
-40,11,10937
-15,6,10943
10,1,10944
-100,20,10964
-100,20,10984
0,3,10987
-30,9,10996
-50,13,11009
0,3,11012
-80,19,11031
-25,8,11039
-10,2,11041
10,1,11042
-100,20,11062
-15,6,11068
-15,6,11074
10,1,11075
-100,20,11095
-5,4,11099
-30,9,11108
-55,11,11119
-5,4,11123
-55,14,11137
-60,15,11152
-10,5,11157
-20,7,11164
5,2,11166
0,3,11169
5,2,11171
-55,14,11185
5,2,11187
5,2,11189
5,2,11191
-35,10,11201
-100,20,11221
-25,8,11229
-40,8,11237
-40,11,11248
-5,4,11252
-10,5,11257
0,3,11260
-15,6,11266
-45,12,11278
10,1,11279
-40,11,11290
10,1,11291
-100,20,11311
10,1,11312
5,2,11314
-10,5,11319
-20,7,11326
-85,20,11346
-60,15,11361
5,2,11363
-5,4,11367
10,1,11368
0,3,11371
-10,5,11376
-100,20,11396
-100,20,11416
-100,20,11436
0,3,11439
-5,4,11443
-10,5,11448
-100,20,11468
-95,19,11487
-75,18,11505
-100,20,11525
-20,4,11529
0,3,11532
10,1,11533
0,3,11536
-10,5,11541
-20,7,11548
-30,9,11557
-100,20,11577
0,3,11580
-35,7,11587
-35,10,11597
0,3,11600
-10,5,11605
-60,15,11620
10,1,11621
-5,4,11625
-50,10,11635
-20,7,11642
0,3,11645
-35,10,11655
-65,16,11671
-100,20,11691
5,2,11693
-40,11,11704
5,2,11706
-5,4,11710
-25,8,11718
-100,20,11738
-5,1,11739
-70,17,11756
-100,20,11776
10,1,11777
-35,10,11787
-10,5,11792
-50,13,11805
-15,6,11811
10,1,11812
-100,20,11832
-100,20,11852
5,2,11854
-5,4,11858
-5,4,11862
-15,3,11865
-20,4,11869
-10,2,11871
-25,8,11879
10,1,11880
-5,4,11884
-40,11,11895
-40,11,11906
-25,8,11914
-20,7,11921
-80,19,11940
-30,9,11949
-60,15,11964
-10,2,11966
-100,20,11986
-25,5,11991
-50,10,12001
-5,4,12005
-100,20,12025
-5,4,12029
-5,1,12030
-25,8,12038
5,2,12040
-5,1,12041
-35,7,12048
-10,5,12053
-50,13,12066
5,2,12068
-5,4,12072
-45,12,12084
-60,15,12099
5,2,12101
5,2,12103
-25,8,12111
10,1,12112
0,3,12115
5,2,12117
-20,7,12124
-20,7,12131
-60,15,12146
0,3,12149
-10,2,12151
-5,4,12155
-10,5,12160
-50,13,12173
10,1,12174
-30,9,12183
-10,5,12188
-65,16,12204
10,1,12205
-10,5,12210
-75,18,12228
-100,20,12248
-60,15,12263
5,2,12265
-30,9,12274
-5,4,12278
10,1,12279
-20,7,12286
-75,18,12304
-100,20,12324
-20,7,12331
0,3,12334
-60,15,12349
0,3,12352
-10,5,12357
-75,15,12372
-5,4,12376
-15,6,12382
-25,5,12387
-20,7,12394
5,2,12396
-50,13,12409
10,1,12410
-50,13,12423
10,1,12424
-15,3,12427
5,2,12429
-55,14,12443
-100,20,12463
-50,13,12476
-20,7,12483
0,3,12486
-100,20,12506
-10,5,12511
-40,8,12519
-100,20,12539
-5,4,12543
-25,8,12551
-65,16,12567
10,1,12568
0,3,12571
-100,20,12591
-15,3,12594
0,3,12597
-15,6,12603
-10,5,12608
10,1,12609
-10,5,12614
-70,17,12631
-10,5,12636
-100,20,12656
-65,16,12672
-20,7,12679
-65,16,12695
-20,7,12702
0,3,12705
5,2,12707
-20,7,12714
-5,1,12715
10,1,12716
-25,8,12724
-10,5,12729
0,3,12732
-85,20,12752
-50,13,12765
10,1,12766
5,2,12768
-10,2,12770
-60,12,12782
-100,20,12802
-5,4,12806
-20,7,12813
0,3,12816
-70,17,12833
-65,16,12849
0,3,12852
-45,12,12864
-5,4,12868
-25,8,12876
-20,7,12883
-20,7,12890
-100,20,12910
-30,9,12919
-100,20,12939
-5,4,12943
-5,4,12947
-15,6,12953
-15,3,12956
-20,4,12960
-25,8,12968
-35,10,12978
-70,17,12995
-85,20,13015
-70,17,13032
-35,7,13039
5,2,13041
-55,11,13052
10,1,13053
0,3,13056
-10,5,13061
-35,10,13071
-25,8,13079
-35,10,13089
-5,4,13093
-25,8,13101
10,1,13102
0,3,13105
-10,2,13107
-100,20,13127
-35,10,13137
5,2,13139
5,2,13141
-10,5,13146
10,1,13147
-10,5,13152
-100,20,13172
10,1,13173
-100,20,13193
0,3,13196
-40,11,13207
-15,6,13213
0,3,13216
-75,18,13234
-70,17,13251
-45,12,13263
-5,4,13267
5,2,13269
-45,9,13278
-50,10,13288
-25,8,13296
10,1,13297
5,2,13299
-30,9,13308
-15,6,13314
-80,19,13333
0,3,13336
-40,8,13344
5,2,13346
0,3,13349
-50,13,13362
-15,6,13368
-35,10,13378
-15,6,13384
-15,3,13387
-40,11,13398
-35,7,13405
-5,4,13409
0,3,13412
-40,11,13423
5,2,13425
-100,20,13445
-5,4,13449
10,1,13450
5,2,13452
-20,7,13459
5,2,13461
-45,12,13473
-40,11,13484
0,3,13487
-40,11,13498
-70,17,13515
-5,1,13516
-65,16,13532
-5,4,13536
-40,11,13547
-5,4,13551
10,1,13552
0,3,13555
-35,10,13565
10,1,13566
10,1,13567
5,2,13569
-55,14,13583
-35,10,13593
10,1,13594
-30,9,13603
-80,19,13622
-25,8,13630
-10,2,13632
-75,18,13650
-55,11,13661
10,1,13662
10,1,13663
-70,17,13680
10,1,13681
-15,6,13687
-30,9,13696
10,1,13697
0,3,13700
-40,11,13711
-45,12,13723
-30,9,13732
10,1,13733
-50,13,13746
0,3,13749
-65,16,13765
-5,4,13769
10,1,13770
5,2,13772
10,1,13773
-80,19,13792
-30,9,13801
-85,17,13818
-15,6,13824
-100,20,13844
5,2,13846
-30,9,13855
-5,1,13856
-10,5,13861
-15,6,13867
-15,6,13873
-25,5,13878
-30,9,13887
-55,14,13901
10,1,13902
-50,13,13915
-100,20,13935
10,1,13936
-10,5,13941
-75,15,13956
-35,10,13966
-75,18,13984
10,1,13985
-85,20,14005
5,2,14007
-100,20,14027
-20,7,14034
-5,4,14038
-5,4,14042
-55,14,14056
10,1,14057
-10,5,14062
-25,8,14070
0,3,14073
10,1,14074
-100,20,14094
10,1,14095
-10,5,14100
-10,5,14105
-100,20,14125
-5,1,14126
-25,8,14134
-35,10,14144
-25,8,14152
10,1,14153
-95,19,14172
-30,9,14181
10,1,14182
10,1,14183
-10,2,14185
10,1,14186
-30,9,14195
-50,13,14208
-15,6,14214
-5,4,14218
10,1,14219
0,3,14222
-25,8,14230
-10,5,14235
-5,4,14239
-25,8,14247
-5,4,14251
-70,17,14268
-20,4,14272
-5,4,14276
0,3,14279
-50,13,14292
-5,4,14296
10,1,14297
-25,8,14305
-10,5,14310
-30,9,14319
-5,4,14323
-100,20,14343
-20,7,14350
-100,20,14370
-100,20,14390
-65,13,14403
-55,14,14417
-45,12,14429
-90,18,14447
5,2,14449
-45,9,14458
-35,10,14468
-40,11,14479
-80,19,14498
-15,6,14504
-35,10,14514
-15,6,14520
5,2,14522
-5,4,14526
10,1,14527
10,1,14528
10,1,14529
-5,4,14533
5,2,14535
-35,10,14545
5,2,14547
0,3,14550
-100,20,14570
10,1,14571
-5,4,14575
-60,15,14590
-10,5,14595
-35,7,14602
-40,11,14613
10,1,14614
0,3,14617
-20,4,14621
10,1,14622
-50,13,14635
0,3,14638
-5,4,14642
-5,1,14643
10,1,14644
-25,8,14652
-75,18,14670
5,2,14672
10,1,14673
0,3,14676
-15,6,14682
-10,2,14684
10,1,14685
-10,5,14690
-30,9,14699
0,3,14702
0,3,14705
-5,4,14709
10,1,14710
5,2,14712
5,2,14714
0,3,14717
-40,11,14728
10,1,14729
10,1,14730
5,2,14732
-15,6,14738
-85,17,14755
-10,2,14757
-20,7,14764
-5,4,14768
-70,17,14785
-20,7,14792
-5,4,14796
0,3,14799
0,3,14802
-50,13,14815
-25,8,14823
-60,15,14838
-55,14,14852
0,3,14855
-50,13,14868
-5,1,14869
-60,15,14884
10,1,14885
0,3,14888
10,1,14889
-65,16,14905
-45,9,14914
-15,6,14920
-5,1,14921
-20,7,14928
0,3,14931
-50,13,14944
5,2,14946
5,2,14948
0,3,14951
-15,6,14957
0,3,14960
0,3,14963
0,3,14966
-25,8,14974
-10,5,14979
-10,5,14984
-85,20,15004
-100,20,15024
0,3,15027
-5,1,15028
-40,11,15039
-15,3,15042
-5,4,15046
-60,15,15061
-20,4,15065
-35,7,15072
-65,16,15088
-20,4,15092
-25,8,15100
-25,5,15105
10,1,15106
5,2,15108
-45,12,15120
-15,6,15126
-15,6,15132
-10,5,15137
-10,5,15142
-10,5,15147
-75,18,15165
10,1,15166
-25,8,15174
10,1,15175
-15,6,15181
0,3,15184
-5,4,15188
5,2,15190
10,1,15191
-100,20,15211
-100,20,15231
-10,5,15236
-100,20,15256
-80,19,15275
-5,1,15276
0,3,15279
10,1,15280
-100,20,15300
-5,4,15304
10,1,15305
0,3,15308
-10,5,15313
-25,8,15321
5,2,15323
10,1,15324
-5,4,15328
-25,8,15336
-100,20,15356
0,3,15359
-100,20,15379
0,3,15382
-30,9,15391
-10,5,15396
-100,20,15416
10,1,15417
10,1,15418
-10,2,15420
-35,10,15430
10,1,15431
5,2,15433
-5,4,15437
-10,5,15442
-40,11,15453
-45,12,15465
-40,8,15473
10,1,15474
-70,17,15491
-20,7,15498
10,1,15499
10,1,15500
10,1,15501
5,2,15503
-15,6,15509
-100,20,15529
-5,4,15533
-45,12,15545
-100,20,15565
-45,12,15577
-20,7,15584
5,2,15586
-50,10,15596
-30,9,15605
-20,7,15612
-35,10,15622
-15,6,15628
-25,5,15633
-5,4,15637
5,2,15639
-65,16,15655
-100,20,15675
10,1,15676
-75,18,15694
0,3,15697
-5,4,15701
-35,10,15711
-55,14,15725
5,2,15727
-60,15,15742
5,2,15744
-30,9,15753
5,2,15755
-20,4,15759
10,1,15760
-60,15,15775
-100,20,15795
-10,2,15797
-100,20,15817
-10,5,15822
10,1,15823
-10,5,15828
-5,1,15829
-20,7,15836
-45,12,15848
-15,6,15854
-100,20,15874
-30,9,15883
-25,8,15891
-55,14,15905
-15,6,15911
-5,4,15915
-5,4,15919
-10,5,15924
-55,14,15938
0,3,15941
-25,8,15949
-15,6,15955
-20,7,15962
5,2,15964
-5,4,15968
10,1,15969
10,1,15970
-10,5,15975
0,3,15978
0,3,15981
10,1,15982
10,1,15983
0,3,15986
-40,11,15997
10,1,15998
-30,9,16007
10,1,16008
-5,4,16012
-5,4,16016
-5,4,16020
-15,3,16023
-5,1,16024
-100,20,16044
-75,18,16062
-25,8,16070
-40,8,16078
5,2,16080
-30,9,16089
-5,4,16093
-80,16,16109
-10,5,16114
-20,7,16121
-100,20,16141
-60,12,16153
-5,4,16157
-40,11,16168
-20,7,16175
5,2,16177
-35,10,16187
-5,4,16191
-10,5,16196
10,1,16197
-35,10,16207
-20,7,16214
-25,8,16222
-10,5,16227
-60,15,16242
5,2,16244
-50,13,16257
-15,6,16263
-10,5,16268
5,2,16270
10,1,16271
-55,11,16282
0,3,16285
5,2,16287
-5,4,16291
-35,10,16301
-70,17,16318
10,1,16319
-65,16,16335
-60,15,16350
-20,7,16357
-15,6,16363
-50,13,16376
-5,4,16380
-45,12,16392
-5,4,16396
10,1,16397
-25,8,16405
0,3,16408
-30,9,16417
-10,5,16422
-5,4,16426
-15,6,16432
-5,4,16436
-30,9,16445
-5,1,16446
-5,1,16447
-5,4,16451
-15,6,16457
-10,5,16462
-10,2,16464
10,1,16465
-5,1,16466
-40,11,16477
-25,8,16485
-30,9,16494
-5,4,16498
-90,18,16516
0,3,16519
-15,6,16525
-45,9,16534
-5,1,16535
0,3,16538
-40,11,16549
-35,10,16559
-65,16,16575
-5,4,16579
-5,1,16580
5,2,16582
-80,19,16601
-45,12,16613
10,1,16614
-5,4,16618
0,3,16621
-35,10,16631
-35,10,16641
-45,12,16653
5,2,16655
-10,5,16660
5,2,16662
10,1,16663
-50,13,16676
-25,5,16681
-15,6,16687
-75,15,16702
-100,20,16722
-100,20,16742
10,1,16743
10,1,16744
-10,5,16749
-15,6,16755
5,2,16757
-50,13,16770
-30,9,16779
-40,11,16790
-5,4,16794
-35,7,16801
10,1,16802
10,1,16803
-65,16,16819
-35,10,16829
-35,10,16839
-10,5,16844
-10,5,16849
-55,14,16863
-5,4,16867
0,3,16870
0,3,16873
5,2,16875
-100,20,16895
-15,6,16901
10,1,16902
-5,4,16906
-100,20,16926
-5,4,16930
-20,7,16937
-35,10,16947
-50,13,16960
10,1,16961
5,2,16963
-50,10,16973
10,1,16974
-50,10,16984
0,3,16987
-20,7,16994
10,1,16995
-60,15,17010
-20,4,17014
-100,20,17034
-80,16,17050
10,1,17051
-35,10,17061
-100,20,17081
-50,10,17091
-100,20,17111
-45,12,17123
-25,8,17131
10,1,17132
-10,5,17137
-100,20,17157
-100,20,17177
-5,4,17181
10,1,17182
0,3,17185
10,1,17186
-55,14,17200
10,1,17201
-50,13,17214
-5,1,17215
-20,7,17222
0,3,17225
-5,4,17229
5,2,17231
-25,5,17236
-30,9,17245
5,2,17247
-10,5,17252
-15,6,17258
-10,5,17263
-40,11,17274
-10,5,17279
-10,5,17284
-45,12,17296
-15,6,17302
-80,19,17321
10,1,17322
-20,7,17329
10,1,17330
-10,5,17335
-35,10,17345
-25,8,17353
-10,5,17358
-75,15,17373
-60,12,17385
-65,16,17401
0,3,17404
-80,19,17423
-50,13,17436
-10,5,17441
-100,20,17461
5,2,17463
-60,15,17478
-5,1,17479
5,2,17481
-30,9,17490
-20,7,17497
-100,20,17517
-100,20,17537
-25,8,17545
-50,13,17558
5,2,17560
-65,16,17576
-35,10,17586
-10,5,17591
-50,13,17604
10,1,17605
-55,14,17619
-100,20,17639
10,1,17640
-50,10,17650
-100,20,17670
-40,11,17681
-5,1,17682
10,1,17683
-65,16,17699
-5,4,17703
-10,5,17708
-100,20,17728
-40,11,17739
-10,2,17741
0,3,17744
0,3,17747
-5,4,17751
-5,4,17755
10,1,17756
-45,12,17768
-10,5,17773
5,2,17775
-20,7,17782
-25,8,17790
-55,14,17804
-15,6,17810
-15,6,17816
5,2,17818
-55,14,17832
10,1,17833
-25,5,17838
-25,8,17846
-15,6,17852
10,1,17853
-50,13,17866
10,1,17867
-25,8,17875
-5,4,17879
-5,4,17883
-15,3,17886
-5,4,17890
-10,5,17895
-55,14,17909
-20,7,17916
-10,5,17921
0,3,17924
10,1,17925
0,3,17928
-50,13,17941
-100,20,17961
-5,1,17962
-70,17,17979
-5,4,17983
-55,14,17997
-15,6,18003
-35,7,18010
-100,20,18030
-5,4,18034
5,2,18036
-65,16,18052
-5,4,18056
-70,17,18073
-25,8,18081
-100,20,18101
-40,11,18112
-100,20,18132
-10,5,18137
0,3,18140
-100,20,18160
-100,20,18180
-15,6,18186
-50,13,18199
10,1,18200
-20,7,18207
0,3,18210
-20,7,18217
10,1,18218
-15,6,18224
5,2,18226
0,3,18229
10,1,18230
10,1,18231
0,3,18234
10,1,18235
-100,20,18255
5,2,18257
10,1,18258
-40,11,18269
-20,7,18276
0,3,18279
-20,7,18286
-45,12,18298
10,1,18299
-10,5,18304
-100,20,18324
-25,5,18329
-25,8,18337
-55,14,18351
-10,5,18356
-40,11,18367
0,3,18370
10,1,18371
-30,9,18380
-30,9,18389
-15,3,18392
5,2,18394
-100,20,18414
-15,6,18420
-5,4,18424
-5,4,18428
-45,12,18440
-5,1,18441
-10,5,18446
-10,5,18451
-5,4,18455
-45,12,18467
0,3,18470
5,2,18472
-25,8,18480
-5,4,18484
-60,15,18499
5,2,18501
5,2,18503
-45,12,18515
-80,19,18534
-5,4,18538
-85,20,18558
0,3,18561
-15,6,18567
-35,10,18577
-15,6,18583
-30,9,18592
-20,7,18599
0,3,18602
10,1,18603
-25,8,18611
-100,20,18631
-100,20,18651
-5,4,18655
10,1,18656
-15,3,18659
-35,10,18669
-100,20,18689
5,2,18691
0,3,18694
0,3,18697
-100,20,18717
0,3,18720
-45,9,18729
10,1,18730
-15,6,18736
-5,4,18740
-5,4,18744
-20,7,18751
-40,11,18762
10,1,18763
-25,8,18771
-35,10,18781
-100,20,18801
-100,20,18821
-10,5,18826
-10,5,18831
-5,4,18835
10,1,18836
-35,10,18846
-100,20,18866
-20,7,18873
-35,10,18883
0,3,18886
5,2,18888
-25,8,18896
10,1,18897
-30,9,18906
10,1,18907
10,1,18908
-60,15,18923
-35,10,18933
5,2,18935
10,1,18936
-15,3,18939
-20,7,18946
10,1,18947
0,3,18950
5,2,18952
-5,4,18956
-10,5,18961
-10,2,18963
-100,20,18983
-10,5,18988
-65,16,19004
-35,10,19014
10,1,19015
-5,4,19019
-15,6,19025
-45,12,19037
-100,20,19057
-15,6,19063
-20,7,19070
10,1,19071
-25,8,19079
-100,20,19099
10,1,19100
0,3,19103
-20,4,19107
-35,10,19117
-35,10,19127
-35,10,19137
5,2,19139
-60,15,19154
-40,8,19162
-50,10,19172
-5,4,19176
-50,13,19189
-45,12,19201
-75,18,19219
-10,5,19224
-85,20,19244
-15,6,19250
10,1,19251
-10,5,19256
10,1,19257
10,1,19258
-5,4,19262
-5,4,19266
-30,9,19275
-10,5,19280
-5,4,19284
-50,10,19294
-45,12,19306
0,3,19309
-65,13,19322
-35,7,19329
0,3,19332
-50,13,19345
-100,20,19365
-5,4,19369
-80,19,19388
-5,4,19392
-80,19,19411
-20,7,19418
-100,20,19438
-100,20,19458
0,3,19461
-60,15,19476
-100,20,19496
-25,8,19504
10,1,19505
10,1,19506
10,1,19507
10,1,19508
-15,6,19514
-5,4,19518
10,1,19519
-35,7,19526
-25,8,19534
-20,7,19541
-5,4,19545
-35,7,19552
10,1,19553
-100,20,19573
5,2,19575
-10,2,19577
-100,20,19597
-15,6,19603
-25,5,19608
10,1,19609
-30,9,19618
-15,6,19624
5,2,19626
-100,20,19646
-30,9,19655
-45,12,19667
-20,4,19671
-15,6,19677
-5,4,19681
-30,9,19690
0,3,19693
-55,11,19704
-5,4,19708
0,3,19711
-40,11,19722
0,3,19725
0,3,19728
-50,13,19741
-55,11,19752
-45,12,19764
-10,5,19769
-100,20,19789
-25,8,19797
5,2,19799
-20,7,19806
-15,3,19809
-100,20,19829
0,3,19832
5,2,19834
0,3,19837
5,2,19839
-20,7,19846
-100,20,19866
-35,10,19876
-5,4,19880
-90,18,19898
-5,4,19902
-30,9,19911
0,3,19914
-20,7,19921
-20,7,19928
-100,20,19948
-60,15,19963
-55,11,19974
-5,4,19978
-50,13,19991
-100,20,20011
-25,8,20019
-100,20,20039
-20,7,20046
5,2,20048
10,1,20049
0,3,20052
-100,20,20072
-30,9,20081
-5,1,20082
0,3,20085
10,1,20086
5,2,20088
-35,7,20095
5,2,20097
-20,7,20104
-5,1,20105
-20,7,20112
-45,12,20124
-100,20,20144
10,1,20145
0,3,20148
-40,8,20156
-20,7,20163
-5,4,20167
5,2,20169
-10,5,20174
0,3,20177
0,3,20180
-5,4,20184
-100,20,20204
-35,7,20211
-100,20,20231
-15,6,20237
-50,10,20247
0,3,20250
5,2,20252
-45,12,20264
5,2,20266
-100,20,20286
5,2,20288
10,1,20289
-20,7,20296
0,3,20299
10,1,20300
-100,20,20320
-35,10,20330
-5,4,20334
0,3,20337
-100,20,20357
-5,4,20361
-100,20,20381
-50,10,20391
-10,5,20396
5,2,20398
-100,20,20418
-20,7,20425
0,3,20428
-60,12,20440
-15,6,20446
-75,15,20461
5,2,20463
-15,3,20466
5,2,20468
-5,4,20472
-25,8,20480
-60,12,20492
-35,10,20502
-5,4,20506
-15,6,20512
10,1,20513
-30,6,20519
-100,20,20539
0,3,20542
5,2,20544
-20,7,20551
5,2,20553
-10,5,20558
10,1,20559
5,2,20561
-35,10,20571
-15,3,20574
-20,7,20581
-100,20,20601
-35,10,20611
-5,4,20615
-50,13,20628
-5,4,20632
5,2,20634
10,1,20635
5,2,20637
10,1,20638
-100,20,20658
0,3,20661
-40,11,20672
-75,18,20690
-10,5,20695
0,3,20698
10,1,20699
5,2,20701
-45,12,20713
-30,9,20722
-100,20,20742
0,3,20745
-70,17,20762
5,2,20764
-50,13,20777
-30,9,20786
-15,3,20789
5,2,20791
-25,8,20799
10,1,20800
-50,10,20810
-80,16,20826
5,2,20828
-5,4,20832
10,1,20833
10,1,20834
10,1,20835
10,1,20836
-5,4,20840
-5,4,20844
-25,5,20849
5,2,20851
-20,4,20855
-35,10,20865
-35,10,20875
10,1,20876
-100,20,20896
10,1,20897
-5,4,20901
-30,9,20910
10,1,20911
-35,7,20918
0,3,20921
10,1,20922
-70,17,20939
-70,17,20956
0,3,20959
-10,5,20964
-25,5,20969
-30,9,20978
-10,2,20980
-35,10,20990
-20,7,20997
-30,9,21006
-15,6,21012
10,1,21013
-15,6,21019
-15,6,21025
-100,20,21045
-5,1,21046
-35,10,21056
0,3,21059
-100,20,21079
-100,20,21099
-20,7,21106
-100,20,21126
-10,5,21131
-20,7,21138
-45,12,21150
0,3,21153
-100,20,21173
-65,16,21189
-70,14,21203
-35,10,21213
10,1,21214
5,2,21216
-10,5,21221
10,1,21222
-35,7,21229
-30,9,21238
-20,7,21245
5,2,21247
5,2,21249
0,3,21252
-65,16,21268
-25,8,21276
5,2,21278
-30,6,21284
10,1,21285
0,3,21288
-75,15,21303
-55,14,21317
-100,20,21337
10,1,21338
10,1,21339
-10,5,21344
-40,11,21355
-20,7,21362
-55,14,21376
-10,2,21378
5,2,21380
0,3,21383
-25,8,21391
-20,7,21398
-20,7,21405
-70,14,21419
10,1,21420
-60,12,21432
0,3,21435
-25,8,21443
-5,4,21447
-15,6,21453
-60,15,21468
0,3,21471
5,2,21473
0,3,21476
-65,13,21489
-40,11,21500
5,2,21502
10,1,21503
-55,11,21514
10,1,21515
0,3,21518
-15,3,21521
-40,11,21532
-100,20,21552
-15,6,21558
-5,1,21559
5,2,21561
-100,20,21581
-15,6,21587
-100,20,21607
5,2,21609
-100,20,21629
-20,7,21636
5,2,21638
-65,16,21654
-20,7,21661
10,1,21662
-50,13,21675
-25,8,21683
-15,3,21686
-100,20,21706
-50,13,21719
-35,10,21729
-75,18,21747
-75,15,21762
-30,9,21771
0,3,21774
5,2,21776
-45,12,21788
0,3,21791
-100,20,21811
-20,7,21818
-20,4,21822
-65,13,21835
-5,1,21836
5,2,21838
-35,10,21848
-10,5,21853
10,1,21854
-30,9,21863
-15,6,21869
-15,6,21875
-25,8,21883
-20,4,21887
-15,6,21893
-50,13,21906
5,2,21908
-25,8,21916
5,2,21918
-5,1,21919
10,1,21920
-10,5,21925
-35,10,21935
-35,10,21945
-40,11,21956
-100,20,21976
5,2,21978
-10,5,21983
0,3,21986
-100,20,22006
5,2,22008
-5,4,22012
5,2,22014
0,3,22017
-100,20,22037
-40,8,22045
5,2,22047
-40,11,22058
-85,20,22078
-55,14,22092
10,1,22093
-10,5,22098
-10,2,22100
-100,20,22120
-50,13,22133
-50,13,22146
-40,8,22154
-100,20,22174
5,2,22176
-100,20,22196
10,1,22197
-10,5,22202
-30,9,22211
-5,4,22215
-100,20,22235
10,1,22236
-15,6,22242
5,2,22244
-20,7,22251
5,2,22253
0,3,22256
-65,13,22269
10,1,22270
10,1,22271
-30,9,22280
-15,6,22286
-25,8,22294
-10,5,22299
-15,6,22305
-5,1,22306
10,1,22307
-30,6,22313
-100,20,22333
5,2,22335
10,1,22336
5,2,22338
-35,10,22348
-50,13,22361
-100,20,22381
5,2,22383
-55,14,22397
5,2,22399
-5,4,22403
10,1,22404
0,3,22407
5,2,22409
0,3,22412
-20,7,22419
5,2,22421
-50,13,22434
0,3,22437
5,2,22439
-25,5,22444
5,2,22446
-40,11,22457
-5,4,22461
-25,8,22469
10,1,22470
-10,5,22475
-30,9,22484
10,1,22485
-60,15,22500
-55,11,22511
-100,20,22531
-50,13,22544
-5,4,22548
10,1,22549
0,3,22552
-15,6,22558
-20,7,22565
10,1,22566
-50,10,22576
-100,20,22596
-40,11,22607
-15,6,22613
-25,8,22621
-100,20,22641
-5,4,22645
-30,9,22654
-30,9,22663
-10,5,22668
-10,5,22673
-65,13,22686
-30,9,22695
-35,10,22705
-100,20,22725
-30,9,22734
5,2,22736
-100,20,22756
-5,4,22760
-20,4,22764
-5,4,22768
10,1,22769
-25,8,22777
-60,15,22792
10,1,22793
5,2,22795
-15,3,22798
-5,4,22802
-15,6,22808
-30,9,22817
10,1,22818
0,3,22821
-10,5,22826
-10,5,22831
-85,20,22851
-100,20,22871
5,2,22873
5,2,22875
-35,10,22885
-20,7,22892
-5,4,22896
5,2,22898
10,1,22899
0,3,22902
0,3,22905
-100,20,22925
-20,7,22932
10,1,22933
-5,4,22937
5,2,22939
10,1,22940
-35,10,22950
-75,18,22968
-30,9,22977
-80,16,22993
-25,8,23001
-50,13,23014
-5,4,23018
10,1,23019
-20,7,23026
-100,20,23046
-85,20,23066
-15,3,23069
-70,17,23086
-10,5,23091
-25,8,23099
5,2,23101
10,1,23102
10,1,23103
5,2,23105
-5,4,23109
0,3,23112
-5,4,23116
-15,6,23122
-100,20,23142
10,1,23143
5,2,23145
-20,7,23152
-40,11,23163
-5,4,23167
10,1,23168
-15,6,23174
-60,15,23189
5,2,23191
-20,7,23198
-35,10,23208
-20,7,23215
-15,3,23218
-40,8,23226
10,1,23227
-5,4,23231
-25,8,23239
-100,20,23259
-35,10,23269
-50,13,23282
5,2,23284
10,1,23285
5,2,23287
-30,9,23296
-15,6,23302
-15,6,23308
-5,4,23312
-100,20,23332
-25,8,23340
-20,7,23347
10,1,23348
-15,6,23354
-30,9,23363
-100,20,23383
-70,17,23400
-40,11,23411
-10,5,23416
10,1,23417
-10,5,23422
-20,7,23429
0,3,23432
-20,7,23439
-35,10,23449
10,1,23450
-10,2,23452
-5,4,23456
-10,5,23461
0,3,23464
-50,13,23477
-35,7,23484
-100,20,23504
10,1,23505
10,1,23506
5,2,23508
-15,6,23514
-20,7,23521
-25,5,23526
0,3,23529
-10,5,23534
-30,9,23543
-20,7,23550
-10,2,23552
10,1,23553
-60,12,23565
10,1,23566
-20,4,23570
-10,5,23575
-10,5,23580
0,3,23583
-15,6,23589
-5,1,23590
5,2,23592
-75,18,23610
-15,6,23616
-40,11,23627
-5,1,23628
5,2,23630
-50,10,23640
-15,6,23646
-25,8,23654
5,2,23656
-5,4,23660
-5,4,23664
5,2,23666
5,2,23668
0,3,23671
-30,9,23680
-10,2,23682
-40,11,23693
-40,11,23704
10,1,23705
-40,11,23716
-50,13,23729
-20,7,23736
10,1,23737
0,3,23740
-35,10,23750
5,2,23752
5,2,23754
5,2,23756
-30,9,23765
-100,20,23785
-20,4,23789
5,2,23791
10,1,23792
-5,4,23796
0,3,23799
5,2,23801
-20,7,23808
-40,11,23819
-55,14,23833
-100,20,23853
-30,9,23862
-15,6,23868
-30,9,23877
-5,4,23881
10,1,23882
0,3,23885
-15,6,23891
-15,6,23897
-100,20,23917
-20,4,23921
-15,3,23924
-30,6,23930
5,2,23932
10,1,23933
-100,20,23953
0,3,23956
0,3,23959
10,1,23960
5,2,23962
-5,1,23963
5,2,23965
-25,8,23973
-15,6,23979
10,1,23980
-15,6,23986
10,1,23987
10,1,23988
-30,9,23997
0,3,24000
-100,20,24020
-5,4,24024
-100,20,24044
-40,11,24055
-35,10,24065
-15,6,24071
-60,12,24083
-100,20,24103
-20,7,24110
10,1,24111
-15,3,24114
-20,4,24118
-15,6,24124
-30,9,24133
-20,4,24137
0,3,24140
-30,9,24149
-45,12,24161
-35,7,24168
-20,7,24175
5,2,24177
-10,5,24182
0,3,24185
0,3,24188
-5,1,24189
-20,7,24196
10,1,24197
-60,12,24209
-30,6,24215
-85,17,24232
5,2,24234
-5,4,24238
-100,20,24258
-70,17,24275
-45,12,24287
0,3,24290
-50,10,24300
-25,8,24308
5,2,24310
10,1,24311
-65,13,24324
10,1,24325
-60,12,24337
0,3,24340
-25,8,24348
-40,11,24359
-20,7,24366
10,1,24367
-5,1,24368
-10,5,24373
-30,6,24379
-35,10,24389
-20,7,24396
-40,8,24404
10,1,24405
5,2,24407
-70,17,24424
5,2,24426
-15,3,24429
-10,5,24434
0,3,24437
-5,4,24441
-10,5,24446
-25,5,24451
-5,4,24455
-45,12,24467
0,3,24470
-70,17,24487
0,3,24490
10,1,24491
-55,11,24502
5,2,24504
5,2,24506
-70,17,24523
-10,5,24528
10,1,24529
-10,5,24534
-35,10,24544
10,1,24545
-100,20,24565
10,1,24566
-35,7,24573
-100,20,24593
10,1,24594
-10,5,24599
10,1,24600
-40,8,24608
-20,7,24615
-40,11,24626
-100,20,24646
0,3,24649
-20,7,24656
10,1,24657
0,3,24660
-100,20,24680
-25,8,24688
10,1,24689
-60,15,24704
-100,20,24724
-10,5,24729
-40,11,24740
-25,8,24748
-20,7,24755
-20,7,24762
-70,17,24779
5,2,24781
-10,2,24783
-95,19,24802
-15,6,24808
-35,10,24818
10,1,24819
-5,4,24823
10,1,24824
10,1,24825
10,1,24826
-10,5,24831
-5,4,24835
-35,10,24845
-40,11,24856
-15,6,24862
10,1,24863
10,1,24864
-15,6,24870
-65,13,24883
-45,12,24895
10,1,24896
-100,20,24916
-35,10,24926
-35,10,24936
-50,10,24946
10,1,24947
-10,5,24952
5,2,24954
-25,8,24962
0,3,24965
10,1,24966
0,3,24969
10,1,24970
-40,11,24981
-40,11,24992
10,1,24993
0,3,24996
0,3,24999
-5,4,25003
-15,6,25009
0,3,25012
-30,9,25021
10,1,25022
10,1,25023
5,2,25025
-5,4,25029
-35,10,25039
-100,20,25059
10,1,25060
10,1,25061
5,2,25063
-100,20,25083
-5,4,25087
5,2,25089
-25,8,25097
-25,5,25102
-30,9,25111
-30,6,25117
-100,20,25137
-10,5,25142
-40,11,25153
-60,15,25168
-75,15,25183
-30,9,25192
-20,7,25199
0,3,25202
-10,5,25207
-30,9,25216
-60,12,25228
-5,4,25232
-5,4,25236
-5,4,25240
5,2,25242
5,2,25244
-30,6,25250
-85,20,25270
-65,16,25286
-100,20,25306
10,1,25307
10,1,25308
-15,3,25311
5,2,25313
5,2,25315
-60,15,25330
-100,20,25350
10,1,25351
-10,5,25356
-20,7,25363
-30,9,25372
-100,20,25392
5,2,25394
5,2,25396
-5,4,25400
-25,5,25405
-20,7,25412
-85,17,25429
-10,5,25434
-45,9,25443
10,1,25444
-10,2,25446
-10,2,25448
-30,9,25457
-15,3,25460
0,3,25463
-60,15,25478
0,3,25481
-15,3,25484
-100,20,25504
10,1,25505
-35,10,25515
-30,9,25524
0,3,25527
-25,8,25535
-15,6,25541
5,2,25543
10,1,25544
10,1,25545
-20,7,25552
-40,11,25563
-50,13,25576
5,2,25578
-25,8,25586
-15,3,25589
-10,2,25591
-60,12,25603
0,3,25606
-20,7,25613
-10,5,25618
5,2,25620
5,2,25622
5,2,25624
-80,16,25640
-30,9,25649
-80,19,25668
0,3,25671
-15,6,25677
5,2,25679
-20,7,25686
-50,13,25699
-5,4,25703
-15,6,25709
-40,11,25720
10,1,25721
-100,20,25741
10,1,25742
-35,10,25752
-10,2,25754
10,1,25755
-40,8,25763
-5,4,25767
-10,2,25769
-100,20,25789
10,1,25790
-25,8,25798
-10,2,25800
-40,11,25811
-100,20,25831
-10,5,25836
-45,12,25848
0,3,25851
-65,13,25864
-10,5,25869
-25,8,25877
-10,5,25882
-35,10,25892
10,1,25893
-5,4,25897
-35,7,25904
10,1,25905
10,1,25906
-65,16,25922
-5,4,25926
-10,5,25931
-45,12,25943
-30,6,25949
-30,9,25958
-15,6,25964
0,3,25967
-15,6,25973
-5,4,25977
-20,7,25984
5,2,25986
-50,13,25999
-40,11,26010
-30,9,26019
0,3,26022
5,2,26024
-75,18,26042
5,2,26044
-20,7,26051
-65,16,26067
-15,6,26073
-85,20,26093
-40,11,26104
0,3,26107
-10,5,26112
-25,5,26117
10,1,26118
-45,12,26130
5,2,26132
-35,10,26142
-5,4,26146
-10,5,26151
-25,8,26159
10,1,26160
-10,5,26165
-20,4,26169
-10,5,26174
10,1,26175
-100,20,26195
10,1,26196
10,1,26197
10,1,26198
-10,5,26203
0,3,26206
10,1,26207
10,1,26208
-60,15,26223
-5,4,26227
-10,5,26232
-100,20,26252
10,1,26253
-70,17,26270
-30,6,26276
-30,6,26282
-95,19,26301
-45,9,26310
10,1,26311
-10,2,26313
-50,13,26326
-35,7,26333
-10,5,26338
-50,13,26351
5,2,26353
-5,4,26357
-20,4,26361
-30,9,26370
-30,9,26379
-70,17,26396
-45,12,26408
-35,10,26418
-5,4,26422
-25,8,26430
-40,11,26441
-35,10,26451
-45,12,26463
-5,4,26467
-10,5,26472
-15,6,26478
-45,12,26490
-5,4,26494
10,1,26495
-10,5,26500
5,2,26502
-35,10,26512
5,2,26514
-55,14,26528
5,2,26530
-20,4,26534
10,1,26535
0,3,26538
5,2,26540
-15,3,26543
-70,17,26560
-20,7,26567
-5,4,26571
-35,10,26581
-30,9,26590
-10,5,26595
-100,20,26615
-75,18,26633
10,1,26634
10,1,26635
-15,6,26641
-35,10,26651
0,3,26654
-10,5,26659
-55,11,26670
10,1,26671
5,2,26673
-100,20,26693
5,2,26695
-5,1,26696
5,2,26698
-55,14,26712
0,3,26715
-10,5,26720
-5,4,26724
-20,7,26731
5,2,26733
10,1,26734
-20,7,26741
-10,5,26746
10,1,26747
-5,4,26751
10,1,26752
10,1,26753
-20,7,26760
-35,10,26770
-55,14,26784
-5,4,26788
-35,10,26798
-100,20,26818
-30,9,26827
0,3,26830
-100,20,26850
5,2,26852
-10,2,26854
-5,4,26858
-100,20,26878
-5,4,26882
-15,6,26888
-35,10,26898
-35,7,26905
-55,14,26919
-5,4,26923
-100,20,26943
0,3,26946
-15,6,26952
10,1,26953
-20,7,26960
0,3,26963
-90,18,26981
-35,10,26991
10,1,26992
-45,12,27004
-5,4,27008
-5,4,27012
0,3,27015
-15,6,27021
-15,3,27024
-100,20,27044
-10,5,27049
-10,2,27051
-100,20,27071
-15,6,27077
-10,2,27079
-20,7,27086
-10,2,27088
