episode_return,episode_length,total_steps
0,0,0
4,6,6
6,4,10
9,1,11
-18,16,27
-30,20,47
6,4,51
-7,13,64
-6,9,73
-5,11,84
-29,20,104
9,1,105
-31,20,125
9,1,126
-1,9,135
8,2,137
-9,13,150
-21,18,168
-37,20,188
9,1,189
-12,13,202
-23,20,222
6,4,226
-36,20,246
-33,20,266
6,4,270
-10,11,281
-17,16,297
9,1,298
-34,20,318
-39,20,338
-20,18,356
-6,11,367
-11,13,380
-9,12,392
-36,20,412
9,1,413
0,6,419
-21,17,436
-32,20,456
7,3,459
-18,17,476
0,7,483
-3,8,491
2,6,497
4,6,503
-17,20,523
2,6,529
-35,20,549
5,4,553
2,5,558
-3,8,566
8,2,568
-11,12,580
8,2,582
8,2,584
-9,14,598
5,5,603
9,1,604
9,1,605
9,1,606
7,3,609
6,4,613
-3,9,622
-1,8,630
7,3,633
5,5,638
-4,10,648
5,5,653
-11,12,665
0,7,672
9,1,673
7,3,676
8,2,678
-4,10,688
9,1,689
9,1,690
-7,11,701
9,1,702
5,5,707
8,2,709
4,6,715
8,2,717
8,2,719
9,1,720
9,1,721
8,2,723
9,1,724
9,1,725
5,4,729
9,1,730
9,1,731
-40,20,751
5,4,755
3,5,760
9,1,761
8,2,763
6,4,767
9,1,768
9,1,769
1,7,776
9,1,777
9,1,778
8,2,780
7,3,783
-3,13,796
4,4,800
9,1,801
-1,10,811
9,1,812
6,3,815
4,5,820
6,4,824
9,1,825
8,2,827
8,2,829
5,4,833
9,1,834
9,1,835
5,4,839
6,4,843
5,5,848
5,4,852
3,6,858
5,4,862
5,4,866
9,1,867
5,4,871
-3,8,879
4,5,884
4,5,889
6,3,892
4,5,897
5,4,901
4,5,906
4,5,911
4,5,916
4,5,921
9,1,922
5,4,926
3,6,932
6,3,935
9,1,936
9,1,937
9,1,938
7,3,941
6,4,945
9,1,946
3,6,952
6,3,955
6,3,958
6,3,961
6,4,965
6,3,968
5,4,972
5,4,976
5,4,980
7,3,983
6,3,986
6,3,989
4,5,994
6,3,997
5,4,1001
7,3,1004
5,4,1008
6,3,1011
7,3,1014
9,1,1015
9,1,1016
6,3,1019
6,4,1023
6,3,1026
9,1,1027
7,3,1030
6,3,1033
6,3,1036
6,3,1039
6,4,1043
9,1,1044
8,2,1046
6,3,1049
4,5,1054
9,1,1055
4,4,1059
5,4,1063
6,3,1066
7,3,1069
6,3,1072
6,3,1075
6,3,1078
6,4,1082
7,3,1085
6,4,1089
5,4,1093
7,3,1096
9,1,1097
6,3,1100
6,3,1103
7,3,1106
7,3,1109
6,3,1112
9,1,1113
6,3,1116
9,1,1117
6,3,1120
6,3,1123
6,3,1126
5,4,1130
6,3,1133
9,1,1134
5,4,1138
4,4,1142
9,1,1143
6,3,1146
9,1,1147
5,4,1151
6,3,1154
6,3,1157
6,3,1160
6,3,1163
7,3,1166
6,3,1169
6,3,1172
6,3,1175
6,3,1178
6,4,1182
6,3,1185
6,3,1188
6,3,1191
6,3,1194
6,3,1197
6,3,1200
6,3,1203
6,3,1206
5,4,1210
5,4,1214
6,3,1217
7,3,1220
6,3,1223
7,3,1226
6,3,1229
4,5,1234
6,3,1237
7,3,1240
5,4,1244
6,3,1247
9,1,1248
6,3,1251
6,3,1254
9,1,1255
9,1,1256
7,3,1259
9,1,1260
7,3,1263
6,3,1266
9,1,1267
6,3,1270
6,3,1273
6,3,1276
6,3,1279
9,1,1280
6,3,1283
6,3,1286
6,3,1289
7,3,1292
6,3,1295
6,4,1299
6,3,1302
6,3,1305
6,3,1308
6,4,1312
6,3,1315
4,4,1319
5,4,1323
6,3,1326
6,3,1329
6,3,1332
7,3,1335
6,3,1338
5,4,1342
6,3,1345
6,3,1348
6,3,1351
6,3,1354
6,3,1357
4,5,1362
6,3,1365
7,3,1368
7,3,1371
6,3,1374
6,3,1377
7,3,1380
6,3,1383
8,2,1385
5,4,1389
6,3,1392
6,3,1395
6,4,1399
7,3,1402
4,5,1407
5,4,1411
7,3,1414
6,3,1417
8,2,1419
6,3,1422
7,3,1425
6,3,1428
5,4,1432
6,3,1435
4,4,1439
6,3,1442
7,3,1445
7,3,1448
6,3,1451
5,4,1455
5,4,1459
5,4,1463
6,3,1466
6,3,1469
6,3,1472
6,3,1475
5,4,1479
5,4,1483
3,5,1488
6,3,1491
6,3,1494
7,3,1497
6,3,1500
6,4,1504
6,3,1507
5,4,1511
6,3,1514
5,4,1518
6,3,1521
6,3,1524
6,3,1527
6,3,1530
6,3,1533
7,3,1536
4,5,1541
6,3,1544
5,4,1548
6,3,1551
6,3,1554
7,3,1557
9,1,1558
6,3,1561
3,5,1566
7,3,1569
6,3,1572
9,1,1573
6,3,1576
9,1,1577
5,4,1581
6,3,1584
5,4,1588
6,3,1591
6,3,1594
5,4,1598
6,4,1602
6,4,1606
6,3,1609
6,3,1612
0,7,1619
6,3,1622
6,3,1625
7,3,1628
9,1,1629
6,3,1632
6,3,1635
4,4,1639
6,3,1642
6,3,1645
0,8,1653
9,1,1654
6,3,1657
5,4,1661
6,3,1664
7,3,1667
6,3,1670
6,3,1673
7,3,1676
6,4,1680
0,6,1686
6,3,1689
6,3,1692
6,4,1696
6,3,1699
6,4,1703
6,3,1706
6,3,1709
1,6,1715
6,3,1718
6,4,1722
6,3,1725
6,4,1729
6,3,1732
6,3,1735
6,3,1738
2,6,1744
6,3,1747
6,3,1750
6,3,1753
5,4,1757
6,3,1760
6,3,1763
6,3,1766
6,3,1769
6,3,1772
6,3,1775
5,4,1779
4,4,1783
6,3,1786
6,3,1789
4,4,1793
6,3,1796
6,3,1799
6,4,1803
5,4,1807
8,2,1809
6,4,1813
7,3,1816
4,5,1821
5,4,1825
2,5,1830
6,3,1833
9,1,1834
4,5,1839
9,1,1840
5,4,1844
6,4,1848
6,3,1851
6,3,1854
6,3,1857
6,4,1861
6,3,1864
9,1,1865
6,3,1868
6,3,1871
5,4,1875
6,4,1879
6,3,1882
6,3,1885
6,4,1889
6,3,1892
7,3,1895
-9,11,1906
6,3,1909
6,3,1912
9,1,1913
6,3,1916
7,3,1919
5,4,1923
6,3,1926
6,3,1929
-19,17,1946
1,6,1952
6,3,1955
5,4,1959
9,1,1960
-8,10,1970
6,3,1973
6,3,1976
8,2,1978
8,2,1980
6,3,1983
6,3,1986
3,5,1991
3,5,1996
-2,8,2004
9,1,2005
6,3,2008
7,3,2011
6,3,2014
7,3,2017
6,3,2020
9,1,2021
6,3,2024
4,5,2029
7,3,2032
6,4,2036
6,3,2039
2,5,2044
9,1,2045
4,4,2049
7,3,2052
4,4,2056
-12,12,2068
9,1,2069
4,4,2073
7,3,2076
4,4,2080
6,3,2083
2,5,2088
9,1,2089
0,7,2096
6,3,2099
9,1,2100
9,1,2101
9,1,2102
6,3,2105
6,3,2108
6,3,2111
7,3,2114
3,5,2119
7,3,2122
6,3,2125
6,3,2128
5,4,2132
7,3,2135
6,3,2138
5,4,2142
6,3,2145
5,4,2149
7,3,2152
6,4,2156
9,1,2157
4,4,2161
5,4,2165
7,3,2168
6,3,2171
8,2,2173
-4,8,2181
5,4,2185
9,1,2186
8,2,2188
3,5,2193
4,5,2198
5,4,2202
6,3,2205
7,3,2208
7,3,2211
5,4,2215
9,1,2216
5,4,2220
6,3,2223
5,4,2227
6,3,2230
7,3,2233
8,2,2235
5,4,2239
5,4,2243
9,1,2244
5,4,2248
6,4,2252
6,3,2255
7,2,2257
5,4,2261
6,3,2264
7,3,2267
4,4,2271
6,3,2274
4,5,2279
4,4,2283
4,4,2287
6,3,2290
9,1,2291
6,3,2294
2,5,2299
6,3,2302
5,4,2306
6,4,2310
6,3,2313
6,3,2316
6,4,2320
9,1,2321
6,3,2324
6,3,2327
6,3,2330
5,5,2335
8,2,2337
9,1,2338
6,3,2341
3,5,2346
9,1,2347
6,3,2350
6,3,2353
6,3,2356
7,3,2359
6,3,2362
3,5,2367
5,4,2371
6,3,2374
6,3,2377
6,3,2380
6,4,2384
6,3,2387
6,3,2390
5,4,2394
6,3,2397
7,3,2400
9,1,2401
4,5,2406
3,5,2411
7,3,2414
6,3,2417
7,2,2419
0,6,2425
7,3,2428
3,5,2433
9,1,2434
7,3,2437
2,7,2444
6,3,2447
6,3,2450
6,3,2453
4,4,2457
6,3,2460
3,5,2465
6,3,2468
7,3,2471
3,5,2476
6,3,2479
5,4,2483
6,3,2486
7,3,2489
8,2,2491
9,1,2492
6,3,2495
6,3,2498
9,1,2499
6,3,2502
7,3,2505
5,4,2509
6,3,2512
6,3,2515
4,5,2520
6,3,2523
6,3,2526
9,1,2527
5,4,2531
6,3,2534
9,1,2535
9,1,2536
9,1,2537
5,4,2541
5,4,2545
6,3,2548
6,3,2551
9,1,2552
6,3,2555
4,5,2560
4,5,2565
4,5,2570
7,3,2573
6,3,2576
6,4,2580
8,2,2582
0,6,2588
6,3,2591
5,4,2595
4,5,2600
5,4,2604
7,3,2607
9,1,2608
8,2,2610
5,4,2614
5,4,2618
8,2,2620
6,3,2623
3,6,2629
9,1,2630
6,3,2633
5,4,2637
9,1,2638
5,4,2642
6,4,2646
7,3,2649
8,2,2651
9,1,2652
5,4,2656
7,3,2659
6,3,2662
9,1,2663
6,3,2666
4,5,2671
6,4,2675
6,3,2678
9,1,2679
5,4,2683
6,4,2687
6,4,2691
9,1,2692
9,1,2693
6,3,2696
5,4,2700
7,3,2703
6,4,2707
6,3,2710
5,4,2714
6,3,2717
9,1,2718
6,3,2721
5,4,2725
5,4,2729
5,4,2733
6,3,2736
5,4,2740
9,1,2741
9,1,2742
6,3,2745
4,4,2749
9,1,2750
6,3,2753
6,3,2756
6,3,2759
8,2,2761
6,4,2765
6,3,2768
4,5,2773
9,1,2774
4,5,2779
6,3,2782
3,5,2787
9,1,2788
6,3,2791
6,3,2794
6,3,2797
6,3,2800
2,5,2805
6,3,2808
6,4,2812
4,4,2816
6,4,2820
9,1,2821
6,4,2825
6,3,2828
6,3,2831
4,5,2836
5,4,2840
9,1,2841
6,3,2844
5,4,2848
4,4,2852
7,3,2855
8,2,2857
3,5,2862
5,4,2866
5,4,2870
3,5,2875
6,3,2878
6,3,2881
6,3,2884
6,3,2887
6,3,2890
5,4,2894
6,3,2897
1,6,2903
6,3,2906
6,3,2909
5,4,2913
7,3,2916
5,4,2920
7,3,2923
6,3,2926
5,4,2930
9,1,2931
5,4,2935
5,4,2939
4,5,2944
9,1,2945
6,3,2948
6,3,2951
6,3,2954
6,3,2957
6,3,2960
6,3,2963
4,5,2968
6,3,2971
9,1,2972
6,3,2975
9,1,2976
4,5,2981
6,3,2984
9,1,2985
9,1,2986
6,3,2989
5,4,2993
7,3,2996
9,1,2997
6,3,3000
9,1,3001
6,3,3004
9,1,3005
4,5,3010
5,4,3014
5,4,3018
6,3,3021
5,4,3025
6,3,3028
4,4,3032
7,3,3035
6,3,3038
9,1,3039
9,1,3040
6,4,3044
5,4,3048
5,4,3052
7,3,3055
5,4,3059
6,3,3062
6,3,3065
4,5,3070
7,3,3073
9,1,3074
8,2,3076
6,3,3079
9,1,3080
9,1,3081
9,1,3082
5,4,3086
6,3,3089
-2,8,3097
5,4,3101
7,3,3104
-5,9,3113
3,5,3118
6,3,3121
4,5,3126
6,3,3129
9,1,3130
5,4,3134
6,3,3137
4,5,3142
6,3,3145
6,3,3148
7,3,3151
6,3,3154
9,1,3155
5,4,3159
6,3,3162
6,3,3165
6,3,3168
9,1,3169
6,4,3173
6,3,3176
6,3,3179
6,3,3182
5,4,3186
6,3,3189
5,4,3193
9,1,3194
8,2,3196
5,4,3200
5,4,3204
3,6,3210
6,3,3213
5,4,3217
6,3,3220
9,1,3221
6,3,3224
6,3,3227
6,3,3230
4,5,3235
7,3,3238
4,4,3242
5,4,3246
6,3,3249
5,4,3253
9,1,3254
9,1,3255
7,3,3258
6,3,3261
9,1,3262
9,1,3263
6,3,3266
9,1,3267
6,3,3270
4,4,3274
6,3,3277
5,3,3280
8,2,3282
9,1,3283
5,4,3287
5,4,3291
5,4,3295
6,3,3298
9,1,3299
5,4,3303
6,4,3307
6,3,3310
9,1,3311
6,3,3314
9,1,3315
5,5,3320
5,4,3324
5,4,3328
6,3,3331
4,5,3336
3,5,3341
6,3,3344
9,1,3345
8,2,3347
8,2,3349
5,4,3353
9,1,3354
6,3,3357
7,3,3360
6,3,3363
9,1,3364
7,3,3367
6,4,3371
6,4,3375
6,3,3378
6,3,3381
4,4,3385
4,5,3390
6,4,3394
9,1,3395
6,3,3398
9,1,3399
9,1,3400
5,4,3404
6,3,3407
6,4,3411
5,4,3415
9,1,3416
5,4,3420
6,3,3423
6,3,3426
6,3,3429
6,3,3432
6,3,3435
6,3,3438
6,3,3441
9,1,3442
6,4,3446
7,3,3449
9,1,3450
9,1,3451
6,3,3454
7,3,3457
6,3,3460
9,1,3461
3,5,3466
6,3,3469
7,3,3472
6,3,3475
6,3,3478
9,1,3479
6,3,3482
6,3,3485
5,4,3489
9,1,3490
6,3,3493
7,3,3496
5,4,3500
4,5,3505
8,2,3507
5,4,3511
6,3,3514
3,5,3519
7,3,3522
5,4,3526
6,3,3529
6,3,3532
9,1,3533
6,3,3536
6,3,3539
5,4,3543
5,4,3547
5,4,3551
6,4,3555
9,1,3556
6,3,3559
9,1,3560
5,4,3564
6,3,3567
5,4,3571
9,1,3572
7,3,3575
0,7,3582
3,5,3587
6,3,3590
9,1,3591
5,4,3595
9,1,3596
5,4,3600
9,1,3601
9,1,3602
5,4,3606
9,1,3607
9,1,3608
5,4,3612
7,3,3615
9,1,3616
7,3,3619
6,3,3622
5,4,3626
5,4,3630
9,1,3631
5,4,3635
9,1,3636
9,1,3637
7,3,3640
5,4,3644
6,3,3647
6,3,3650
6,3,3653
6,3,3656
7,3,3659
6,3,3662
6,4,3666
9,1,3667
9,1,3668
3,5,3673
9,1,3674
5,4,3678
5,4,3682
1,6,3688
6,3,3691
6,3,3694
-9,11,3705
6,3,3708
9,1,3709
6,3,3712
5,4,3716
6,4,3720
7,3,3723
4,4,3727
9,1,3728
4,4,3732
8,2,3734
6,4,3738
7,3,3741
9,1,3742
5,4,3746
6,3,3749
9,1,3750
5,4,3754
5,4,3758
9,1,3759
5,4,3763
5,4,3767
5,5,3772
6,3,3775
7,3,3778
9,1,3779
6,4,3783
8,2,3785
6,3,3788
9,1,3789
9,1,3790
8,2,3792
9,1,3793
7,3,3796
6,4,3800
5,4,3804
5,4,3808
9,1,3809
5,4,3813
9,1,3814
7,3,3817
9,1,3818
4,4,3822
6,3,3825
6,3,3828
9,1,3829
6,3,3832
9,1,3833
6,3,3836
5,4,3840
6,3,3843
6,3,3846
6,3,3849
9,1,3850
9,1,3851
7,3,3854
9,1,3855
9,1,3856
9,1,3857
5,4,3861
1,6,3867
9,1,3868
7,3,3871
6,3,3874
4,5,3879
6,4,3883
5,5,3888
9,1,3889
9,1,3890
5,4,3894
9,1,3895
4,5,3900
6,3,3903
0,6,3909
7,3,3912
9,1,3913
5,4,3917
7,3,3920
9,1,3921
6,4,3925
7,3,3928
9,1,3929
5,4,3933
6,4,3937
9,1,3938
6,3,3941
6,3,3944
9,1,3945
6,3,3948
5,4,3952
4,4,3956
6,4,3960
9,1,3961
9,1,3962
9,1,3963
6,3,3966
9,1,3967
5,4,3971
9,1,3972
7,3,3975
5,4,3979
6,4,3983
6,3,3986
5,4,3990
9,1,3991
6,3,3994
9,1,3995
8,2,3997
4,5,4002
7,3,4005
3,5,4010
9,1,4011
5,4,4015
9,1,4016
5,4,4020
9,1,4021
5,4,4025
6,3,4028
5,4,4032
9,1,4033
6,3,4036
9,1,4037
6,3,4040
6,3,4043
4,4,4047
9,1,4048
9,1,4049
9,1,4050
9,1,4051
5,4,4055
5,4,4059
8,2,4061
9,1,4062
9,1,4063
4,4,4067
5,4,4071
3,5,4076
8,2,4078
5,4,4082
7,3,4085
6,3,4088
6,4,4092
2,7,4099
9,1,4100
8,2,4102
8,2,4104
7,3,4107
5,4,4111
5,4,4115
6,3,4118
9,1,4119
8,2,4121
9,1,4122
9,1,4123
7,3,4126
2,6,4132
6,3,4135
8,2,4137
9,1,4138
9,1,4139
8,2,4141
8,2,4143
8,2,4145
5,4,4149
6,3,4152
6,4,4156
9,1,4157
5,4,4161
6,3,4164
6,4,4168
5,4,4172
6,3,4175
8,2,4177
7,3,4180
7,3,4183
7,3,4186
6,3,4189
4,4,4193
9,1,4194
7,3,4197
6,3,4200
6,3,4203
6,4,4207
6,3,4210
8,2,4212
8,2,4214
6,3,4217
9,1,4218
6,3,4221
9,1,4222
-4,9,4231
6,3,4234
5,4,4238
9,1,4239
6,3,4242
9,1,4243
9,1,4244
9,1,4245
6,4,4249
6,3,4252
6,3,4255
6,3,4258
6,3,4261
5,4,4265
6,3,4268
7,3,4271
4,5,4276
6,3,4279
5,4,4283
6,3,4286
7,3,4289
6,3,4292
6,3,4295
6,4,4299
6,3,4302
9,1,4303
6,4,4307
9,1,4308
7,3,4311
6,3,4314
5,4,4318
4,5,4323
9,1,4324
7,3,4327
5,4,4331
9,1,4332
5,4,4336
6,3,4339
5,4,4343
6,4,4347
6,3,4350
6,3,4353
8,2,4355
9,1,4356
5,4,4360
2,6,4366
6,3,4369
9,1,4370
8,2,4372
6,3,4375
9,1,4376
5,4,4380
5,4,4384
5,4,4388
6,3,4391
5,4,4395
5,4,4399
7,3,4402
7,3,4405
5,4,4409
5,4,4413
5,4,4417
6,3,4420
5,4,4424
7,3,4427
6,3,4430
9,1,4431
6,4,4435
6,4,4439
7,3,4442
6,4,4446
5,4,4450
7,3,4453
5,4,4457
9,1,4458
8,2,4460
9,1,4461
8,2,4463
6,3,4466
6,3,4469
6,3,4472
4,4,4476
7,3,4479
5,4,4483
6,3,4486
9,1,4487
6,3,4490
9,1,4491
9,1,4492
9,1,4493
7,3,4496
6,4,4500
9,1,4501
4,5,4506
9,1,4507
9,1,4508
6,4,4512
8,2,4514
9,1,4515
8,2,4517
9,1,4518
4,5,4523
6,3,4526
5,4,4530
7,3,4533
8,2,4535
9,1,4536
6,3,4539
9,1,4540
6,4,4544
2,7,4551
6,3,4554
8,2,4556
6,3,4559
9,1,4560
6,3,4563
6,4,4567
5,4,4571
5,4,4575
6,4,4579
8,2,4581
9,1,4582
9,1,4583
5,4,4587
9,1,4588
9,1,4589
5,4,4593
7,3,4596
8,2,4598
6,3,4601
5,4,4605
3,6,4611
6,3,4614
9,1,4615
7,3,4618
7,3,4621
6,4,4625
6,3,4628
8,2,4630
8,2,4632
6,3,4635
8,2,4637
7,3,4640
5,4,4644
8,2,4646
9,1,4647
9,1,4648
8,2,4650
5,4,4654
9,1,4655
6,4,4659
7,3,4662
9,1,4663
6,3,4666
9,1,4667
9,1,4668
9,1,4669
4,4,4673
8,2,4675
6,3,4678
6,3,4681
9,1,4682
4,4,4686
5,4,4690
6,3,4693
6,3,4696
5,4,4700
5,4,4704
3,5,4709
9,1,4710
9,1,4711
5,4,4715
4,5,4720
9,1,4721
6,3,4724
7,3,4727
9,1,4728
9,1,4729
9,1,4730
8,2,4732
7,3,4735
9,1,4736
5,4,4740
6,3,4743
9,1,4744
6,4,4748
6,3,4751
7,3,4754
9,1,4755
5,4,4759
7,3,4762
6,3,4765
5,4,4769
7,3,4772
5,4,4776
9,1,4777
6,3,4780
4,6,4786
5,4,4790
6,3,4793
6,3,4796
6,3,4799
8,2,4801
6,3,4804
5,4,4808
6,4,4812
9,1,4813
9,1,4814
9,1,4815
4,5,4820
9,1,4821
7,3,4824
6,3,4827
5,4,4831
8,2,4833
9,1,4834
6,3,4837
9,1,4838
9,1,4839
5,4,4843
9,1,4844
5,4,4848
9,1,4849
6,3,4852
6,3,4855
6,3,4858
5,4,4862
9,1,4863
8,2,4865
6,3,4868
9,1,4869
8,2,4871
4,5,4876
6,3,4879
5,4,4883
3,6,4889
9,1,4890
9,1,4891
6,3,4894
5,4,4898
5,4,4902
5,4,4906
9,1,4907
7,3,4910
8,2,4912
5,4,4916
6,3,4919
6,4,4923
5,4,4927
9,1,4928
5,4,4932
6,3,4935
9,1,4936
8,2,4938
7,3,4941
6,3,4944
6,3,4947
4,4,4951
9,1,4952
6,3,4955
6,3,4958
9,1,4959
6,3,4962
5,4,4966
5,4,4970
8,2,4972
7,3,4975
6,3,4978
8,2,4980
9,1,4981
8,2,4983
9,1,4984
6,3,4987
9,1,4988
6,3,4991
9,1,4992
9,1,4993
9,1,4994
9,1,4995
9,1,4996
9,1,4997
9,1,4998
6,3,5001
6,3,5004
6,3,5007
9,1,5008
4,5,5013
9,1,5014
7,3,5017
6,3,5020
9,1,5021
6,3,5024
9,1,5025
6,4,5029
6,3,5032
6,3,5035
7,3,5038
6,3,5041
9,1,5042
9,1,5043
7,3,5046
7,3,5049
6,3,5052
6,3,5055
3,5,5060
9,1,5061
5,4,5065
5,4,5069
6,3,5072
6,3,5075
7,3,5078
9,1,5079
5,4,5083
9,1,5084
7,3,5087
9,1,5088
7,3,5091
6,3,5094
9,1,5095
4,4,5099
5,4,5103
6,3,5106
9,1,5107
9,1,5108
6,3,5111
6,4,5115
7,3,5118
9,1,5119
7,3,5122
7,3,5125
6,3,5128
7,3,5131
4,5,5136
7,3,5139
6,3,5142
7,3,5145
6,3,5148
9,1,5149
5,4,5153
9,1,5154
3,5,5159
5,4,5163
5,5,5168
6,3,5171
9,1,5172
8,2,5174
6,3,5177
6,3,5180
7,3,5183
8,2,5185
9,1,5186
8,2,5188
6,3,5191
9,1,5192
6,3,5195
6,3,5198
6,4,5202
6,3,5205
5,4,5209
5,4,5213
9,1,5214
4,4,5218
9,1,5219
5,4,5223
5,4,5227
6,3,5230
5,4,5234
5,4,5238
9,1,5239
-2,7,5246
7,3,5249
9,1,5250
2,5,5255
9,1,5256
9,1,5257
8,2,5259
9,1,5260
6,4,5264
5,4,5268
6,3,5271
9,1,5272
7,3,5275
7,3,5278
6,3,5281
9,1,5282
8,2,5284
4,4,5288
8,2,5290
6,3,5293
5,4,5297
5,4,5301
5,4,5305
5,4,5309
6,3,5312
6,3,5315
7,3,5318
9,1,5319
6,4,5323
-4,8,5331
9,1,5332
-40,20,5352
9,1,5353
8,2,5355
9,1,5356
6,4,5360
6,3,5363
9,1,5364
9,1,5365
4,5,5370
7,3,5373
5,4,5377
6,3,5380
9,1,5381
6,4,5385
9,1,5386
9,1,5387
2,5,5392
6,3,5395
9,1,5396
7,3,5399
7,3,5402
6,3,5405
6,3,5408
6,3,5411
3,5,5416
9,1,5417
9,1,5418
5,5,5423
9,1,5424
9,1,5425
5,4,5429
5,4,5433
5,4,5437
5,4,5441
9,1,5442
9,1,5443
6,3,5446
9,1,5447
6,3,5450
6,4,5454
1,6,5460
8,2,5462
5,4,5466
5,4,5470
5,4,5474
6,3,5477
6,3,5480
4,4,5484
6,3,5487
5,4,5491
6,3,5494
9,1,5495
6,3,5498
9,1,5499
9,1,5500
6,3,5503
6,3,5506
6,4,5510
6,3,5513
9,1,5514
8,2,5516
5,4,5520
9,1,5521
9,1,5522
5,4,5526
6,3,5529
5,4,5533
6,3,5536
8,2,5538
9,1,5539
7,3,5542
8,2,5544
5,4,5548
6,3,5551
7,3,5554
9,1,5555
9,1,5556
5,4,5560
9,1,5561
9,1,5562
6,3,5565
6,3,5568
2,5,5573
8,2,5575
7,3,5578
-4,8,5586
7,3,5589
5,4,5593
5,4,5597
9,1,5598
7,3,5601
6,3,5604
6,3,5607
9,1,5608
5,4,5612
6,3,5615
9,1,5616
6,3,5619
5,4,5623
8,2,5625
8,2,5627
6,3,5630
6,3,5633
9,1,5634
9,1,5635
6,3,5638
5,5,5643
6,3,5646
9,1,5647
5,4,5651
9,1,5652
6,3,5655
6,3,5658
9,1,5659
6,3,5662
9,1,5663
7,3,5666
9,1,5667
6,3,5670
8,2,5672
9,1,5673
9,1,5674
6,3,5677
6,4,5681
9,1,5682
9,1,5683
6,3,5686
6,3,5689
9,1,5690
5,4,5694
6,3,5697
6,3,5700
9,1,5701
7,3,5704
6,3,5707
5,4,5711
5,4,5715
9,1,5716
6,3,5719
5,4,5723
1,6,5729
5,4,5733
6,3,5736
9,1,5737
9,1,5738
7,2,5740
9,1,5741
6,4,5745
7,3,5748
6,3,5751
6,3,5754
9,1,5755
6,3,5758
6,3,5761
9,1,5762
8,2,5764
5,4,5768
6,3,5771
7,3,5774
9,1,5775
9,1,5776
6,3,5779
9,1,5780
9,1,5781
9,1,5782
7,3,5785
6,4,5789
9,1,5790
5,4,5794
5,4,5798
8,2,5800
5,4,5804
6,3,5807
7,3,5810
6,3,5813
5,4,5817
8,2,5819
6,3,5822
5,4,5826
9,1,5827
9,1,5828
5,4,5832
6,3,5835
9,1,5836
5,4,5840
9,1,5841
9,1,5842
4,4,5846
6,3,5849
9,1,5850
5,4,5854
8,2,5856
9,1,5857
8,2,5859
7,3,5862
6,4,5866
6,4,5870
8,2,5872
7,3,5875
5,4,5879
4,4,5883
9,1,5884
9,1,5885
5,4,5889
7,3,5892
9,1,5893
9,1,5894
9,1,5895
9,1,5896
6,3,5899
4,4,5903
4,5,5908
7,3,5911
6,3,5914
9,1,5915
9,1,5916
9,1,5917
6,3,5920
7,3,5923
9,1,5924
9,1,5925
5,4,5929
9,1,5930
9,1,5931
9,1,5932
9,1,5933
9,1,5934
9,1,5935
8,2,5937
6,3,5940
9,1,5941
9,1,5942
9,1,5943
9,1,5944
6,4,5948
5,4,5952
6,3,5955
5,4,5959
9,1,5960
7,3,5963
6,3,5966
6,3,5969
5,4,5973
5,4,5977
8,2,5979
9,1,5980
8,2,5982
6,3,5985
8,2,5987
6,3,5990
5,4,5994
4,4,5998
7,3,6001
7,3,6004
9,1,6005
9,1,6006
0,6,6012
6,3,6015
4,4,6019
6,3,6022
8,2,6024
4,4,6028
9,1,6029
5,4,6033
7,3,6036
6,3,6039
9,1,6040
9,1,6041
8,2,6043
6,3,6046
5,4,6050
5,4,6054
7,3,6057
9,1,6058
9,1,6059
6,3,6062
8,2,6064
8,2,6066
9,1,6067
9,1,6068
9,1,6069
4,4,6073
6,3,6076
6,3,6079
7,3,6082
7,3,6085
5,4,6089
5,4,6093
9,1,6094
6,4,6098
7,3,6101
9,1,6102
6,3,6105
6,3,6108
9,1,6109
9,1,6110
7,3,6113
5,4,6117
9,1,6118
6,4,6122
6,4,6126
9,1,6127
6,4,6131
8,2,6133
8,2,6135
8,2,6137
5,4,6141
5,4,6145
6,4,6149
8,2,6151
7,3,6154
7,3,6157
6,3,6160
6,3,6163
5,4,6167
7,3,6170
9,1,6171
9,1,6172
6,3,6175
6,4,6179
6,3,6182
7,3,6185
7,3,6188
9,1,6189
6,3,6192
9,1,6193
5,4,6197
7,3,6200
7,3,6203
6,3,6206
9,1,6207
5,4,6211
6,3,6214
6,3,6217
8,2,6219
5,4,6223
9,1,6224
5,4,6228
9,1,6229
3,5,6234
6,3,6237
5,4,6241
5,4,6245
9,1,6246
6,3,6249
9,1,6250
5,4,6254
9,1,6255
9,1,6256
5,4,6260
9,1,6261
6,3,6264
9,1,6265
9,1,6266
9,1,6267
6,3,6270
9,1,6271
9,1,6272
5,4,6276
7,3,6279
9,1,6280
7,3,6283
9,1,6284
7,3,6287
6,3,6290
9,1,6291
6,3,6294
4,4,6298
9,1,6299
9,1,6300
7,3,6303
6,3,6306
6,3,6309
8,2,6311
9,1,6312
5,4,6316
5,4,6320
9,1,6321
6,3,6324
9,1,6325
9,1,6326
9,1,6327
9,1,6328
9,1,6329
9,1,6330
6,3,6333
8,2,6335
6,3,6338
5,4,6342
6,3,6345
9,1,6346
9,1,6347
7,3,6350
9,1,6351
6,4,6355
9,1,6356
5,4,6360
6,3,6363
8,2,6365
5,4,6369
5,4,6373
6,3,6376
6,3,6379
7,3,6382
9,1,6383
6,3,6386
7,3,6389
6,3,6392
6,4,6396
7,3,6399
8,2,6401
4,5,6406
7,3,6409
9,1,6410
9,1,6411
9,1,6412
8,2,6414
7,3,6417
8,2,6419
6,3,6422
7,3,6425
8,2,6427
6,3,6430
9,1,6431
8,2,6433
9,1,6434
9,1,6435
8,2,6437
7,3,6440
6,3,6443
9,1,6444
9,1,6445
7,2,6447
9,1,6448
6,3,6451
6,3,6454
6,3,6457
7,3,6460
6,3,6463
5,4,6467
5,4,6471
8,2,6473
9,1,6474
6,3,6477
6,3,6480
6,4,6484
5,4,6488
9,1,6489
9,1,6490
7,3,6493
6,3,6496
6,3,6499
9,1,6500
6,3,6503
9,1,6504
6,3,6507
6,3,6510
6,3,6513
6,3,6516
9,1,6517
9,1,6518
7,3,6521
9,1,6522
9,1,6523
6,3,6526
9,1,6527
9,1,6528
8,2,6530
9,1,6531
9,1,6532
9,1,6533
5,4,6537
6,3,6540
9,1,6541
6,3,6544
9,1,6545
9,1,6546
8,2,6548
9,1,6549
9,1,6550
5,4,6554
9,1,6555
8,2,6557
6,3,6560
9,1,6561
9,1,6562
6,3,6565
9,1,6566
5,4,6570
6,3,6573
7,3,6576
5,4,6580
9,1,6581
6,3,6584
6,4,6588
7,3,6591
6,3,6594
9,1,6595
6,3,6598
8,2,6600
2,5,6605
6,3,6608
6,3,6611
5,4,6615
9,1,6616
6,4,6620
6,3,6623
9,1,6624
9,1,6625
7,3,6628
6,4,6632
8,2,6634
6,3,6637
6,3,6640
7,3,6643
9,1,6644
6,4,6648
9,1,6649
7,3,6652
6,3,6655
9,1,6656
8,2,6658
8,2,6660
6,3,6663
9,1,6664
9,1,6665
6,3,6668
9,1,6669
6,4,6673
7,3,6676
7,3,6679
9,1,6680
6,3,6683
9,1,6684
9,1,6685
9,1,6686
9,1,6687
9,1,6688
9,1,6689
7,3,6692
9,1,6693
6,3,6696
8,2,6698
9,1,6699
9,1,6700
9,1,6701
9,1,6702
8,2,6704
8,2,6706
9,1,6707
5,4,6711
6,3,6714
9,1,6715
9,1,6716
5,4,6720
6,3,6723
9,1,6724
6,4,6728
9,1,6729
7,3,6732
6,4,6736
9,1,6737
9,1,6738
9,1,6739
7,3,6742
6,3,6745
9,1,6746
6,3,6749
5,4,6753
8,2,6755
9,1,6756
9,1,6757
7,3,6760
6,4,6764
9,1,6765
9,1,6766
6,3,6769
9,1,6770
5,4,6774
9,1,6775
8,2,6777
9,1,6778
9,1,6779
5,4,6783
9,1,6784
8,2,6786
9,1,6787
8,2,6789
8,2,6791
6,3,6794
6,3,6797
5,4,6801
7,3,6804
9,1,6805
9,1,6806
7,3,6809
6,3,6812
6,3,6815
6,3,6818
6,3,6821
9,1,6822
6,3,6825
7,3,6828
9,1,6829
5,4,6833
7,2,6835
8,2,6837
9,1,6838
9,1,6839
8,2,6841
7,3,6844
6,3,6847
9,1,6848
8,2,6850
9,1,6851
9,1,6852
9,1,6853
6,3,6856
6,3,6859
5,4,6863
9,1,6864
9,1,6865
7,3,6868
9,1,6869
8,2,6871
9,1,6872
8,2,6874
8,2,6876
6,3,6879
6,3,6882
7,3,6885
9,1,6886
9,1,6887
9,1,6888
9,1,6889
9,1,6890
8,2,6892
6,3,6895
9,1,6896
6,3,6899
8,2,6901
9,1,6902
9,1,6903
9,1,6904
9,1,6905
9,1,6906
8,2,6908
8,2,6910
9,1,6911
9,1,6912
7,3,6915
6,3,6918
6,3,6921
6,3,6924
6,3,6927
7,3,6930
6,3,6933
8,2,6935
9,1,6936
6,3,6939
6,3,6942
7,3,6945
5,4,6949
7,3,6952
6,3,6955
9,1,6956
9,1,6957
7,3,6960
9,1,6961
9,1,6962
9,1,6963
9,1,6964
8,2,6966
9,1,6967
8,2,6969
9,1,6970
8,2,6972
9,1,6973
7,3,6976
9,1,6977
9,1,6978
6,3,6981
9,1,6982
6,4,6986
7,3,6989
6,3,6992
8,2,6994
9,1,6995
9,1,6996
5,4,7000
5,4,7004
8,2,7006
6,3,7009
6,3,7012
5,5,7017
7,3,7020
6,3,7023
7,3,7026
7,3,7029
7,3,7032
5,4,7036
6,3,7039
5,4,7043
6,3,7046
7,3,7049
6,3,7052
7,3,7055
6,4,7059
7,3,7062
8,2,7064
9,1,7065
9,1,7066
9,1,7067
7,3,7070
9,1,7071
8,2,7073
7,3,7076
7,3,7079
6,4,7083
8,2,7085
9,1,7086
6,3,7089
7,3,7092
8,2,7094
6,3,7097
6,4,7101
9,1,7102
6,3,7105
9,1,7106
9,1,7107
9,1,7108
5,4,7112
8,2,7114
9,1,7115
9,1,7116
9,1,7117
6,3,7120
9,1,7121
9,1,7122
9,1,7123
6,3,7126
9,1,7127
6,3,7130
9,1,7131
4,4,7135
7,3,7138
8,2,7140
6,3,7143
8,2,7145
9,1,7146
9,1,7147
9,1,7148
9,1,7149
6,3,7152
6,3,7155
8,2,7157
9,1,7158
9,1,7159
6,3,7162
6,3,7165
6,3,7168
9,1,7169
8,2,7171
8,2,7173
8,2,7175
9,1,7176
8,2,7178
9,1,7179
-4,8,7187
9,1,7188
9,1,7189
4,5,7194
9,1,7195
6,3,7198
9,1,7199
9,1,7200
8,2,7202
-1,7,7209
9,1,7210
8,2,7212
7,3,7215
9,1,7216
6,3,7219
9,1,7220
6,4,7224
5,4,7228
9,1,7229
9,1,7230
9,1,7231
9,1,7232
8,2,7234
9,1,7235
6,3,7238
6,3,7241
7,3,7244
6,3,7247
6,3,7250
6,3,7253
9,1,7254
8,2,7256
8,2,7258
9,1,7259
9,1,7260
9,1,7261
8,2,7263
8,2,7265
9,1,7266
6,3,7269
5,4,7273
9,1,7274
9,1,7275
9,1,7276
6,3,7279
9,1,7280
9,1,7281
6,4,7285
6,3,7288
6,3,7291
9,1,7292
9,1,7293
6,3,7296
8,2,7298
6,3,7301
9,1,7302
6,3,7305
6,3,7308
9,1,7309
9,1,7310
9,1,7311
5,4,7315
9,1,7316
7,3,7319
8,2,7321
8,2,7323
9,1,7324
9,1,7325
9,1,7326
6,3,7329
9,1,7330
6,3,7333
7,2,7335
9,1,7336
7,3,7339
8,2,7341
9,1,7342
9,1,7343
6,3,7346
6,3,7349
9,1,7350
9,1,7351
8,2,7353
9,1,7354
9,1,7355
9,1,7356
8,2,7358
9,1,7359
9,1,7360
5,4,7364
9,1,7365
7,3,7368
8,2,7370
9,1,7371
9,1,7372
9,1,7373
7,3,7376
9,1,7377
8,2,7379
9,1,7380
9,1,7381
9,1,7382
7,3,7385
9,1,7386
7,3,7389
8,2,7391
7,3,7394
9,1,7395
8,2,7397
9,1,7398
9,1,7399
9,1,7400
8,2,7402
8,2,7404
9,1,7405
9,1,7406
9,1,7407
-1,7,7414
8,2,7416
8,2,7418
7,3,7421
9,1,7422
9,1,7423
9,1,7424
8,2,7426
6,3,7429
9,1,7430
9,1,7431
5,4,7435
6,3,7438
8,2,7440
6,3,7443
9,1,7444
9,1,7445
9,1,7446
6,4,7450
8,2,7452
8,2,7454
9,1,7455
8,2,7457
9,1,7458
9,1,7459
9,1,7460
8,2,7462
9,1,7463
8,2,7465
8,2,7467
8,2,7469
7,3,7472
8,2,7474
7,3,7477
6,3,7480
6,3,7483
9,1,7484
6,3,7487
9,1,7488
8,2,7490
9,1,7491
9,1,7492
7,2,7494
8,2,7496
9,1,7497
9,1,7498
9,1,7499
9,1,7500
9,1,7501
8,2,7503
6,3,7506
9,1,7507
9,1,7508
9,1,7509
9,1,7510
9,1,7511
8,2,7513
9,1,7514
9,1,7515
9,1,7516
9,1,7517
9,1,7518
9,1,7519
6,3,7522
7,3,7525
9,1,7526
9,1,7527
9,1,7528
6,3,7531
6,3,7534
8,2,7536
8,2,7538
4,4,7542
9,1,7543
8,2,7545
9,1,7546
9,1,7547
9,1,7548
9,1,7549
6,3,7552
8,2,7554
9,1,7555
6,3,7558
8,2,7560
5,4,7564
6,3,7567
6,4,7571
9,1,7572
9,1,7573
0,6,7579
8,2,7581
9,1,7582
9,1,7583
9,1,7584
8,2,7586
9,1,7587
9,1,7588
9,1,7589
6,3,7592
5,4,7596
7,3,7599
7,3,7602
9,1,7603
9,1,7604
9,1,7605
9,1,7606
9,1,7607
9,1,7608
7,3,7611
9,1,7612
6,3,7615
8,2,7617
9,1,7618
9,1,7619
8,2,7621
7,3,7624
9,1,7625
9,1,7626
8,2,7628
4,4,7632
9,1,7633
9,1,7634
9,1,7635
9,1,7636
9,1,7637
8,2,7639
6,3,7642
9,1,7643
8,2,7645
4,4,7649
6,3,7652
6,3,7655
7,3,7658
8,2,7660
9,1,7661
6,3,7664
9,1,7665
9,1,7666
9,1,7667
9,1,7668
9,1,7669
9,1,7670
8,2,7672
9,1,7673
9,1,7674
5,4,7678
9,1,7679
8,2,7681
9,1,7682
9,1,7683
8,2,7685
8,2,7687
6,4,7691
8,2,7693
8,2,7695
8,2,7697
8,2,7699
9,1,7700
9,1,7701
9,1,7702
9,1,7703
8,2,7705
8,2,7707
7,3,7710
8,2,7712
9,1,7713
8,2,7715
5,4,7719
8,2,7721
8,2,7723
9,1,7724
8,2,7726
7,3,7729
9,1,7730
6,3,7733
6,4,7737
6,3,7740
9,1,7741
9,1,7742
9,1,7743
6,3,7746
6,3,7749
8,2,7751
8,2,7753
5,4,7757
8,2,7759
9,1,7760
9,1,7761
8,2,7763
8,2,7765
6,3,7768
9,1,7769
9,1,7770
8,2,7772
9,1,7773
9,1,7774
5,4,7778
8,2,7780
7,3,7783
8,2,7785
6,4,7789
5,4,7793
9,1,7794
7,3,7797
9,1,7798
9,1,7799
9,1,7800
8,2,7802
9,1,7803
6,3,7806
9,1,7807
9,1,7808
6,3,7811
8,2,7813
9,1,7814
9,1,7815
9,1,7816
9,1,7817
9,1,7818
9,1,7819
9,1,7820
7,3,7823
8,2,7825
9,1,7826
8,2,7828
8,2,7830
8,2,7832
9,1,7833
8,2,7835
9,1,7836
7,3,7839
7,3,7842
9,1,7843
8,2,7845
9,1,7846
9,1,7847
7,3,7850
9,1,7851
9,1,7852
9,1,7853
8,2,7855
8,2,7857
7,3,7860
9,1,7861
9,1,7862
8,2,7864
8,2,7866
8,2,7868
9,1,7869
6,3,7872
8,2,7874
9,1,7875
9,1,7876
9,1,7877
8,2,7879
8,2,7881
9,1,7882
9,1,7883
9,1,7884
9,1,7885
7,3,7888
8,2,7890
9,1,7891
9,1,7892
9,1,7893
9,1,7894
6,3,7897
6,3,7900
5,4,7904
5,4,7908
6,4,7912
8,2,7914
9,1,7915
7,3,7918
8,2,7920
6,4,7924
9,1,7925
9,1,7926
9,1,7927
8,2,7929
8,2,7931
5,4,7935
9,1,7936
9,1,7937
8,2,7939
9,1,7940
8,2,7942
8,2,7944
9,1,7945
6,3,7948
9,1,7949
9,1,7950
9,1,7951
9,1,7952
5,4,7956
5,4,7960
8,2,7962
9,1,7963
9,1,7964
6,3,7967
9,1,7968
9,1,7969
9,1,7970
6,3,7973
8,2,7975
8,2,7977
9,1,7978
9,1,7979
8,2,7981
8,2,7983
8,2,7985
8,2,7987
4,5,7992
8,2,7994
8,2,7996
2,5,8001
9,1,8002
9,1,8003
8,2,8005
8,2,8007
9,1,8008
9,1,8009
9,1,8010
8,2,8012
9,1,8013
9,1,8014
9,1,8015
9,1,8016
8,2,8018
8,2,8020
9,1,8021
9,1,8022
8,2,8024
7,3,8027
9,1,8028
7,3,8031
9,1,8032
8,2,8034
9,1,8035
8,2,8037
9,1,8038
8,2,8040
8,2,8042
9,1,8043
6,3,8046
9,1,8047
8,2,8049
9,1,8050
9,1,8051
8,2,8053
8,2,8055
6,3,8058
8,2,8060
9,1,8061
9,1,8062
9,1,8063
5,4,8067
9,1,8068
9,1,8069
9,1,8070
9,1,8071
9,1,8072
9,1,8073
8,2,8075
9,1,8076
9,1,8077
8,2,8079
6,3,8082
8,2,8084
9,1,8085
8,2,8087
7,3,8090
8,2,8092
8,2,8094
8,2,8096
9,1,8097
9,1,8098
8,2,8100
8,2,8102
8,2,8104
9,1,8105
9,1,8106
9,1,8107
8,2,8109
8,2,8111
9,1,8112
9,1,8113
9,1,8114
9,1,8115
8,2,8117
8,2,8119
9,1,8120
9,1,8121
9,1,8122
9,1,8123
9,1,8124
9,1,8125
8,2,8127
9,1,8128
9,1,8129
9,1,8130
6,3,8133
8,2,8135
9,1,8136
8,2,8138
9,1,8139
7,3,8142
8,2,8144
9,1,8145
8,2,8147
9,1,8148
9,1,8149
9,1,8150
8,2,8152
9,1,8153
8,2,8155
8,2,8157
9,1,8158
9,1,8159
9,1,8160
9,1,8161
4,5,8166
9,1,8167
9,1,8168
9,1,8169
9,1,8170
8,2,8172
9,1,8173
9,1,8174
9,1,8175
9,1,8176
8,2,8178
5,4,8182
8,2,8184
8,2,8186
9,1,8187
8,2,8189
6,3,8192
8,2,8194
9,1,8195
6,3,8198
6,4,8202
8,2,8204
9,1,8205
9,1,8206
9,1,8207
9,1,8208
9,1,8209
9,1,8210
8,2,8212
8,2,8214
9,1,8215
8,2,8217
9,1,8218
9,1,8219
8,2,8221
9,1,8222
9,1,8223
9,1,8224
8,2,8226
9,1,8227
9,1,8228
9,1,8229
8,2,8231
8,2,8233
8,2,8235
9,1,8236
6,3,8239
8,2,8241
8,2,8243
9,1,8244
7,3,8247
9,1,8248
9,1,8249
9,1,8250
8,2,8252
9,1,8253
9,1,8254
8,2,8256
7,3,8259
9,1,8260
9,1,8261
9,1,8262
9,1,8263
8,2,8265
9,1,8266
9,1,8267
9,1,8268
9,1,8269
8,2,8271
8,2,8273
9,1,8274
8,2,8276
9,1,8277
7,3,8280
9,1,8281
9,1,8282
8,2,8284
9,1,8285
9,1,8286
8,2,8288
9,1,8289
9,1,8290
9,1,8291
8,2,8293
9,1,8294
5,4,8298
7,3,8301
9,1,8302
9,1,8303
7,3,8306
9,1,8307
8,2,8309
6,3,8312
9,1,8313
9,1,8314
8,2,8316
8,2,8318
9,1,8319
9,1,8320
6,3,8323
9,1,8324
8,2,8326
9,1,8327
9,1,8328
8,2,8330
8,2,8332
8,2,8334
8,2,8336
6,3,8339
9,1,8340
8,2,8342
9,1,8343
9,1,8344
9,1,8345
7,3,8348
9,1,8349
8,2,8351
8,2,8353
9,1,8354
9,1,8355
9,1,8356
7,3,8359
7,3,8362
9,1,8363
8,2,8365
9,1,8366
9,1,8367
9,1,8368
8,2,8370
8,2,8372
8,2,8374
9,1,8375
5,5,8380
9,1,8381
8,2,8383
9,1,8384
9,1,8385
9,1,8386
9,1,8387
8,2,8389
6,3,8392
7,3,8395
9,1,8396
8,2,8398
9,1,8399
8,2,8401
9,1,8402
8,2,8404
9,1,8405
9,1,8406
8,2,8408
8,2,8410
9,1,8411
9,1,8412
8,2,8414
9,1,8415
8,2,8417
9,1,8418
8,2,8420
8,2,8422
8,2,8424
9,1,8425
9,1,8426
8,2,8428
8,2,8430
9,1,8431
6,3,8434
8,2,8436
7,3,8439
9,1,8440
7,3,8443
9,1,8444
9,1,8445
5,5,8450
9,1,8451
8,2,8453
9,1,8454
9,1,8455
9,1,8456
9,1,8457
8,2,8459
9,1,8460
9,1,8461
8,2,8463
9,1,8464
9,1,8465
9,1,8466
7,3,8469
9,1,8470
8,2,8472
8,2,8474
8,2,8476
8,2,8478
5,5,8483
9,1,8484
9,1,8485
6,3,8488
9,1,8489
8,2,8491
9,1,8492
9,1,8493
8,2,8495
9,1,8496
9,1,8497
8,2,8499
9,1,8500
9,1,8501
8,2,8503
9,1,8504
8,2,8506
9,1,8507
7,3,8510
9,1,8511
7,3,8514
9,1,8515
9,1,8516
6,4,8520
8,2,8522
9,1,8523
8,2,8525
9,1,8526
7,3,8529
9,1,8530
9,1,8531
8,2,8533
9,1,8534
9,1,8535
9,1,8536
8,2,8538
9,1,8539
9,1,8540
8,2,8542
8,2,8544
8,2,8546
8,2,8548
8,2,8550
9,1,8551
8,2,8553
8,2,8555
8,2,8557
8,2,8559
8,2,8561
9,1,8562
9,1,8563
9,1,8564
9,1,8565
9,1,8566
8,2,8568
9,1,8569
9,1,8570
8,2,8572
8,2,8574
9,1,8575
6,3,8578
9,1,8579
8,2,8581
9,1,8582
8,2,8584
8,2,8586
9,1,8587
9,1,8588
3,5,8593
8,2,8595
8,2,8597
5,4,8601
8,2,8603
8,2,8605
9,1,8606
8,2,8608
9,1,8609
9,1,8610
7,3,8613
8,2,8615
9,1,8616
9,1,8617
6,4,8621
8,2,8623
8,2,8625
8,2,8627
9,1,8628
7,3,8631
9,1,8632
9,1,8633
9,1,8634
8,2,8636
8,2,8638
6,3,8641
9,1,8642
9,1,8643
8,2,8645
8,2,8647
9,1,8648
8,2,8650
6,4,8654
8,2,8656
9,1,8657
7,3,8660
9,1,8661
7,3,8664
7,3,8667
9,1,8668
9,1,8669
9,1,8670
8,2,8672
9,1,8673
9,1,8674
9,1,8675
8,2,8677
8,2,8679
5,4,8683
9,1,8684
8,2,8686
8,2,8688
8,2,8690
7,3,8693
6,4,8697
9,1,8698
9,1,8699
8,2,8701
8,2,8703
6,4,8707
8,2,8709
9,1,8710
8,2,8712
8,2,8714
9,1,8715
7,3,8718
9,1,8719
9,1,8720
9,1,8721
8,2,8723
9,1,8724
7,3,8727
8,2,8729
8,2,8731
8,2,8733
7,3,8736
7,3,8739
8,2,8741
9,1,8742
9,1,8743
8,2,8745
8,2,8747
9,1,8748
7,3,8751
6,3,8754
9,1,8755
9,1,8756
8,2,8758
8,2,8760
6,4,8764
9,1,8765
9,1,8766
9,1,8767
8,2,8769
8,2,8771
9,1,8772
7,3,8775
8,2,8777
8,2,8779
9,1,8780
7,3,8783
9,1,8784
8,2,8786
8,2,8788
7,3,8791
9,1,8792
8,2,8794
6,3,8797
9,1,8798
8,2,8800
8,2,8802
9,1,8803
9,1,8804
8,2,8806
8,2,8808
8,2,8810
8,2,8812
9,1,8813
8,2,8815
8,2,8817
9,1,8818
7,3,8821
9,1,8822
8,2,8824
9,1,8825
8,2,8827
8,2,8829
9,1,8830
8,2,8832
8,2,8834
8,2,8836
6,3,8839
9,1,8840
8,2,8842
9,1,8843
9,1,8844
8,2,8846
9,1,8847
0,6,8853
9,1,8854
9,1,8855
9,1,8856
8,2,8858
8,2,8860
8,2,8862
8,2,8864
8,2,8866
9,1,8867
8,2,8869
9,1,8870
9,1,8871
9,1,8872
9,1,8873
9,1,8874
9,1,8875
9,1,8876
9,1,8877
9,1,8878
8,2,8880
9,1,8881
9,1,8882
9,1,8883
9,1,8884
8,2,8886
9,1,8887
9,1,8888
7,3,8891
9,1,8892
9,1,8893
3,5,8898
8,2,8900
9,1,8901
7,3,8904
9,1,8905
9,1,8906
9,1,8907
7,3,8910
8,2,8912
9,1,8913
5,4,8917
8,2,8919
8,2,8921
9,1,8922
9,1,8923
8,2,8925
9,1,8926
8,2,8928
7,3,8931
9,1,8932
8,2,8934
7,3,8937
8,2,8939
9,1,8940
8,2,8942
8,2,8944
9,1,8945
7,3,8948
8,2,8950
9,1,8951
8,2,8953
8,2,8955
9,1,8956
9,1,8957
9,1,8958
6,3,8961
8,2,8963
7,2,8965
7,3,8968
9,1,8969
6,4,8973
5,5,8978
8,2,8980
9,1,8981
8,2,8983
8,2,8985
9,1,8986
7,3,8989
5,5,8994
7,3,8997
8,2,8999
9,1,9000
8,2,9002
8,2,9004
9,1,9005
8,2,9007
9,1,9008
8,2,9010
9,1,9011
8,2,9013
9,1,9014
8,2,9016
4,4,9020
8,2,9022
9,1,9023
7,3,9026
9,1,9027
6,4,9031
8,2,9033
9,1,9034
8,2,9036
7,3,9039
6,3,9042
7,3,9045
9,1,9046
9,1,9047
9,1,9048
9,1,9049
6,4,9053
7,3,9056
9,1,9057
8,2,9059
3,6,9065
9,1,9066
8,2,9068
9,1,9069
9,1,9070
9,1,9071
9,1,9072
9,1,9073
8,2,9075
8,2,9077
9,1,9078
7,3,9081
8,2,9083
8,2,9085
8,2,9087
9,1,9088
9,1,9089
9,1,9090
9,1,9091
9,1,9092
9,1,9093
9,1,9094
9,1,9095
9,1,9096
8,2,9098
9,1,9099
4,4,9103
9,1,9104
9,1,9105
8,2,9107
7,3,9110
9,1,9111
7,3,9114
8,2,9116
6,3,9119
9,1,9120
8,2,9122
8,2,9124
8,2,9126
8,2,9128
9,1,9129
9,1,9130
9,1,9131
9,1,9132
9,1,9133
8,2,9135
8,2,9137
8,2,9139
8,2,9141
8,2,9143
8,2,9145
8,2,9147
7,3,9150
9,1,9151
9,1,9152
8,2,9154
8,2,9156
9,1,9157
9,1,9158
8,2,9160
9,1,9161
8,2,9163
8,2,9165
9,1,9166
8,2,9168
6,3,9171
9,1,9172
8,2,9174
8,2,9176
9,1,9177
9,1,9178
8,2,9180
8,2,9182
9,1,9183
8,2,9185
8,2,9187
9,1,9188
8,2,9190
8,2,9192
9,1,9193
9,1,9194
8,2,9196
5,4,9200
8,2,9202
8,2,9204
2,5,9209
8,2,9211
9,1,9212
4,6,9218
8,2,9220
9,1,9221
9,1,9222
9,1,9223
7,3,9226
9,1,9227
8,2,9229
7,3,9232
8,2,9234
8,2,9236
8,2,9238
8,2,9240
7,3,9243
9,1,9244
8,2,9246
5,4,9250
8,2,9252
9,1,9253
8,2,9255
9,1,9256
9,1,9257
9,1,9258
9,1,9259
9,1,9260
9,1,9261
8,2,9263
9,1,9264
8,2,9266
8,2,9268
9,1,9269
9,1,9270
9,1,9271
9,1,9272
7,3,9275
8,2,9277
7,3,9280
9,1,9281
4,4,9285
8,2,9287
9,1,9288
9,1,9289
9,1,9290
8,2,9292
8,2,9294
6,4,9298
8,2,9300
8,2,9302
8,2,9304
9,1,9305
8,2,9307
9,1,9308
8,2,9310
8,2,9312
9,1,9313
8,2,9315
9,1,9316
9,1,9317
8,2,9319
9,1,9320
8,2,9322
8,2,9324
8,2,9326
1,7,9333
