episode_return,episode_length,total_steps
0,0,0
5,5,5
9,1,6
-20,20,26
-2,9,35
-3,13,48
-22,20,68
2,8,76
2,8,84
-20,20,104
-26,20,124
-26,20,144
-24,20,164
7,3,167
-26,20,187
5,5,192
-7,17,209
8,2,211
-6,15,226
-22,20,246
-26,20,266
-27,20,286
9,1,287
-3,9,296
-20,20,316
-19,20,336
-22,20,356
9,1,357
-8,18,375
4,6,381
5,5,386
-30,20,406
-27,20,426
-10,18,444
4,6,450
9,1,451
8,2,453
-9,13,466
-3,13,479
-24,20,499
7,3,502
7,3,505
-33,20,525
8,2,527
7,3,530
8,2,532
9,1,533
-36,20,553
-3,8,561
-38,20,581
-22,20,601
9,1,602
9,1,603
6,4,607
-7,10,617
9,1,618
-8,18,636
-27,20,656
-30,20,676
6,4,680
8,2,682
3,7,689
8,2,691
6,4,695
5,5,700
2,8,708
3,6,714
-16,17,731
9,1,732
9,1,733
-9,12,745
0,8,753
4,5,758
8,2,760
9,1,761
-4,10,771
8,2,773
4,5,778
8,2,780
8,2,782
-15,18,800
9,1,801
2,7,808
7,3,811
-3,11,822
3,7,829
6,4,833
3,7,840
-2,12,852
4,5,857
3,6,863
-4,11,874
8,2,876
-24,20,896
-6,14,910
4,5,915
9,1,916
-2,10,926
6,4,930
-10,17,947
-4,13,960
-1,9,969
7,3,972
-23,20,992
9,1,993
-24,20,1013
-25,20,1033
-25,20,1053
-6,14,1067
5,4,1071
3,6,1077
-5,14,1091
5,4,1095
5,5,1100
-5,13,1113
9,1,1114
4,5,1119
-1,9,1128
5,4,1132
-26,20,1152
3,5,1157
-26,20,1177
7,3,1180
4,6,1186
3,6,1192
8,2,1194
-23,20,1214
7,3,1217
1,7,1224
9,1,1225
9,1,1226
8,2,1228
1,7,1235
-7,16,1251
3,6,1257
-26,20,1277
1,9,1286
-25,20,1306
9,1,1307
-5,13,1320
-27,20,1340
9,1,1341
-23,20,1361
-24,20,1381
5,5,1386
7,3,1389
9,1,1390
-26,20,1410
-2,9,1419
4,6,1425
-11,17,1442
5,5,1447
3,7,1454
7,3,1457
9,1,1458
8,2,1460
7,3,1463
5,5,1468
1,8,1476
9,1,1477
7,3,1480
-11,17,1497
7,3,1500
-7,17,1517
9,1,1518
9,1,1519
7,3,1522
9,1,1523
9,1,1524
9,1,1525
9,1,1526
9,1,1527
1,7,1534
7,3,1537
-3,12,1549
9,1,1550
5,5,1555
7,3,1558
9,1,1559
4,6,1565
-7,16,1581
6,3,1584
9,1,1585
-5,15,1600
9,1,1601
8,2,1603
7,3,1606
9,1,1607
9,1,1608
9,1,1609
4,5,1614
7,3,1617
7,3,1620
1,8,1628
5,4,1632
3,6,1638
5,5,1643
7,3,1646
-23,20,1666
1,8,1674
1,8,1682
-23,20,1702
-27,20,1722
9,1,1723
9,1,1724
9,1,1725
-2,10,1735
9,1,1736
-25,20,1756
-6,15,1771
7,3,1774
1,7,1781
9,1,1782
5,4,1786
6,3,1789
-3,12,1801
3,7,1808
4,5,1813
1,7,1820
-1,11,1831
9,1,1832
5,4,1836
-26,20,1856
6,4,1860
7,3,1863
6,4,1867
5,5,1872
-3,10,1882
9,1,1883
5,4,1887
5,4,1891
-7,14,1905
4,5,1910
-2,11,1921
-8,16,1937
0,8,1945
3,6,1951
4,5,1956
3,7,1963
9,1,1964
-3,11,1975
6,4,1979
9,1,1980
9,1,1981
9,1,1982
3,6,1988
7,3,1991
5,4,1995
9,1,1996
3,5,2001
9,1,2002
2,7,2009
3,6,2015
7,3,2018
7,3,2021
9,1,2022
7,3,2025
5,4,2029
9,1,2030
4,5,2035
-2,9,2044
7,3,2047
-26,20,2067
2,7,2074
-9,16,2090
7,3,2093
9,1,2094
-3,10,2104
-9,13,2117
-25,20,2137
6,3,2140
-2,9,2149
5,5,2154
9,1,2155
9,1,2156
8,2,2158
1,8,2166
-21,20,2186
-6,13,2199
3,7,2206
6,3,2209
6,4,2213
-8,16,2229
-29,20,2249
-7,13,2262
5,5,2267
3,6,2273
4,6,2279
-4,12,2291
-7,14,2305
8,2,2307
-1,10,2317
9,1,2318
9,1,2319
9,1,2320
3,6,2326
9,1,2327
4,6,2333
7,3,2336
-1,10,2346
8,2,2348
6,4,2352
7,3,2355
7,3,2358
9,1,2359
-2,9,2368
8,2,2370
7,3,2373
-14,20,2393
-5,13,2406
9,1,2407
9,1,2408
-12,19,2427
7,3,2430
6,3,2433
1,7,2440
-2,9,2449
9,1,2450
5,4,2454
-25,20,2474
-3,13,2487
9,1,2488
9,1,2489
2,7,2496
9,1,2497
-1,9,2506
8,2,2508
-1,8,2516
-3,11,2527
1,8,2535
9,1,2536
9,1,2537
-1,10,2547
7,3,2550
7,3,2553
-9,14,2567
7,3,2570
7,3,2573
1,8,2581
-2,11,2592
0,7,2599
9,1,2600
-2,10,2610
-3,10,2620
7,3,2623
7,3,2626
1,8,2634
7,3,2637
9,1,2638
-4,12,2650
8,2,2652
8,2,2654
5,4,2658
9,1,2659
9,1,2660
-5,11,2671
9,1,2672
-2,9,2681
4,5,2686
-3,10,2696
2,7,2703
9,1,2704
9,1,2705
9,1,2706
7,3,2709
7,3,2712
9,1,2713
1,7,2720
2,8,2728
9,1,2729
5,4,2733
5,4,2737
6,4,2741
5,4,2745
7,3,2748
-1,9,2757
2,7,2764
-6,14,2778
1,7,2785
-1,9,2794
5,5,2799
8,2,2801
7,3,2804
5,4,2808
6,4,2812
5,4,2816
9,1,2817
9,1,2818
3,5,2823
7,2,2825
7,3,2828
-23,20,2848
7,3,2851
8,2,2853
-1,7,2860
-1,8,2868
1,8,2876
7,3,2879
9,1,2880
-16,18,2898
7,3,2901
7,3,2904
5,5,2909
-13,16,2925
-23,20,2945
0,8,2953
-1,10,2963
3,6,2969
4,6,2975
8,2,2977
5,5,2982
-28,20,3002
-1,8,3010
-5,11,3021
-5,11,3032
-25,20,3052
9,1,3053
9,1,3054
9,1,3055
9,1,3056
-24,20,3076
5,4,3080
1,8,3088
5,4,3092
-1,8,3100
-2,10,3110
9,1,3111
7,3,3114
4,5,3119
7,3,3122
6,3,3125
9,1,3126
5,5,3131
-1,9,3140
8,2,3142
8,2,3144
9,1,3145
-25,20,3165
6,4,3169
3,5,3174
7,3,3177
8,2,3179
9,1,3180
9,1,3181
-2,11,3192
9,1,3193
7,3,3196
9,1,3197
-27,20,3217
-4,11,3228
7,3,3231
7,3,3234
7,3,3237
0,9,3246
4,5,3251
4,5,3256
1,8,3264
9,1,3265
-26,20,3285
-3,11,3296
7,3,3299
5,4,3303
-13,19,3322
0,9,3331
6,3,3334
1,8,3342
-14,16,3358
5,5,3363
3,6,3369
6,4,3373
3,7,3380
6,4,3384
5,4,3388
2,7,3395
-5,14,3409
3,7,3416
8,2,3418
7,3,3421
2,7,3428
7,3,3431
3,6,3437
3,6,3443
8,2,3445
-3,9,3454
1,7,3461
2,6,3467
7,3,3470
5,4,3474
8,2,3476
5,4,3480
5,5,3485
3,6,3491
9,1,3492
-25,20,3512
8,2,3514
9,1,3515
1,9,3524
-2,11,3535
9,1,3536
5,5,3541
5,4,3545
1,7,3552
0,8,3560
2,6,3566
9,1,3567
9,1,3568
9,1,3569
5,4,3573
4,5,3578
-4,12,3590
-12,16,3606
3,6,3612
8,2,3614
1,6,3620
5,5,3625
-3,11,3636
9,1,3637
2,8,3645
4,6,3651
1,7,3658
3,6,3664
-1,9,3673
9,1,3674
-5,12,3686
8,2,3688
-2,11,3699
9,1,3700
9,1,3701
9,1,3702
2,7,3709
9,1,3710
9,1,3711
0,7,3718
8,2,3720
7,3,3723
7,3,3726
-9,16,3742
1,8,3750
9,1,3751
-1,9,3760
-26,20,3780
9,1,3781
0,9,3790
5,4,3794
6,4,3798
5,5,3803
7,3,3806
-13,18,3824
5,5,3829
5,5,3834
-24,20,3854
7,3,3857
7,3,3860
5,4,3864
-5,13,3877
5,4,3881
7,3,3884
5,4,3888
7,3,3891
5,5,3896
-11,19,3915
5,4,3919
-3,11,3930
5,4,3934
7,3,3937
9,1,3938
6,4,3942
5,4,3946
3,6,3952
5,4,3956
5,5,3961
4,5,3966
9,1,3967
-2,9,3976
-22,20,3996
9,1,3997
3,6,4003
-1,9,4012
6,4,4016
-10,15,4031
7,3,4034
9,1,4035
0,9,4044
5,4,4048
9,1,4049
9,1,4050
-4,10,4060
5,5,4065
4,5,4070
-7,14,4084
3,7,4091
5,4,4095
9,1,4096
9,1,4097
9,1,4098
1,7,4105
-1,9,4114
9,1,4115
9,1,4116
4,6,4122
8,2,4124
1,8,4132
8,2,4134
9,1,4135
4,5,4140
-1,8,4148
7,3,4151
5,4,4155
7,3,4158
7,3,4161
8,2,4163
9,1,4164
1,9,4173
5,4,4177
6,4,4181
7,3,4184
9,1,4185
5,4,4189
5,4,4193
7,3,4196
3,6,4202
5,4,4206
0,9,4215
9,1,4216
7,3,4219
-4,13,4232
7,3,4235
1,7,4242
7,3,4245
8,2,4247
8,2,4249
3,6,4255
9,1,4256
7,3,4259
-5,11,4270
4,5,4275
7,3,4278
7,3,4281
7,3,4284
6,4,4288
-1,8,4296
8,2,4298
9,1,4299
5,5,4304
6,4,4308
9,1,4309
-14,19,4328
7,3,4331
5,4,4335
9,1,4336
9,1,4337
7,3,4340
-27,20,4360
9,1,4361
5,5,4366
5,4,4370
3,6,4376
7,3,4379
9,1,4380
-4,11,4391
7,3,4394
1,7,4401
9,1,4402
3,6,4408
-25,20,4428
7,3,4431
5,4,4435
8,2,4437
9,1,4438
-2,11,4449
2,8,4457
8,2,4459
-5,12,4471
4,5,4476
9,1,4477
4,6,4483
9,1,4484
9,1,4485
9,1,4486
8,2,4488
1,9,4497
-2,10,4507
8,2,4509
6,4,4513
0,9,4522
9,1,4523
8,2,4525
8,2,4527
0,8,4535
-5,11,4546
9,1,4547
9,1,4548
3,7,4555
8,2,4557
9,1,4558
7,3,4561
9,1,4562
9,1,4563
9,1,4564
7,3,4567
9,1,4568
3,5,4573
9,1,4574
9,1,4575
-6,14,4589
9,1,4590
8,2,4592
5,4,4596
5,5,4601
7,2,4603
-1,10,4613
-13,18,4631
9,1,4632
0,8,4640
6,4,4644
7,3,4647
5,4,4651
9,1,4652
7,3,4655
9,1,4656
6,4,4660
7,3,4663
5,5,4668
9,1,4669
8,2,4671
1,9,4680
9,1,4681
9,1,4682
7,3,4685
9,1,4686
7,3,4689
-1,9,4698
7,3,4701
9,1,4702
5,4,4706
1,7,4713
-8,15,4728
5,5,4733
6,4,4737
9,1,4738
7,3,4741
7,3,4744
7,3,4747
3,7,4754
8,2,4756
-23,20,4776
-2,10,4786
8,2,4788
5,5,4793
2,7,4800
9,1,4801
8,2,4803
9,1,4804
3,7,4811
9,1,4812
1,9,4821
5,4,4825
6,4,4829
-5,11,4840
3,6,4846
7,3,4849
7,3,4852
9,1,4853
3,7,4860
9,1,4861
9,1,4862
8,2,4864
-3,11,4875
3,6,4881
-5,12,4893
9,1,4894
-12,19,4913
6,4,4917
9,1,4918
7,3,4921
0,8,4929
7,3,4932
9,1,4933
-3,9,4942
6,4,4946
7,3,4949
7,3,4952
4,5,4957
0,8,4965
9,1,4966
8,2,4968
6,4,4972
3,6,4978
4,5,4983
5,4,4987
5,4,4991
5,4,4995
8,2,4997
9,1,4998
9,1,4999
3,6,5005
9,1,5006
8,2,5008
9,1,5009
-4,11,5020
7,3,5023
6,4,5027
8,2,5029
5,5,5034
9,1,5035
7,3,5038
7,3,5041
9,1,5042
6,4,5046
6,4,5050
9,1,5051
9,1,5052
1,7,5059
-2,11,5070
2,7,5077
9,1,5078
8,2,5080
3,7,5087
6,4,5091
6,4,5095
9,1,5096
1,6,5102
-3,11,5113
-6,12,5125
4,5,5130
0,9,5139
2,6,5145
9,1,5146
3,7,5153
9,1,5154
7,3,5157
3,5,5162
0,9,5171
5,4,5175
9,1,5176
3,6,5182
5,5,5187
4,5,5192
8,2,5194
9,1,5195
6,4,5199
9,1,5200
3,5,5205
2,7,5212
4,5,5217
4,5,5222
4,5,5227
9,1,5228
7,3,5231
9,1,5232
4,5,5237
7,3,5240
9,1,5241
6,4,5245
-4,11,5256
3,7,5263
9,1,5264
9,1,5265
7,3,5268
9,1,5269
5,5,5274
9,1,5275
9,1,5276
5,4,5280
7,3,5283
8,2,5285
7,3,5288
4,5,5293
5,5,5298
7,3,5301
1,7,5308
7,3,5311
9,1,5312
6,4,5316
7,3,5319
7,3,5322
-10,18,5340
-2,9,5349
-8,15,5364
4,6,5370
7,3,5373
9,1,5374
5,4,5378
9,1,5379
9,1,5380
9,1,5381
7,3,5384
0,7,5391
8,2,5393
5,4,5397
5,4,5401
9,1,5402
7,3,5405
5,5,5410
1,7,5417
5,5,5422
9,1,5423
7,3,5426
7,3,5429
-4,14,5443
7,3,5446
1,8,5454
7,3,5457
1,7,5464
6,4,5468
-5,11,5479
9,1,5480
3,6,5486
9,1,5487
9,1,5488
8,2,5490
7,3,5493
7,3,5496
8,2,5498
9,1,5499
9,1,5500
7,3,5503
9,1,5504
-2,9,5513
5,5,5518
9,1,5519
9,1,5520
-20,20,5540
9,1,5541
7,3,5544
-8,16,5560
9,1,5561
5,4,5565
9,1,5566
6,4,5570
7,3,5573
7,3,5576
8,2,5578
5,4,5582
5,4,5586
8,2,5588
3,6,5594
7,3,5597
9,1,5598
7,3,5601
9,1,5602
9,1,5603
8,2,5605
-8,18,5623
5,5,5628
-12,17,5645
-5,13,5658
1,9,5667
7,3,5670
9,1,5671
2,7,5678
6,4,5682
9,1,5683
5,4,5687
0,9,5696
9,1,5697
-6,13,5710
7,3,5713
6,3,5716
9,1,5717
7,3,5720
7,3,5723
6,4,5727
5,4,5731
7,3,5734
9,1,5735
5,5,5740
3,5,5745
1,7,5752
6,4,5756
1,9,5765
9,1,5766
9,1,5767
9,1,5768
9,1,5769
4,5,5774
8,2,5776
9,1,5777
5,4,5781
9,1,5782
5,4,5786
5,4,5790
3,7,5797
9,1,5798
5,5,5803
8,2,5805
7,3,5808
4,5,5813
9,1,5814
7,3,5817
6,3,5820
5,5,5825
9,1,5826
5,4,5830
9,1,5831
7,3,5834
9,1,5835
6,4,5839
7,3,5842
4,6,5848
9,1,5849
9,1,5850
2,8,5858
5,5,5863
-1,9,5872
4,6,5878
9,1,5879
9,1,5880
9,1,5881
7,3,5884
5,5,5889
5,4,5893
6,4,5897
9,1,5898
5,5,5903
7,3,5906
5,4,5910
1,8,5918
4,5,5923
9,1,5924
9,1,5925
7,3,5928
9,1,5929
9,1,5930
7,3,5933
9,1,5934
-4,11,5945
9,1,5946
9,1,5947
9,1,5948
4,5,5953
7,3,5956
-1,9,5965
5,4,5969
9,1,5970
9,1,5971
7,3,5974
5,5,5979
5,5,5984
9,1,5985
7,3,5988
9,1,5989
9,1,5990
9,1,5991
9,1,5992
9,1,5993
5,4,5997
8,2,5999
5,5,6004
9,1,6005
9,1,6006
9,1,6007
6,4,6011
7,3,6014
-25,20,6034
6,4,6038
9,1,6039
1,8,6047
7,3,6050
1,8,6058
3,7,6065
9,1,6066
9,1,6067
3,6,6073
9,1,6074
4,6,6080
8,2,6082
5,5,6087
3,6,6093
9,1,6094
9,1,6095
6,4,6099
5,4,6103
7,3,6106
6,4,6110
8,2,6112
7,3,6115
7,3,6118
9,1,6119
-3,10,6129
5,4,6133
1,8,6141
9,1,6142
6,4,6146
-1,11,6157
9,1,6158
9,1,6159
-1,8,6167
5,4,6171
8,2,6173
7,3,6176
5,5,6181
9,1,6182
9,1,6183
5,5,6188
7,3,6191
5,4,6195
9,1,6196
8,2,6198
7,3,6201
6,4,6205
-25,20,6225
9,1,6226
9,1,6227
9,1,6228
3,7,6235
5,4,6239
7,3,6242
6,4,6246
9,1,6247
9,1,6248
9,1,6249
9,1,6250
7,3,6253
9,1,6254
7,3,6257
9,1,6258
5,4,6262
9,1,6263
7,3,6266
5,4,6270
3,7,6277
5,5,6282
5,5,6287
7,3,6290
5,4,6294
5,4,6298
9,1,6299
8,2,6301
9,1,6302
7,3,6305
6,4,6309
9,1,6310
9,1,6311
9,1,6312
9,1,6313
8,2,6315
9,1,6316
5,4,6320
4,6,6326
7,3,6329
9,1,6330
5,4,6334
9,1,6335
9,1,6336
9,1,6337
7,3,6340
6,4,6344
6,4,6348
9,1,6349
-5,15,6364
-3,12,6376
0,9,6385
5,4,6389
7,3,6392
9,1,6393
9,1,6394
9,1,6395
9,1,6396
9,1,6397
9,1,6398
6,4,6402
-9,19,6421
9,1,6422
7,3,6425
5,4,6429
9,1,6430
6,4,6434
7,3,6437
9,1,6438
9,1,6439
9,1,6440
3,7,6447
9,1,6448
9,1,6449
6,4,6453
9,1,6454
7,3,6457
5,4,6461
9,1,6462
9,1,6463
-4,14,6477
9,1,6478
7,3,6481
9,1,6482
7,3,6485
9,1,6486
7,3,6489
9,1,6490
9,1,6491
-9,14,6505
7,3,6508
7,3,6511
7,3,6514
-1,10,6524
9,1,6525
4,6,6531
9,1,6532
9,1,6533
9,1,6534
-8,15,6549
7,3,6552
8,2,6554
9,1,6555
7,3,6558
9,1,6559
9,1,6560
9,1,6561
8,2,6563
0,10,6573
2,8,6581
7,3,6584
7,3,6587
9,1,6588
9,1,6589
6,4,6593
9,1,6594
9,1,6595
7,3,6598
9,1,6599
9,1,6600
9,1,6601
7,3,6604
9,1,6605
0,9,6614
9,1,6615
9,1,6616
9,1,6617
9,1,6618
9,1,6619
6,4,6623
9,1,6624
9,1,6625
7,3,6628
5,4,6632
7,3,6635
7,3,6638
8,2,6640
9,1,6641
9,1,6642
9,1,6643
5,4,6647
7,3,6650
9,1,6651
9,1,6652
4,6,6658
9,1,6659
9,1,6660
8,2,6662
9,1,6663
8,2,6665
7,3,6668
6,4,6672
3,7,6679
9,1,6680
9,1,6681
9,1,6682
9,1,6683
9,1,6684
4,5,6689
9,1,6690
9,1,6691
9,1,6692
9,1,6693
2,7,6700
5,5,6705
7,3,6708
-24,20,6728
7,3,6731
9,1,6732
9,1,6733
9,1,6734
9,1,6735
7,3,6738
9,1,6739
9,1,6740
6,4,6744
9,1,6745
-5,15,6760
9,1,6761
7,3,6764
7,3,6767
7,3,6770
9,1,6771
8,2,6773
6,4,6777
9,1,6778
7,3,6781
9,1,6782
7,3,6785
9,1,6786
9,1,6787
8,2,6789
7,3,6792
9,1,6793
9,1,6794
7,3,6797
6,4,6801
9,1,6802
9,1,6803
9,1,6804
8,2,6806
7,3,6809
8,2,6811
9,1,6812
-3,13,6825
9,1,6826
9,1,6827
9,1,6828
9,1,6829
6,4,6833
9,1,6834
8,2,6836
-2,11,6847
9,1,6848
9,1,6849
4,6,6855
0,10,6865
9,1,6866
8,2,6868
5,4,6872
9,1,6873
5,4,6877
6,4,6881
9,1,6882
7,3,6885
9,1,6886
7,3,6889
9,1,6890
8,2,6892
9,1,6893
5,4,6897
6,4,6901
9,1,6902
9,1,6903
7,3,6906
9,1,6907
9,1,6908
6,4,6912
9,1,6913
-2,10,6923
9,1,6924
9,1,6925
9,1,6926
9,1,6927
9,1,6928
7,3,6931
8,2,6933
9,1,6934
9,1,6935
7,3,6938
9,1,6939
5,4,6943
9,1,6944
9,1,6945
9,1,6946
9,1,6947
8,2,6949
9,1,6950
6,3,6953
7,3,6956
9,1,6957
3,6,6963
8,2,6965
8,2,6967
9,1,6968
9,1,6969
8,2,6971
9,1,6972
9,1,6973
9,1,6974
9,1,6975
9,1,6976
9,1,6977
9,1,6978
9,1,6979
9,1,6980
7,3,6983
9,1,6984
9,1,6985
9,1,6986
5,4,6990
5,4,6994
7,3,6997
9,1,6998
7,3,7001
9,1,7002
9,1,7003
9,1,7004
9,1,7005
9,1,7006
9,1,7007
9,1,7008
9,1,7009
9,1,7010
9,1,7011
5,5,7016
9,1,7017
7,3,7020
9,1,7021
1,7,7028
9,1,7029
5,4,7033
9,1,7034
9,1,7035
9,1,7036
9,1,7037
8,2,7039
-8,18,7057
7,3,7060
8,2,7062
6,4,7066
8,2,7068
9,1,7069
9,1,7070
7,3,7073
9,1,7074
9,1,7075
9,1,7076
9,1,7077
9,1,7078
2,7,7085
9,1,7086
3,6,7092
9,1,7093
8,2,7095
9,1,7096
6,4,7100
9,1,7101
7,3,7104
9,1,7105
7,3,7108
9,1,7109
7,3,7112
9,1,7113
9,1,7114
9,1,7115
9,1,7116
9,1,7117
9,1,7118
2,7,7125
1,9,7134
9,1,7135
7,3,7138
-2,12,7150
7,3,7153
9,1,7154
9,1,7155
6,4,7159
4,6,7165
8,2,7167
9,1,7168
6,4,7172
8,2,7174
9,1,7175
7,3,7178
5,5,7183
7,3,7186
3,7,7193
7,3,7196
9,1,7197
9,1,7198
9,1,7199
8,2,7201
9,1,7202
0,8,7210
8,2,7212
9,1,7213
2,8,7221
5,5,7226
6,4,7230
9,1,7231
9,1,7232
7,3,7235
8,2,7237
5,4,7241
-2,12,7253
5,5,7258
8,2,7260
8,2,7262
7,3,7265
9,1,7266
1,7,7273
9,1,7274
9,1,7275
9,1,7276
9,1,7277
7,3,7280
9,1,7281
9,1,7282
9,1,7283
9,1,7284
5,5,7289
9,1,7290
5,5,7295
8,2,7297
7,3,7300
8,2,7302
9,1,7303
7,3,7306
-1,11,7317
9,1,7318
9,1,7319
7,3,7322
9,1,7323
9,1,7324
9,1,7325
9,1,7326
9,1,7327
9,1,7328
9,1,7329
8,2,7331
9,1,7332
9,1,7333
4,6,7339
8,2,7341
7,3,7344
7,3,7347
8,2,7349
9,1,7350
2,6,7356
9,1,7357
7,3,7360
2,7,7367
8,2,7369
9,1,7370
-5,15,7385
8,2,7387
9,1,7388
8,2,7390
9,1,7391
9,1,7392
9,1,7393
7,3,7396
9,1,7397
7,3,7400
9,1,7401
9,1,7402
8,2,7404
9,1,7405
7,3,7408
7,3,7411
7,3,7414
8,2,7416
3,5,7421
9,1,7422
9,1,7423
9,1,7424
3,7,7431
9,1,7432
4,5,7437
8,2,7439
7,3,7442
9,1,7443
9,1,7444
9,1,7445
9,1,7446
9,1,7447
7,3,7450
8,2,7452
7,3,7455
9,1,7456
9,1,7457
9,1,7458
7,3,7461
9,1,7462
9,1,7463
9,1,7464
7,3,7467
9,1,7468
9,1,7469
9,1,7470
9,1,7471
9,1,7472
7,3,7475
9,1,7476
8,2,7478
9,1,7479
9,1,7480
3,6,7486
8,2,7488
9,1,7489
9,1,7490
7,3,7493
9,1,7494
-24,20,7514
9,1,7515
8,2,7517
9,1,7518
9,1,7519
3,5,7524
3,6,7530
3,7,7537
9,1,7538
9,1,7539
5,4,7543
7,3,7546
8,2,7548
7,3,7551
0,9,7560
9,1,7561
9,1,7562
9,1,7563
6,4,7567
8,2,7569
9,1,7570
7,3,7573
9,1,7574
9,1,7575
7,3,7578
9,1,7579
1,8,7587
9,1,7588
2,8,7596
3,6,7602
7,3,7605
9,1,7606
9,1,7607
6,4,7611
8,2,7613
9,1,7614
-4,12,7626
-20,20,7646
9,1,7647
7,3,7650
9,1,7651
6,4,7655
9,1,7656
9,1,7657
8,2,7659
9,1,7660
9,1,7661
-2,12,7673
8,2,7675
9,1,7676
9,1,7677
7,3,7680
9,1,7681
8,2,7683
9,1,7684
9,1,7685
5,4,7689
9,1,7690
8,2,7692
9,1,7693
7,3,7696
-5,15,7711
9,1,7712
7,3,7715
9,1,7716
0,10,7726
9,1,7727
9,1,7728
9,1,7729
-4,12,7741
8,2,7743
9,1,7744
9,1,7745
8,2,7747
8,2,7749
7,3,7752
7,3,7755
6,4,7759
9,1,7760
9,1,7761
9,1,7762
9,1,7763
6,4,7767
9,1,7768
9,1,7769
8,2,7771
9,1,7772
4,6,7778
9,1,7779
9,1,7780
9,1,7781
5,5,7786
2,7,7793
7,3,7796
7,3,7799
9,1,7800
9,1,7801
4,6,7807
9,1,7808
9,1,7809
8,2,7811
9,1,7812
9,1,7813
8,2,7815
6,4,7819
9,1,7820
4,6,7826
8,2,7828
9,1,7829
3,5,7834
-21,20,7854
9,1,7855
7,3,7858
9,1,7859
9,1,7860
1,8,7868
8,2,7870
8,2,7872
8,2,7874
9,1,7875
1,8,7883
8,2,7885
9,1,7886
-1,11,7897
7,3,7900
9,1,7901
9,1,7902
9,1,7903
4,5,7908
9,1,7909
9,1,7910
9,1,7911
9,1,7912
9,1,7913
7,3,7916
9,1,7917
9,1,7918
3,6,7924
7,3,7927
7,3,7930
0,10,7940
7,3,7943
7,3,7946
9,1,7947
9,1,7948
8,2,7950
8,2,7952
9,1,7953
9,1,7954
9,1,7955
8,2,7957
8,2,7959
4,6,7965
9,1,7966
9,1,7967
8,2,7969
8,2,7971
9,1,7972
9,1,7973
5,4,7977
7,3,7980
8,2,7982
9,1,7983
9,1,7984
9,1,7985
9,1,7986
9,1,7987
6,4,7991
9,1,7992
7,3,7995
9,1,7996
0,9,8005
9,1,8006
9,1,8007
8,2,8009
9,1,8010
9,1,8011
9,1,8012
8,2,8014
9,1,8015
9,1,8016
9,1,8017
9,1,8018
8,2,8020
8,2,8022
-7,16,8038
7,3,8041
4,6,8047
7,3,8050
7,3,8053
9,1,8054
9,1,8055
9,1,8056
9,1,8057
2,8,8065
4,5,8070
7,3,8073
8,2,8075
9,1,8076
5,5,8081
9,1,8082
-2,9,8091
9,1,8092
5,5,8097
9,1,8098
7,3,8101
8,2,8103
9,1,8104
8,2,8106
9,1,8107
-9,18,8125
9,1,8126
5,4,8130
7,3,8133
8,2,8135
3,7,8142
9,1,8143
9,1,8144
9,1,8145
7,3,8148
9,1,8149
9,1,8150
5,5,8155
7,3,8158
7,3,8161
3,6,8167
5,5,8172
7,3,8175
7,3,8178
9,1,8179
8,2,8181
9,1,8182
6,4,8186
1,7,8193
2,8,8201
5,5,8206
9,1,8207
7,3,8210
9,1,8211
7,3,8214
9,1,8215
8,2,8217
9,1,8218
9,1,8219
8,2,8221
9,1,8222
3,7,8229
9,1,8230
7,3,8233
9,1,8234
9,1,8235
8,2,8237
5,4,8241
9,1,8242
9,1,8243
9,1,8244
9,1,8245
9,1,8246
7,3,8249
9,1,8250
8,2,8252
7,3,8255
6,4,8259
9,1,8260
9,1,8261
7,3,8264
7,3,8267
8,2,8269
9,1,8270
5,5,8275
6,4,8279
6,4,8283
9,1,8284
4,6,8290
9,1,8291
9,1,8292
5,4,8296
9,1,8297
9,1,8298
9,1,8299
9,1,8300
9,1,8301
9,1,8302
9,1,8303
9,1,8304
4,5,8309
8,2,8311
1,9,8320
8,2,8322
9,1,8323
9,1,8324
9,1,8325
7,3,8328
9,1,8329
9,1,8330
9,1,8331
9,1,8332
9,1,8333
5,5,8338
9,1,8339
9,1,8340
9,1,8341
5,4,8345
9,1,8346
7,3,8349
6,4,8353
9,1,8354
6,4,8358
9,1,8359
8,2,8361
9,1,8362
8,2,8364
9,1,8365
9,1,8366
9,1,8367
9,1,8368
9,1,8369
9,1,8370
8,2,8372
9,1,8373
9,1,8374
9,1,8375
9,1,8376
9,1,8377
9,1,8378
9,1,8379
9,1,8380
9,1,8381
8,2,8383
7,3,8386
8,2,8388
6,4,8392
9,1,8393
9,1,8394
9,1,8395
9,1,8396
9,1,8397
5,5,8402
6,4,8406
9,1,8407
5,5,8412
6,4,8416
6,4,8420
7,3,8423
9,1,8424
8,2,8426
9,1,8427
9,1,8428
9,1,8429
9,1,8430
8,2,8432
-12,17,8449
8,2,8451
9,1,8452
9,1,8453
9,1,8454
9,1,8455
7,3,8458
9,1,8459
9,1,8460
9,1,8461
9,1,8462
9,1,8463
9,1,8464
9,1,8465
6,4,8469
8,2,8471
9,1,8472
9,1,8473
8,2,8475
9,1,8476
7,3,8479
8,2,8481
7,3,8484
9,1,8485
5,4,8489
9,1,8490
7,3,8493
8,2,8495
9,1,8496
7,3,8499
9,1,8500
9,1,8501
7,3,8504
5,5,8509
9,1,8510
3,7,8517
7,3,8520
9,1,8521
9,1,8522
9,1,8523
7,3,8526
9,1,8527
6,4,8531
9,1,8532
9,1,8533
9,1,8534
5,5,8539
9,1,8540
8,2,8542
9,1,8543
8,2,8545
0,8,8553
9,1,8554
8,2,8556
7,3,8559
9,1,8560
3,7,8567
9,1,8568
9,1,8569
9,1,8570
3,7,8577
6,4,8581
9,1,8582
9,1,8583
9,1,8584
9,1,8585
-1,10,8595
9,1,8596
8,2,8598
3,7,8605
9,1,8606
9,1,8607
9,1,8608
9,1,8609
0,10,8619
6,4,8623
9,1,8624
9,1,8625
8,2,8627
9,1,8628
8,2,8630
9,1,8631
9,1,8632
9,1,8633
8,2,8635
8,2,8637
9,1,8638
9,1,8639
9,1,8640
9,1,8641
8,2,8643
9,1,8644
8,2,8646
9,1,8647
9,1,8648
9,1,8649
9,1,8650
8,2,8652
9,1,8653
7,3,8656
8,2,8658
9,1,8659
8,2,8661
9,1,8662
9,1,8663
9,1,8664
9,1,8665
9,1,8666
9,1,8667
3,7,8674
8,2,8676
-2,9,8685
9,1,8686
9,1,8687
9,1,8688
9,1,8689
9,1,8690
9,1,8691
8,2,8693
9,1,8694
8,2,8696
7,3,8699
9,1,8700
4,5,8705
7,3,8708
2,7,8715
8,2,8717
9,1,8718
6,4,8722
9,1,8723
9,1,8724
9,1,8725
9,1,8726
8,2,8728
5,5,8733
8,2,8735
9,1,8736
9,1,8737
9,1,8738
9,1,8739
7,3,8742
9,1,8743
7,3,8746
9,1,8747
9,1,8748
9,1,8749
-13,20,8769
5,5,8774
5,4,8778
9,1,8779
9,1,8780
9,1,8781
9,1,8782
9,1,8783
5,5,8788
9,1,8789
8,2,8791
8,2,8793
8,2,8795
9,1,8796
9,1,8797
9,1,8798
9,1,8799
8,2,8801
9,1,8802
8,2,8804
9,1,8805
7,3,8808
9,1,8809
9,1,8810
9,1,8811
7,3,8814
9,1,8815
9,1,8816
5,4,8820
6,4,8824
9,1,8825
9,1,8826
8,2,8828
9,1,8829
3,7,8836
9,1,8837
9,1,8838
9,1,8839
8,2,8841
9,1,8842
9,1,8843
9,1,8844
4,6,8850
9,1,8851
8,2,8853
9,1,8854
9,1,8855
9,1,8856
-8,18,8874
9,1,8875
9,1,8876
9,1,8877
9,1,8878
8,2,8880
3,6,8886
5,5,8891
9,1,8892
8,2,8894
9,1,8895
8,2,8897
9,1,8898
9,1,8899
9,1,8900
9,1,8901
5,5,8906
9,1,8907
9,1,8908
9,1,8909
9,1,8910
9,1,8911
6,4,8915
9,1,8916
9,1,8917
9,1,8918
7,3,8921
7,3,8924
7,3,8927
6,4,8931
9,1,8932
9,1,8933
9,1,8934
9,1,8935
9,1,8936
9,1,8937
9,1,8938
9,1,8939
9,1,8940
8,2,8942
2,7,8949
-9,16,8965
4,6,8971
9,1,8972
9,1,8973
9,1,8974
5,4,8978
5,5,8983
9,1,8984
9,1,8985
9,1,8986
9,1,8987
9,1,8988
9,1,8989
5,5,8994
9,1,8995
9,1,8996
9,1,8997
9,1,8998
9,1,8999
9,1,9000
9,1,9001
7,3,9004
9,1,9005
9,1,9006
5,4,9010
6,4,9014
9,1,9015
9,1,9016
8,2,9018
9,1,9019
6,4,9023
9,1,9024
9,1,9025
9,1,9026
9,1,9027
9,1,9028
9,1,9029
4,6,9035
7,3,9038
9,1,9039
9,1,9040
8,2,9042
9,1,9043
7,3,9046
5,5,9051
9,1,9052
9,1,9053
9,1,9054
7,3,9057
9,1,9058
9,1,9059
8,2,9061
9,1,9062
9,1,9063
9,1,9064
9,1,9065
3,6,9071
9,1,9072
9,1,9073
0,10,9083
8,2,9085
6,4,9089
8,2,9091
9,1,9092
7,3,9095
9,1,9096
5,4,9100
9,1,9101
9,1,9102
9,1,9103
9,1,9104
-1,11,9115
7,3,9118
9,1,9119
5,5,9124
9,1,9125
9,1,9126
9,1,9127
9,1,9128
9,1,9129
9,1,9130
9,1,9131
8,2,9133
9,1,9134
9,1,9135
9,1,9136
9,1,9137
9,1,9138
9,1,9139
9,1,9140
7,3,9143
-2,10,9153
9,1,9154
8,2,9156
9,1,9157
9,1,9158
7,3,9161
9,1,9162
9,1,9163
9,1,9164
7,3,9167
9,1,9168
9,1,9169
9,1,9170
8,2,9172
9,1,9173
8,2,9175
9,1,9176
6,4,9180
6,4,9184
9,1,9185
7,3,9188
7,3,9191
8,2,9193
1,7,9200
8,2,9202
9,1,9203
-1,11,9214
8,2,9216
9,1,9217
9,1,9218
4,5,9223
8,2,9225
9,1,9226
9,1,9227
9,1,9228
8,2,9230
9,1,9231
9,1,9232
8,2,9234
8,2,9236
9,1,9237
7,3,9240
5,4,9244
9,1,9245
5,5,9250
7,3,9253
9,1,9254
8,2,9256
7,3,9259
8,2,9261
1,9,9270
9,1,9271
9,1,9272
9,1,9273
7,3,9276
9,1,9277
9,1,9278
9,1,9279
9,1,9280
9,1,9281
9,1,9282
3,6,9288
7,3,9291
9,1,9292
4,6,9298
8,2,9300
9,1,9301
3,6,9307
8,2,9309
9,1,9310
9,1,9311
7,3,9314
8,2,9316
5,4,9320
9,1,9321
9,1,9322
6,4,9326
9,1,9327
9,1,9328
8,2,9330
9,1,9331
9,1,9332
9,1,9333
9,1,9334
9,1,9335
7,2,9337
9,1,9338
5,5,9343
8,2,9345
8,2,9347
9,1,9348
9,1,9349
9,1,9350
-3,11,9361
5,5,9366
9,1,9367
9,1,9368
9,1,9369
9,1,9370
9,1,9371
5,4,9375
9,1,9376
7,3,9379
7,3,9382
7,3,9385
9,1,9386
9,1,9387
9,1,9388
9,1,9389
9,1,9390
9,1,9391
9,1,9392
5,5,9397
7,3,9400
9,1,9401
9,1,9402
9,1,9403
9,1,9404
9,1,9405
9,1,9406
9,1,9407
3,6,9413
9,1,9414
9,1,9415
9,1,9416
9,1,9417
9,1,9418
8,2,9420
6,4,9424
9,1,9425
1,9,9434
5,4,9438
9,1,9439
9,1,9440
9,1,9441
9,1,9442
9,1,9443
5,5,9448
9,1,9449
9,1,9450
9,1,9451
8,2,9453
9,1,9454
9,1,9455
9,1,9456
9,1,9457
8,2,9459
9,1,9460
7,3,9463
9,1,9464
8,2,9466
9,1,9467
9,1,9468
9,1,9469
9,1,9470
9,1,9471
9,1,9472
9,1,9473
8,2,9475
9,1,9476
9,1,9477
8,2,9479
9,1,9480
9,1,9481
9,1,9482
9,1,9483
9,1,9484
9,1,9485
5,5,9490
9,1,9491
9,1,9492
9,1,9493
7,3,9496
9,1,9497
0,9,9506
7,3,9509
9,1,9510
9,1,9511
8,2,9513
2,7,9520
5,4,9524
9,1,9525
9,1,9526
5,5,9531
9,1,9532
9,1,9533
3,7,9540
0,9,9549
7,3,9552
8,2,9554
9,1,9555
9,1,9556
9,1,9557
9,1,9558
4,6,9564
9,1,9565
2,8,9573
9,1,9574
9,1,9575
9,1,9576
8,2,9578
8,2,9580
8,2,9582
9,1,9583
9,1,9584
8,2,9586
9,1,9587
7,3,9590
9,1,9591
9,1,9592
9,1,9593
9,1,9594
9,1,9595
7,3,9598
9,1,9599
9,1,9600
8,2,9602
4,5,9607
8,2,9609
9,1,9610
9,1,9611
9,1,9612
9,1,9613
9,1,9614
7,3,9617
8,2,9619
8,2,9621
9,1,9622
9,1,9623
6,4,9627
9,1,9628
8,2,9630
-3,11,9641
9,1,9642
9,1,9643
8,2,9645
9,1,9646
9,1,9647
9,1,9648
4,5,9653
9,1,9654
-7,16,9670
6,4,9674
8,2,9676
9,1,9677
9,1,9678
7,3,9681
9,1,9682
7,3,9685
9,1,9686
7,3,9689
9,1,9690
8,2,9692
9,1,9693
9,1,9694
9,1,9695
7,3,9698
9,1,9699
6,4,9703
1,8,9711
7,3,9714
8,2,9716
9,1,9717
9,1,9718
9,1,9719
8,2,9721
9,1,9722
9,1,9723
6,4,9727
7,3,9730
7,3,9733
9,1,9734
9,1,9735
7,3,9738
9,1,9739
9,1,9740
9,1,9741
7,3,9744
9,1,9745
9,1,9746
9,1,9747
9,1,9748
5,4,9752
9,1,9753
9,1,9754
9,1,9755
9,1,9756
9,1,9757
9,1,9758
-4,13,9771
9,1,9772
9,1,9773
7,3,9776
9,1,9777
9,1,9778
9,1,9779
9,1,9780
6,4,9784
1,9,9793
9,1,9794
9,1,9795
9,1,9796
9,1,9797
6,4,9801
9,1,9802
9,1,9803
9,1,9804
9,1,9805
9,1,9806
9,1,9807
9,1,9808
9,1,9809
8,2,9811
6,4,9815
5,5,9820
9,1,9821
9,1,9822
8,2,9824
7,3,9827
7,3,9830
9,1,9831
8,2,9833
9,1,9834
9,1,9835
9,1,9836
9,1,9837
9,1,9838
7,3,9841
9,1,9842
8,2,9844
7,3,9847
5,4,9851
9,1,9852
9,1,9853
9,1,9854
9,1,9855
9,1,9856
9,1,9857
9,1,9858
9,1,9859
8,2,9861
9,1,9862
9,1,9863
9,1,9864
9,1,9865
9,1,9866
7,3,9869
9,1,9870
9,1,9871
9,1,9872
9,1,9873
9,1,9874
5,5,9879
9,1,9880
6,4,9884
9,1,9885
7,3,9888
9,1,9889
8,2,9891
9,1,9892
9,1,9893
9,1,9894
9,1,9895
9,1,9896
9,1,9897
9,1,9898
9,1,9899
9,1,9900
9,1,9901
9,1,9902
9,1,9903
9,1,9904
9,1,9905
8,2,9907
9,1,9908
9,1,9909
8,2,9911
5,5,9916
9,1,9917
8,2,9919
9,1,9920
9,1,9921
9,1,9922
9,1,9923
9,1,9924
9,1,9925
8,2,9927
9,1,9928
6,4,9932
9,1,9933
6,4,9937
9,1,9938
7,3,9941
9,1,9942
9,1,9943
8,2,9945
6,4,9949
7,3,9952
9,1,9953
9,1,9954
9,1,9955
9,1,9956
9,1,9957
9,1,9958
9,1,9959
7,3,9962
3,7,9969
9,1,9970
9,1,9971
1,8,9979
8,2,9981
9,1,9982
8,2,9984
9,1,9985
9,1,9986
-1,11,9997
9,1,9998
9,1,9999
8,2,10001
6,4,10005
9,1,10006
-5,13,10019
9,1,10020
9,1,10021
9,1,10022
9,1,10023
6,4,10027
9,1,10028
8,2,10030
7,3,10033
5,5,10038
9,1,10039
9,1,10040
9,1,10041
9,1,10042
9,1,10043
8,2,10045
9,1,10046
9,1,10047
9,1,10048
9,1,10049
9,1,10050
7,3,10053
9,1,10054
4,5,10059
9,1,10060
9,1,10061
9,1,10062
9,1,10063
8,2,10065
8,2,10067
9,1,10068
9,1,10069
9,1,10070
9,1,10071
7,3,10074
6,4,10078
6,4,10082
7,3,10085
9,1,10086
5,4,10090
8,2,10092
9,1,10093
9,1,10094
9,1,10095
8,2,10097
9,1,10098
6,4,10102
3,7,10109
9,1,10110
5,5,10115
9,1,10116
9,1,10117
6,4,10121
9,1,10122
9,1,10123
9,1,10124
7,3,10127
9,1,10128
9,1,10129
6,4,10133
7,3,10136
8,2,10138
7,3,10141
9,1,10142
9,1,10143
9,1,10144
9,1,10145
9,1,10146
8,2,10148
8,2,10150
5,4,10154
7,3,10157
9,1,10158
7,3,10161
8,2,10163
9,1,10164
6,4,10168
9,1,10169
9,1,10170
9,1,10171
9,1,10172
8,2,10174
9,1,10175
9,1,10176
8,2,10178
9,1,10179
9,1,10180
9,1,10181
9,1,10182
9,1,10183
7,3,10186
5,4,10190
9,1,10191
7,3,10194
9,1,10195
9,1,10196
9,1,10197
9,1,10198
9,1,10199
9,1,10200
9,1,10201
6,4,10205
9,1,10206
8,2,10208
9,1,10209
9,1,10210
9,1,10211
8,2,10213
4,5,10218
8,2,10220
9,1,10221
8,2,10223
8,2,10225
8,2,10227
9,1,10228
9,1,10229
-1,11,10240
9,1,10241
9,1,10242
9,1,10243
9,1,10244
7,3,10247
9,1,10248
9,1,10249
9,1,10250
8,2,10252
9,1,10253
9,1,10254
9,1,10255
9,1,10256
7,3,10259
9,1,10260
9,1,10261
9,1,10262
9,1,10263
8,2,10265
9,1,10266
9,1,10267
8,2,10269
9,1,10270
8,2,10272
9,1,10273
9,1,10274
9,1,10275
8,2,10277
7,3,10280
9,1,10281
6,3,10284
8,2,10286
9,1,10287
9,1,10288
9,1,10289
9,1,10290
9,1,10291
9,1,10292
9,1,10293
0,9,10302
9,1,10303
-2,10,10313
9,1,10314
4,6,10320
9,1,10321
9,1,10322
9,1,10323
9,1,10324
9,1,10325
7,3,10328
9,1,10329
9,1,10330
9,1,10331
9,1,10332
9,1,10333
9,1,10334
5,4,10338
6,4,10342
9,1,10343
4,5,10348
6,4,10352
9,1,10353
8,2,10355
4,5,10360
9,1,10361
9,1,10362
9,1,10363
9,1,10364
9,1,10365
9,1,10366
9,1,10367
4,6,10373
9,1,10374
9,1,10375
9,1,10376
8,2,10378
0,10,10388
9,1,10389
5,4,10393
9,1,10394
7,3,10397
9,1,10398
9,1,10399
9,1,10400
-1,9,10409
9,1,10410
9,1,10411
7,3,10414
9,1,10415
9,1,10416
9,1,10417
9,1,10418
7,3,10421
9,1,10422
9,1,10423
9,1,10424
9,1,10425
9,1,10426
9,1,10427
9,1,10428
9,1,10429
9,1,10430
9,1,10431
5,5,10436
9,1,10437
8,2,10439
3,6,10445
8,2,10447
9,1,10448
9,1,10449
8,2,10451
7,3,10454
9,1,10455
9,1,10456
7,3,10459
9,1,10460
9,1,10461
9,1,10462
9,1,10463
9,1,10464
9,1,10465
9,1,10466
9,1,10467
9,1,10468
9,1,10469
9,1,10470
9,1,10471
9,1,10472
9,1,10473
9,1,10474
9,1,10475
9,1,10476
9,1,10477
8,2,10479
9,1,10480
9,1,10481
9,1,10482
9,1,10483
9,1,10484
9,1,10485
9,1,10486
0,10,10496
9,1,10497
9,1,10498
9,1,10499
9,1,10500
9,1,10501
9,1,10502
7,3,10505
9,1,10506
9,1,10507
6,3,10510
9,1,10511
8,2,10513
9,1,10514
9,1,10515
9,1,10516
9,1,10517
9,1,10518
8,2,10520
9,1,10521
8,2,10523
9,1,10524
9,1,10525
9,1,10526
8,2,10528
9,1,10529
7,3,10532
9,1,10533
9,1,10534
9,1,10535
8,2,10537
8,2,10539
8,2,10541
9,1,10542
9,1,10543
9,1,10544
9,1,10545
9,1,10546
9,1,10547
8,2,10549
9,1,10550
9,1,10551
9,1,10552
9,1,10553
0,9,10562
9,1,10563
9,1,10564
4,6,10570
9,1,10571
9,1,10572
9,1,10573
9,1,10574
9,1,10575
9,1,10576
9,1,10577
9,1,10578
9,1,10579
9,1,10580
9,1,10581
9,1,10582
9,1,10583
9,1,10584
9,1,10585
9,1,10586
8,2,10588
9,1,10589
9,1,10590
9,1,10591
9,1,10592
9,1,10593
9,1,10594
9,1,10595
9,1,10596
9,1,10597
9,1,10598
9,1,10599
9,1,10600
9,1,10601
9,1,10602
3,6,10608
9,1,10609
9,1,10610
2,8,10618
9,1,10619
9,1,10620
9,1,10621
6,4,10625
8,2,10627
9,1,10628
5,5,10633
9,1,10634
9,1,10635
9,1,10636
9,1,10637
7,3,10640
9,1,10641
5,4,10645
9,1,10646
9,1,10647
9,1,10648
9,1,10649
9,1,10650
8,2,10652
9,1,10653
4,6,10659
9,1,10660
8,2,10662
9,1,10663
8,2,10665
9,1,10666
9,1,10667
9,1,10668
9,1,10669
4,5,10674
9,1,10675
-1,11,10686
8,2,10688
6,4,10692
9,1,10693
9,1,10694
9,1,10695
9,1,10696
9,1,10697
7,3,10700
9,1,10701
9,1,10702
5,5,10707
9,1,10708
5,5,10713
9,1,10714
7,3,10717
9,1,10718
9,1,10719
9,1,10720
9,1,10721
9,1,10722
9,1,10723
3,6,10729
5,5,10734
7,3,10737
9,1,10738
9,1,10739
9,1,10740
8,2,10742
9,1,10743
6,4,10747
6,4,10751
8,2,10753
9,1,10754
9,1,10755
9,1,10756
6,4,10760
9,1,10761
9,1,10762
9,1,10763
1,8,10771
9,1,10772
9,1,10773
9,1,10774
9,1,10775
9,1,10776
8,2,10778
9,1,10779
9,1,10780
9,1,10781
9,1,10782
5,5,10787
8,2,10789
8,2,10791
7,3,10794
9,1,10795
4,6,10801
9,1,10802
9,1,10803
9,1,10804
9,1,10805
9,1,10806
9,1,10807
9,1,10808
9,1,10809
9,1,10810
8,2,10812
9,1,10813
9,1,10814
9,1,10815
9,1,10816
9,1,10817
8,2,10819
8,2,10821
6,3,10824
9,1,10825
7,3,10828
3,7,10835
9,1,10836
5,5,10841
8,2,10843
8,2,10845
5,4,10849
9,1,10850
9,1,10851
9,1,10852
9,1,10853
9,1,10854
8,2,10856
9,1,10857
7,3,10860
8,2,10862
8,2,10864
9,1,10865
4,6,10871
8,2,10873
-1,9,10882
9,1,10883
7,3,10886
9,1,10887
9,1,10888
9,1,10889
9,1,10890
9,1,10891
4,6,10897
9,1,10898
9,1,10899
9,1,10900
9,1,10901
6,4,10905
9,1,10906
9,1,10907
9,1,10908
9,1,10909
9,1,10910
6,3,10913
9,1,10914
6,4,10918
9,1,10919
9,1,10920
1,9,10929
9,1,10930
9,1,10931
9,1,10932
6,4,10936
9,1,10937
6,4,10941
5,5,10946
9,1,10947
8,2,10949
7,3,10952
9,1,10953
7,3,10956
9,1,10957
9,1,10958
9,1,10959
9,1,10960
9,1,10961
5,4,10965
9,1,10966
7,3,10969
9,1,10970
9,1,10971
9,1,10972
9,1,10973
9,1,10974
9,1,10975
9,1,10976
9,1,10977
9,1,10978
6,4,10982
5,5,10987
8,2,10989
9,1,10990
8,2,10992
9,1,10993
9,1,10994
9,1,10995
9,1,10996
9,1,10997
9,1,10998
9,1,10999
9,1,11000
9,1,11001
8,2,11003
8,2,11005
4,5,11010
9,1,11011
9,1,11012
9,1,11013
9,1,11014
9,1,11015
9,1,11016
5,5,11021
8,2,11023
5,5,11028
9,1,11029
9,1,11030
9,1,11031
9,1,11032
9,1,11033
9,1,11034
7,3,11037
9,1,11038
9,1,11039
9,1,11040
-1,8,11048
9,1,11049
9,1,11050
9,1,11051
5,5,11056
9,1,11057
9,1,11058
9,1,11059
9,1,11060
9,1,11061
9,1,11062
9,1,11063
9,1,11064
9,1,11065
9,1,11066
9,1,11067
6,4,11071
9,1,11072
8,2,11074
9,1,11075
6,4,11079
9,1,11080
9,1,11081
9,1,11082
8,2,11084
2,6,11090
9,1,11091
9,1,11092
9,1,11093
9,1,11094
9,1,11095
9,1,11096
9,1,11097
9,1,11098
9,1,11099
9,1,11100
9,1,11101
9,1,11102
9,1,11103
8,2,11105
9,1,11106
9,1,11107
9,1,11108
9,1,11109
9,1,11110
8,2,11112
9,1,11113
9,1,11114
9,1,11115
9,1,11116
6,4,11120
9,1,11121
9,1,11122
9,1,11123
9,1,11124
8,2,11126
6,4,11130
9,1,11131
9,1,11132
9,1,11133
9,1,11134
9,1,11135
7,3,11138
7,3,11141
9,1,11142
9,1,11143
9,1,11144
9,1,11145
9,1,11146
9,1,11147
9,1,11148
9,1,11149
8,2,11151
9,1,11152
9,1,11153
9,1,11154
9,1,11155
9,1,11156
7,3,11159
9,1,11160
9,1,11161
9,1,11162
9,1,11163
8,2,11165
9,1,11166
9,1,11167
7,3,11170
9,1,11171
7,3,11174
9,1,11175
9,1,11176
8,2,11178
9,1,11179
9,1,11180
9,1,11181
9,1,11182
9,1,11183
9,1,11184
9,1,11185
9,1,11186
9,1,11187
9,1,11188
9,1,11189
9,1,11190
9,1,11191
9,1,11192
9,1,11193
9,1,11194
9,1,11195
9,1,11196
9,1,11197
7,3,11200
9,1,11201
7,3,11204
7,3,11207
9,1,11208
9,1,11209
9,1,11210
9,1,11211
9,1,11212
8,2,11214
9,1,11215
9,1,11216
9,1,11217
9,1,11218
9,1,11219
3,6,11225
9,1,11226
9,1,11227
9,1,11228
9,1,11229
9,1,11230
9,1,11231
8,2,11233
9,1,11234
9,1,11235
9,1,11236
9,1,11237
8,2,11239
6,3,11242
9,1,11243
3,7,11250
9,1,11251
9,1,11252
9,1,11253
9,1,11254
9,1,11255
9,1,11256
9,1,11257
9,1,11258
9,1,11259
9,1,11260
9,1,11261
9,1,11262
9,1,11263
9,1,11264
9,1,11265
9,1,11266
9,1,11267
9,1,11268
7,3,11271
9,1,11272
6,4,11276
9,1,11277
9,1,11278
9,1,11279
9,1,11280
9,1,11281
9,1,11282
9,1,11283
9,1,11284
9,1,11285
3,6,11291
9,1,11292
9,1,11293
9,1,11294
9,1,11295
9,1,11296
9,1,11297
9,1,11298
3,7,11305
9,1,11306
9,1,11307
9,1,11308
9,1,11309
9,1,11310
8,2,11312
9,1,11313
5,4,11317
9,1,11318
9,1,11319
9,1,11320
9,1,11321
6,4,11325
9,1,11326
9,1,11327
9,1,11328
9,1,11329
9,1,11330
7,3,11333
9,1,11334
9,1,11335
9,1,11336
8,2,11338
9,1,11339
0,8,11347
9,1,11348
9,1,11349
9,1,11350
9,1,11351
9,1,11352
9,1,11353
9,1,11354
9,1,11355
9,1,11356
9,1,11357
9,1,11358
3,6,11364
8,2,11366
9,1,11367
9,1,11368
9,1,11369
9,1,11370
9,1,11371
9,1,11372
9,1,11373
9,1,11374
9,1,11375
9,1,11376
9,1,11377
9,1,11378
9,1,11379
9,1,11380
9,1,11381
9,1,11382
9,1,11383
1,8,11391
9,1,11392
8,2,11394
2,7,11401
5,5,11406
9,1,11407
7,3,11410
3,6,11416
9,1,11417
9,1,11418
6,4,11422
9,1,11423
9,1,11424
9,1,11425
9,1,11426
9,1,11427
9,1,11428
7,3,11431
9,1,11432
8,2,11434
9,1,11435
9,1,11436
8,2,11438
9,1,11439
8,2,11441
9,1,11442
9,1,11443
9,1,11444
7,3,11447
6,3,11450
7,3,11453
9,1,11454
9,1,11455
9,1,11456
9,1,11457
9,1,11458
9,1,11459
9,1,11460
7,3,11463
9,1,11464
8,2,11466
9,1,11467
8,2,11469
9,1,11470
9,1,11471
9,1,11472
9,1,11473
9,1,11474
8,2,11476
9,1,11477
3,7,11484
9,1,11485
9,1,11486
9,1,11487
8,2,11489
9,1,11490
9,1,11491
3,6,11497
9,1,11498
9,1,11499
9,1,11500
9,1,11501
9,1,11502
9,1,11503
9,1,11504
9,1,11505
9,1,11506
9,1,11507
9,1,11508
9,1,11509
6,4,11513
9,1,11514
9,1,11515
9,1,11516
9,1,11517
9,1,11518
9,1,11519
9,1,11520
9,1,11521
9,1,11522
9,1,11523
2,8,11531
4,6,11537
9,1,11538
9,1,11539
9,1,11540
9,1,11541
-4,12,11553
9,1,11554
7,3,11557
9,1,11558
9,1,11559
9,1,11560
9,1,11561
9,1,11562
9,1,11563
9,1,11564
9,1,11565
9,1,11566
9,1,11567
9,1,11568
9,1,11569
7,3,11572
-6,13,11585
-2,10,11595
9,1,11596
5,4,11600
9,1,11601
9,1,11602
9,1,11603
9,1,11604
9,1,11605
9,1,11606
9,1,11607
9,1,11608
3,7,11615
5,4,11619
9,1,11620
9,1,11621
9,1,11622
9,1,11623
9,1,11624
8,2,11626
9,1,11627
9,1,11628
9,1,11629
9,1,11630
9,1,11631
9,1,11632
9,1,11633
9,1,11634
9,1,11635
9,1,11636
9,1,11637
8,2,11639
9,1,11640
9,1,11641
1,9,11650
7,3,11653
7,3,11656
9,1,11657
8,2,11659
-1,10,11669
9,1,11670
9,1,11671
9,1,11672
3,6,11678
8,2,11680
7,3,11683
9,1,11684
5,4,11688
9,1,11689
9,1,11690
9,1,11691
9,1,11692
9,1,11693
9,1,11694
9,1,11695
9,1,11696
6,4,11700
9,1,11701
9,1,11702
9,1,11703
7,3,11706
9,1,11707
9,1,11708
9,1,11709
9,1,11710
9,1,11711
9,1,11712
9,1,11713
9,1,11714
9,1,11715
9,1,11716
8,2,11718
9,1,11719
9,1,11720
9,1,11721
9,1,11722
1,8,11730
9,1,11731
9,1,11732
7,3,11735
8,2,11737
6,4,11741
9,1,11742
8,2,11744
9,1,11745
2,7,11752
9,1,11753
9,1,11754
9,1,11755
9,1,11756
9,1,11757
8,2,11759
9,1,11760
9,1,11761
9,1,11762
9,1,11763
5,4,11767
9,1,11768
9,1,11769
9,1,11770
9,1,11771
9,1,11772
9,1,11773
9,1,11774
9,1,11775
9,1,11776
9,1,11777
9,1,11778
9,1,11779
8,2,11781
9,1,11782
8,2,11784
8,2,11786
9,1,11787
7,3,11790
9,1,11791
9,1,11792
9,1,11793
9,1,11794
9,1,11795
3,5,11800
9,1,11801
8,2,11803
9,1,11804
9,1,11805
9,1,11806
9,1,11807
7,3,11810
8,2,11812
3,7,11819
9,1,11820
9,1,11821
9,1,11822
9,1,11823
9,1,11824
9,1,11825
9,1,11826
3,5,11831
9,1,11832
9,1,11833
9,1,11834
9,1,11835
9,1,11836
9,1,11837
4,5,11842
9,1,11843
9,1,11844
9,1,11845
9,1,11846
9,1,11847
9,1,11848
9,1,11849
9,1,11850
9,1,11851
9,1,11852
9,1,11853
8,2,11855
6,4,11859
9,1,11860
9,1,11861
9,1,11862
9,1,11863
7,3,11866
9,1,11867
9,1,11868
9,1,11869
9,1,11870
9,1,11871
9,1,11872
9,1,11873
9,1,11874
9,1,11875
8,2,11877
7,3,11880
8,2,11882
9,1,11883
9,1,11884
9,1,11885
9,1,11886
9,1,11887
9,1,11888
9,1,11889
9,1,11890
9,1,11891
9,1,11892
9,1,11893
9,1,11894
9,1,11895
7,3,11898
8,2,11900
9,1,11901
9,1,11902
7,3,11905
9,1,11906
9,1,11907
9,1,11908
9,1,11909
9,1,11910
8,2,11912
9,1,11913
9,1,11914
9,1,11915
9,1,11916
9,1,11917
9,1,11918
9,1,11919
9,1,11920
9,1,11921
8,2,11923
9,1,11924
5,5,11929
9,1,11930
7,3,11933
9,1,11934
9,1,11935
9,1,11936
9,1,11937
9,1,11938
9,1,11939
9,1,11940
9,1,11941
7,3,11944
9,1,11945
9,1,11946
9,1,11947
9,1,11948
9,1,11949
9,1,11950
9,1,11951
9,1,11952
9,1,11953
0,7,11960
9,1,11961
5,5,11966
6,3,11969
9,1,11970
9,1,11971
7,3,11974
9,1,11975
9,1,11976
9,1,11977
9,1,11978
9,1,11979
9,1,11980
7,3,11983
9,1,11984
9,1,11985
9,1,11986
9,1,11987
9,1,11988
9,1,11989
9,1,11990
9,1,11991
9,1,11992
7,3,11995
9,1,11996
9,1,11997
9,1,11998
8,2,12000
9,1,12001
9,1,12002
9,1,12003
9,1,12004
9,1,12005
9,1,12006
9,1,12007
9,1,12008
-4,12,12020
9,1,12021
8,2,12023
3,7,12030
9,1,12031
9,1,12032
9,1,12033
6,3,12036
9,1,12037
8,2,12039
9,1,12040
9,1,12041
9,1,12042
8,2,12044
9,1,12045
9,1,12046
9,1,12047
9,1,12048
6,4,12052
9,1,12053
7,3,12056
8,2,12058
9,1,12059
9,1,12060
9,1,12061
8,2,12063
8,2,12065
9,1,12066
9,1,12067
9,1,12068
9,1,12069
9,1,12070
8,2,12072
9,1,12073
9,1,12074
9,1,12075
9,1,12076
9,1,12077
9,1,12078
8,2,12080
9,1,12081
5,5,12086
9,1,12087
9,1,12088
9,1,12089
9,1,12090
9,1,12091
9,1,12092
9,1,12093
9,1,12094
9,1,12095
9,1,12096
9,1,12097
8,2,12099
7,3,12102
9,1,12103
9,1,12104
9,1,12105
9,1,12106
9,1,12107
9,1,12108
9,1,12109
9,1,12110
9,1,12111
9,1,12112
9,1,12113
9,1,12114
7,3,12117
9,1,12118
8,2,12120
6,3,12123
9,1,12124
9,1,12125
9,1,12126
9,1,12127
9,1,12128
8,2,12130
9,1,12131
9,1,12132
9,1,12133
9,1,12134
9,1,12135
9,1,12136
9,1,12137
9,1,12138
9,1,12139
9,1,12140
9,1,12141
8,2,12143
8,2,12145
7,3,12148
9,1,12149
9,1,12150
9,1,12151
9,1,12152
9,1,12153
9,1,12154
8,2,12156
9,1,12157
9,1,12158
8,2,12160
9,1,12161
9,1,12162
9,1,12163
9,1,12164
7,3,12167
9,1,12168
5,4,12172
8,2,12174
9,1,12175
9,1,12176
9,1,12177
9,1,12178
9,1,12179
8,2,12181
9,1,12182
9,1,12183
9,1,12184
9,1,12185
9,1,12186
9,1,12187
9,1,12188
7,3,12191
9,1,12192
9,1,12193
9,1,12194
9,1,12195
7,3,12198
9,1,12199
9,1,12200
9,1,12201
9,1,12202
9,1,12203
9,1,12204
9,1,12205
9,1,12206
7,3,12209
9,1,12210
6,4,12214
7,3,12217
5,4,12221
9,1,12222
4,5,12227
9,1,12228
9,1,12229
1,6,12235
9,1,12236
8,2,12238
9,1,12239
7,3,12242
9,1,12243
9,1,12244
9,1,12245
9,1,12246
9,1,12247
9,1,12248
9,1,12249
9,1,12250
5,4,12254
9,1,12255
9,1,12256
8,2,12258
8,2,12260
9,1,12261
9,1,12262
9,1,12263
9,1,12264
9,1,12265
8,2,12267
2,6,12273
1,8,12281
9,1,12282
9,1,12283
9,1,12284
9,1,12285
9,1,12286
9,1,12287
9,1,12288
9,1,12289
9,1,12290
9,1,12291
8,2,12293
9,1,12294
7,3,12297
9,1,12298
8,2,12300
9,1,12301
9,1,12302
9,1,12303
9,1,12304
5,5,12309
9,1,12310
3,5,12315
9,1,12316
9,1,12317
9,1,12318
9,1,12319
9,1,12320
9,1,12321
9,1,12322
9,1,12323
9,1,12324
9,1,12325
8,2,12327
9,1,12328
9,1,12329
9,1,12330
9,1,12331
9,1,12332
9,1,12333
4,6,12339
9,1,12340
9,1,12341
7,3,12344
9,1,12345
9,1,12346
7,3,12349
9,1,12350
9,1,12351
9,1,12352
9,1,12353
9,1,12354
9,1,12355
9,1,12356
9,1,12357
9,1,12358
9,1,12359
9,1,12360
7,3,12363
9,1,12364
9,1,12365
9,1,12366
9,1,12367
9,1,12368
9,1,12369
9,1,12370
9,1,12371
9,1,12372
9,1,12373
9,1,12374
9,1,12375
9,1,12376
9,1,12377
9,1,12378
7,3,12381
7,3,12384
9,1,12385
9,1,12386
9,1,12387
9,1,12388
9,1,12389
9,1,12390
9,1,12391
9,1,12392
9,1,12393
9,1,12394
9,1,12395
9,1,12396
9,1,12397
9,1,12398
9,1,12399
9,1,12400
9,1,12401
7,3,12404
9,1,12405
9,1,12406
9,1,12407
8,2,12409
9,1,12410
9,1,12411
9,1,12412
9,1,12413
4,5,12418
9,1,12419
9,1,12420
9,1,12421
9,1,12422
9,1,12423
9,1,12424
9,1,12425
9,1,12426
9,1,12427
9,1,12428
9,1,12429
9,1,12430
9,1,12431
9,1,12432
9,1,12433
9,1,12434
9,1,12435
8,2,12437
9,1,12438
9,1,12439
9,1,12440
5,4,12444
9,1,12445
9,1,12446
9,1,12447
9,1,12448
9,1,12449
9,1,12450
9,1,12451
9,1,12452
9,1,12453
9,1,12454
9,1,12455
8,2,12457
9,1,12458
9,1,12459
9,1,12460
7,3,12463
9,1,12464
9,1,12465
9,1,12466
9,1,12467
9,1,12468
9,1,12469
9,1,12470
9,1,12471
5,4,12475
7,3,12478
7,3,12481
9,1,12482
9,1,12483
9,1,12484
9,1,12485
9,1,12486
9,1,12487
9,1,12488
9,1,12489
8,2,12491
9,1,12492
9,1,12493
9,1,12494
9,1,12495
9,1,12496
9,1,12497
9,1,12498
9,1,12499
8,2,12501
7,3,12504
9,1,12505
9,1,12506
9,1,12507
9,1,12508
9,1,12509
6,4,12513
8,2,12515
9,1,12516
9,1,12517
9,1,12518
8,2,12520
9,1,12521
9,1,12522
6,4,12526
9,1,12527
7,3,12530
9,1,12531
9,1,12532
9,1,12533
4,6,12539
9,1,12540
7,3,12543
8,2,12545
9,1,12546
9,1,12547
9,1,12548
9,1,12549
9,1,12550
9,1,12551
5,5,12556
9,1,12557
9,1,12558
9,1,12559
9,1,12560
9,1,12561
9,1,12562
8,2,12564
9,1,12565
9,1,12566
9,1,12567
9,1,12568
9,1,12569
9,1,12570
9,1,12571
9,1,12572
9,1,12573
9,1,12574
8,2,12576
9,1,12577
9,1,12578
6,4,12582
9,1,12583
9,1,12584
9,1,12585
9,1,12586
9,1,12587
9,1,12588
9,1,12589
6,4,12593
9,1,12594
7,3,12597
9,1,12598
9,1,12599
8,2,12601
9,1,12602
9,1,12603
9,1,12604
9,1,12605
9,1,12606
9,1,12607
9,1,12608
9,1,12609
9,1,12610
9,1,12611
9,1,12612
7,3,12615
9,1,12616
9,1,12617
9,1,12618
9,1,12619
9,1,12620
9,1,12621
9,1,12622
9,1,12623
9,1,12624
9,1,12625
9,1,12626
9,1,12627
9,1,12628
9,1,12629
9,1,12630
8,2,12632
9,1,12633
8,2,12635
9,1,12636
9,1,12637
9,1,12638
8,2,12640
9,1,12641
9,1,12642
9,1,12643
9,1,12644
9,1,12645
9,1,12646
9,1,12647
7,3,12650
7,3,12653
9,1,12654
9,1,12655
9,1,12656
9,1,12657
9,1,12658
9,1,12659
9,1,12660
9,1,12661
9,1,12662
9,1,12663
9,1,12664
9,1,12665
9,1,12666
9,1,12667
9,1,12668
9,1,12669
9,1,12670
9,1,12671
9,1,12672
9,1,12673
9,1,12674
9,1,12675
9,1,12676
9,1,12677
9,1,12678
9,1,12679
9,1,12680
9,1,12681
5,5,12686
9,1,12687
9,1,12688
9,1,12689
7,3,12692
1,9,12701
9,1,12702
9,1,12703
9,1,12704
9,1,12705
9,1,12706
9,1,12707
9,1,12708
9,1,12709
8,2,12711
9,1,12712
9,1,12713
9,1,12714
8,2,12716
2,6,12722
1,7,12729
9,1,12730
3,6,12736
9,1,12737
6,4,12741
9,1,12742
9,1,12743
9,1,12744
9,1,12745
9,1,12746
7,3,12749
9,1,12750
9,1,12751
9,1,12752
9,1,12753
9,1,12754
3,6,12760
9,1,12761
9,1,12762
9,1,12763
9,1,12764
7,3,12767
9,1,12768
3,5,12773
7,3,12776
6,4,12780
9,1,12781
9,1,12782
9,1,12783
9,1,12784
6,3,12787
9,1,12788
8,2,12790
9,1,12791
9,1,12792
8,2,12794
9,1,12795
9,1,12796
9,1,12797
9,1,12798
9,1,12799
9,1,12800
3,7,12807
9,1,12808
9,1,12809
9,1,12810
9,1,12811
9,1,12812
7,3,12815
9,1,12816
7,3,12819
9,1,12820
9,1,12821
6,4,12825
9,1,12826
7,3,12829
8,2,12831
8,2,12833
9,1,12834
9,1,12835
9,1,12836
9,1,12837
9,1,12838
8,2,12840
6,4,12844
9,1,12845
9,1,12846
9,1,12847
9,1,12848
9,1,12849
9,1,12850
9,1,12851
9,1,12852
9,1,12853
8,2,12855
9,1,12856
9,1,12857
9,1,12858
9,1,12859
9,1,12860
7,3,12863
7,3,12866
9,1,12867
8,2,12869
9,1,12870
9,1,12871
9,1,12872
9,1,12873
9,1,12874
7,3,12877
4,6,12883
9,1,12884
9,1,12885
9,1,12886
9,1,12887
9,1,12888
9,1,12889
9,1,12890
9,1,12891
7,3,12894
7,3,12897
8,2,12899
9,1,12900
5,5,12905
9,1,12906
9,1,12907
9,1,12908
9,1,12909
9,1,12910
9,1,12911
9,1,12912
9,1,12913
9,1,12914
9,1,12915
9,1,12916
7,3,12919
9,1,12920
9,1,12921
9,1,12922
7,3,12925
9,1,12926
5,4,12930
9,1,12931
9,1,12932
9,1,12933
9,1,12934
9,1,12935
9,1,12936
9,1,12937
9,1,12938
9,1,12939
9,1,12940
9,1,12941
9,1,12942
7,3,12945
9,1,12946
9,1,12947
9,1,12948
9,1,12949
7,3,12952
9,1,12953
9,1,12954
9,1,12955
8,2,12957
9,1,12958
9,1,12959
9,1,12960
7,3,12963
9,1,12964
9,1,12965
9,1,12966
6,4,12970
9,1,12971
9,1,12972
9,1,12973
9,1,12974
9,1,12975
9,1,12976
7,3,12979
9,1,12980
9,1,12981
9,1,12982
9,1,12983
9,1,12984
9,1,12985
9,1,12986
9,1,12987
9,1,12988
9,1,12989
9,1,12990
9,1,12991
9,1,12992
9,1,12993
9,1,12994
9,1,12995
9,1,12996
9,1,12997
9,1,12998
9,1,12999
4,6,13005
9,1,13006
9,1,13007
9,1,13008
8,2,13010
9,1,13011
9,1,13012
9,1,13013
9,1,13014
8,2,13016
6,4,13020
9,1,13021
9,1,13022
9,1,13023
9,1,13024
5,5,13029
9,1,13030
9,1,13031
9,1,13032
9,1,13033
8,2,13035
9,1,13036
8,2,13038
9,1,13039
9,1,13040
9,1,13041
8,2,13043
9,1,13044
6,4,13048
7,3,13051
7,3,13054
9,1,13055
9,1,13056
9,1,13057
9,1,13058
9,1,13059
9,1,13060
9,1,13061
3,7,13068
9,1,13069
9,1,13070
9,1,13071
7,3,13074
9,1,13075
9,1,13076
9,1,13077
9,1,13078
8,2,13080
7,3,13083
9,1,13084
9,1,13085
9,1,13086
9,1,13087
9,1,13088
9,1,13089
5,5,13094
9,1,13095
9,1,13096
9,1,13097
9,1,13098
8,2,13100
9,1,13101
9,1,13102
9,1,13103
9,1,13104
9,1,13105
9,1,13106
9,1,13107
9,1,13108
9,1,13109
9,1,13110
9,1,13111
9,1,13112
9,1,13113
9,1,13114
9,1,13115
9,1,13116
9,1,13117
9,1,13118
9,1,13119
9,1,13120
9,1,13121
9,1,13122
9,1,13123
9,1,13124
9,1,13125
3,7,13132
9,1,13133
9,1,13134
9,1,13135
9,1,13136
9,1,13137
9,1,13138
9,1,13139
9,1,13140
9,1,13141
9,1,13142
9,1,13143
9,1,13144
8,2,13146
9,1,13147
9,1,13148
9,1,13149
9,1,13150
9,1,13151
9,1,13152
9,1,13153
9,1,13154
9,1,13155
9,1,13156
9,1,13157
6,3,13160
9,1,13161
9,1,13162
9,1,13163
9,1,13164
9,1,13165
9,1,13166
9,1,13167
9,1,13168
9,1,13169
9,1,13170
9,1,13171
9,1,13172
9,1,13173
9,1,13174
9,1,13175
9,1,13176
9,1,13177
9,1,13178
4,6,13184
9,1,13185
9,1,13186
9,1,13187
9,1,13188
8,2,13190
9,1,13191
9,1,13192
9,1,13193
9,1,13194
9,1,13195
3,7,13202
8,2,13204
9,1,13205
9,1,13206
9,1,13207
9,1,13208
9,1,13209
9,1,13210
8,2,13212
9,1,13213
9,1,13214
9,1,13215
8,2,13217
9,1,13218
6,3,13221
9,1,13222
9,1,13223
9,1,13224
9,1,13225
9,1,13226
9,1,13227
9,1,13228
7,3,13231
9,1,13232
9,1,13233
9,1,13234
9,1,13235
9,1,13236
9,1,13237
9,1,13238
9,1,13239
9,1,13240
9,1,13241
9,1,13242
7,3,13245
8,2,13247
9,1,13248
9,1,13249
9,1,13250
9,1,13251
9,1,13252
9,1,13253
8,2,13255
9,1,13256
5,5,13261
9,1,13262
9,1,13263
8,2,13265
9,1,13266
9,1,13267
9,1,13268
9,1,13269
9,1,13270
6,4,13274
9,1,13275
6,3,13278
9,1,13279
9,1,13280
9,1,13281
9,1,13282
7,3,13285
6,4,13289
9,1,13290
7,3,13293
7,3,13296
9,1,13297
9,1,13298
8,2,13300
9,1,13301
9,1,13302
9,1,13303
9,1,13304
3,6,13310
9,1,13311
9,1,13312
9,1,13313
9,1,13314
9,1,13315
9,1,13316
9,1,13317
7,3,13320
9,1,13321
9,1,13322
9,1,13323
9,1,13324
9,1,13325
9,1,13326
9,1,13327
9,1,13328
9,1,13329
9,1,13330
9,1,13331
9,1,13332
9,1,13333
9,1,13334
1,7,13341
2,7,13348
6,4,13352
9,1,13353
9,1,13354
8,2,13356
9,1,13357
9,1,13358
9,1,13359
9,1,13360
5,4,13364
9,1,13365
8,2,13367
9,1,13368
9,1,13369
9,1,13370
9,1,13371
9,1,13372
6,4,13376
9,1,13377
4,5,13382
9,1,13383
9,1,13384
7,3,13387
9,1,13388
9,1,13389
9,1,13390
9,1,13391
9,1,13392
9,1,13393
9,1,13394
9,1,13395
9,1,13396
9,1,13397
9,1,13398
9,1,13399
9,1,13400
8,2,13402
9,1,13403
9,1,13404
3,7,13411
8,2,13413
9,1,13414
9,1,13415
8,2,13417
9,1,13418
9,1,13419
9,1,13420
8,2,13422
8,2,13424
-1,10,13434
7,3,13437
9,1,13438
9,1,13439
8,2,13441
9,1,13442
9,1,13443
9,1,13444
9,1,13445
9,1,13446
9,1,13447
9,1,13448
9,1,13449
9,1,13450
9,1,13451
9,1,13452
9,1,13453
9,1,13454
7,3,13457
9,1,13458
9,1,13459
9,1,13460
9,1,13461
9,1,13462
9,1,13463
9,1,13464
4,5,13469
9,1,13470
9,1,13471
9,1,13472
9,1,13473
9,1,13474
9,1,13475
9,1,13476
7,3,13479
3,7,13486
9,1,13487
9,1,13488
8,2,13490
9,1,13491
9,1,13492
9,1,13493
9,1,13494
9,1,13495
8,2,13497
9,1,13498
5,5,13503
9,1,13504
9,1,13505
9,1,13506
7,3,13509
9,1,13510
9,1,13511
8,2,13513
7,3,13516
9,1,13517
9,1,13518
9,1,13519
9,1,13520
9,1,13521
9,1,13522
7,3,13525
9,1,13526
9,1,13527
9,1,13528
9,1,13529
9,1,13530
9,1,13531
9,1,13532
9,1,13533
9,1,13534
9,1,13535
9,1,13536
7,3,13539
9,1,13540
8,2,13542
9,1,13543
9,1,13544
9,1,13545
9,1,13546
9,1,13547
9,1,13548
9,1,13549
6,4,13553
7,3,13556
9,1,13557
9,1,13558
9,1,13559
7,3,13562
9,1,13563
9,1,13564
9,1,13565
9,1,13566
9,1,13567
9,1,13568
9,1,13569
9,1,13570
8,2,13572
9,1,13573
9,1,13574
9,1,13575
9,1,13576
9,1,13577
8,2,13579
8,2,13581
7,3,13584
9,1,13585
9,1,13586
2,8,13594
9,1,13595
8,2,13597
9,1,13598
0,10,13608
9,1,13609
9,1,13610
9,1,13611
6,4,13615
9,1,13616
9,1,13617
7,3,13620
9,1,13621
9,1,13622
5,5,13627
9,1,13628
9,1,13629
9,1,13630
9,1,13631
9,1,13632
9,1,13633
9,1,13634
-3,11,13645
9,1,13646
8,2,13648
9,1,13649
9,1,13650
9,1,13651
5,5,13656
9,1,13657
9,1,13658
8,2,13660
9,1,13661
9,1,13662
0,10,13672
9,1,13673
9,1,13674
9,1,13675
9,1,13676
9,1,13677
5,4,13681
9,1,13682
9,1,13683
9,1,13684
8,2,13686
9,1,13687
8,2,13689
9,1,13690
9,1,13691
9,1,13692
9,1,13693
4,5,13698
4,5,13703
9,1,13704
9,1,13705
9,1,13706
9,1,13707
9,1,13708
9,1,13709
7,3,13712
8,2,13714
9,1,13715
9,1,13716
5,5,13721
9,1,13722
9,1,13723
9,1,13724
9,1,13725
9,1,13726
9,1,13727
6,4,13731
9,1,13732
9,1,13733
9,1,13734
4,6,13740
9,1,13741
9,1,13742
8,2,13744
6,4,13748
9,1,13749
9,1,13750
9,1,13751
9,1,13752
9,1,13753
9,1,13754
9,1,13755
9,1,13756
9,1,13757
9,1,13758
7,3,13761
6,4,13765
9,1,13766
9,1,13767
9,1,13768
9,1,13769
9,1,13770
9,1,13771
9,1,13772
9,1,13773
9,1,13774
9,1,13775
9,1,13776
9,1,13777
9,1,13778
9,1,13779
9,1,13780
9,1,13781
8,2,13783
9,1,13784
9,1,13785
9,1,13786
7,3,13789
9,1,13790
9,1,13791
9,1,13792
9,1,13793
9,1,13794
9,1,13795
9,1,13796
9,1,13797
9,1,13798
9,1,13799
9,1,13800
6,4,13804
9,1,13805
9,1,13806
9,1,13807
9,1,13808
9,1,13809
9,1,13810
9,1,13811
9,1,13812
9,1,13813
9,1,13814
9,1,13815
9,1,13816
5,5,13821
9,1,13822
9,1,13823
7,3,13826
9,1,13827
8,2,13829
9,1,13830
9,1,13831
9,1,13832
9,1,13833
9,1,13834
9,1,13835
9,1,13836
9,1,13837
9,1,13838
9,1,13839
9,1,13840
9,1,13841
8,2,13843
6,4,13847
9,1,13848
9,1,13849
8,2,13851
9,1,13852
9,1,13853
9,1,13854
9,1,13855
8,2,13857
9,1,13858
9,1,13859
9,1,13860
7,3,13863
9,1,13864
9,1,13865
8,2,13867
9,1,13868
7,3,13871
9,1,13872
9,1,13873
9,1,13874
9,1,13875
9,1,13876
3,6,13882
9,1,13883
9,1,13884
9,1,13885
9,1,13886
9,1,13887
9,1,13888
9,1,13889
9,1,13890
9,1,13891
8,2,13893
8,2,13895
9,1,13896
9,1,13897
9,1,13898
9,1,13899
9,1,13900
9,1,13901
9,1,13902
9,1,13903
9,1,13904
9,1,13905
9,1,13906
9,1,13907
9,1,13908
8,2,13910
9,1,13911
9,1,13912
7,3,13915
6,4,13919
5,4,13923
9,1,13924
9,1,13925
6,4,13929
9,1,13930
-1,10,13940
9,1,13941
9,1,13942
9,1,13943
9,1,13944
9,1,13945
9,1,13946
9,1,13947
9,1,13948
9,1,13949
9,1,13950
9,1,13951
9,1,13952
9,1,13953
9,1,13954
9,1,13955
9,1,13956
9,1,13957
9,1,13958
9,1,13959
9,1,13960
8,2,13962
8,2,13964
9,1,13965
9,1,13966
9,1,13967
9,1,13968
9,1,13969
9,1,13970
9,1,13971
9,1,13972
9,1,13973
9,1,13974
7,3,13977
9,1,13978
9,1,13979
9,1,13980
9,1,13981
9,1,13982
9,1,13983
6,4,13987
9,1,13988
9,1,13989
9,1,13990
9,1,13991
9,1,13992
9,1,13993
9,1,13994
9,1,13995
9,1,13996
9,1,13997
8,2,13999
9,1,14000
9,1,14001
9,1,14002
9,1,14003
9,1,14004
9,1,14005
9,1,14006
6,4,14010
9,1,14011
9,1,14012
9,1,14013
9,1,14014
9,1,14015
7,3,14018
9,1,14019
6,3,14022
9,1,14023
9,1,14024
9,1,14025
9,1,14026
9,1,14027
9,1,14028
8,2,14030
9,1,14031
9,1,14032
9,1,14033
9,1,14034
9,1,14035
9,1,14036
4,6,14042
9,1,14043
9,1,14044
9,1,14045
9,1,14046
9,1,14047
9,1,14048
8,2,14050
9,1,14051
9,1,14052
9,1,14053
9,1,14054
9,1,14055
9,1,14056
9,1,14057
9,1,14058
9,1,14059
9,1,14060
9,1,14061
9,1,14062
9,1,14063
9,1,14064
9,1,14065
9,1,14066
9,1,14067
9,1,14068
7,3,14071
9,1,14072
9,1,14073
9,1,14074
9,1,14075
9,1,14076
9,1,14077
8,2,14079
9,1,14080
9,1,14081
6,3,14084
9,1,14085
9,1,14086
8,2,14088
9,1,14089
9,1,14090
9,1,14091
9,1,14092
9,1,14093
9,1,14094
8,2,14096
9,1,14097
9,1,14098
9,1,14099
9,1,14100
6,4,14104
9,1,14105
9,1,14106
9,1,14107
9,1,14108
9,1,14109
9,1,14110
9,1,14111
9,1,14112
9,1,14113
6,4,14117
9,1,14118
9,1,14119
9,1,14120
9,1,14121
9,1,14122
9,1,14123
9,1,14124
7,3,14127
9,1,14128
9,1,14129
9,1,14130
9,1,14131
7,3,14134
8,2,14136
9,1,14137
8,2,14139
9,1,14140
9,1,14141
9,1,14142
9,1,14143
7,3,14146
9,1,14147
9,1,14148
9,1,14149
7,3,14152
9,1,14153
9,1,14154
9,1,14155
8,2,14157
9,1,14158
9,1,14159
9,1,14160
9,1,14161
9,1,14162
5,4,14166
9,1,14167
9,1,14168
9,1,14169
9,1,14170
9,1,14171
9,1,14172
9,1,14173
9,1,14174
9,1,14175
6,4,14179
9,1,14180
9,1,14181
9,1,14182
7,3,14185
9,1,14186
9,1,14187
9,1,14188
9,1,14189
9,1,14190
9,1,14191
9,1,14192
9,1,14193
9,1,14194
9,1,14195
8,2,14197
9,1,14198
9,1,14199
9,1,14200
9,1,14201
9,1,14202
6,4,14206
9,1,14207
9,1,14208
9,1,14209
9,1,14210
9,1,14211
9,1,14212
4,6,14218
9,1,14219
9,1,14220
9,1,14221
9,1,14222
9,1,14223
7,3,14226
9,1,14227
9,1,14228
9,1,14229
9,1,14230
9,1,14231
9,1,14232
9,1,14233
9,1,14234
6,4,14238
9,1,14239
9,1,14240
9,1,14241
9,1,14242
9,1,14243
9,1,14244
9,1,14245
8,2,14247
9,1,14248
9,1,14249
9,1,14250
2,7,14257
9,1,14258
9,1,14259
9,1,14260
9,1,14261
9,1,14262
9,1,14263
9,1,14264
9,1,14265
9,1,14266
9,1,14267
9,1,14268
9,1,14269
9,1,14270
9,1,14271
9,1,14272
7,3,14275
9,1,14276
9,1,14277
9,1,14278
9,1,14279
9,1,14280
8,2,14282
9,1,14283
9,1,14284
9,1,14285
9,1,14286
9,1,14287
9,1,14288
9,1,14289
9,1,14290
9,1,14291
6,4,14295
9,1,14296
9,1,14297
9,1,14298
9,1,14299
9,1,14300
8,2,14302
9,1,14303
9,1,14304
9,1,14305
8,2,14307
9,1,14308
6,3,14311
4,5,14316
9,1,14317
9,1,14318
9,1,14319
9,1,14320
8,2,14322
9,1,14323
5,5,14328
9,1,14329
9,1,14330
9,1,14331
9,1,14332
9,1,14333
9,1,14334
9,1,14335
6,4,14339
8,2,14341
9,1,14342
9,1,14343
9,1,14344
9,1,14345
9,1,14346
9,1,14347
9,1,14348
9,1,14349
9,1,14350
9,1,14351
9,1,14352
9,1,14353
8,2,14355
9,1,14356
3,6,14362
9,1,14363
9,1,14364
8,2,14366
9,1,14367
9,1,14368
9,1,14369
7,3,14372
9,1,14373
9,1,14374
9,1,14375
9,1,14376
9,1,14377
9,1,14378
9,1,14379
9,1,14380
9,1,14381
9,1,14382
5,4,14386
9,1,14387
9,1,14388
9,1,14389
9,1,14390
9,1,14391
9,1,14392
9,1,14393
8,2,14395
9,1,14396
9,1,14397
9,1,14398
9,1,14399
9,1,14400
9,1,14401
9,1,14402
9,1,14403
9,1,14404
9,1,14405
9,1,14406
3,7,14413
9,1,14414
7,3,14417
6,4,14421
9,1,14422
9,1,14423
9,1,14424
9,1,14425
7,3,14428
8,2,14430
7,3,14433
9,1,14434
9,1,14435
9,1,14436
9,1,14437
5,4,14441
9,1,14442
9,1,14443
9,1,14444
9,1,14445
9,1,14446
9,1,14447
9,1,14448
9,1,14449
9,1,14450
9,1,14451
9,1,14452
9,1,14453
9,1,14454
9,1,14455
7,3,14458
9,1,14459
9,1,14460
9,1,14461
9,1,14462
8,2,14464
9,1,14465
9,1,14466
5,5,14471
9,1,14472
9,1,14473
9,1,14474
8,2,14476
9,1,14477
9,1,14478
9,1,14479
9,1,14480
9,1,14481
8,2,14483
9,1,14484
8,2,14486
9,1,14487
9,1,14488
9,1,14489
7,3,14492
9,1,14493
9,1,14494
9,1,14495
9,1,14496
9,1,14497
9,1,14498
9,1,14499
9,1,14500
9,1,14501
9,1,14502
9,1,14503
9,1,14504
9,1,14505
9,1,14506
9,1,14507
9,1,14508
9,1,14509
9,1,14510
9,1,14511
7,3,14514
9,1,14515
8,2,14517
9,1,14518
9,1,14519
9,1,14520
9,1,14521
9,1,14522
9,1,14523
9,1,14524
7,3,14527
9,1,14528
9,1,14529
9,1,14530
9,1,14531
9,1,14532
9,1,14533
9,1,14534
9,1,14535
9,1,14536
9,1,14537
9,1,14538
9,1,14539
9,1,14540
9,1,14541
6,4,14545
9,1,14546
5,5,14551
9,1,14552
9,1,14553
9,1,14554
9,1,14555
9,1,14556
7,3,14559
9,1,14560
8,2,14562
9,1,14563
9,1,14564
9,1,14565
8,2,14567
7,3,14570
8,2,14572
9,1,14573
9,1,14574
9,1,14575
8,2,14577
9,1,14578
8,2,14580
9,1,14581
9,1,14582
9,1,14583
9,1,14584
9,1,14585
6,4,14589
7,3,14592
9,1,14593
9,1,14594
9,1,14595
9,1,14596
8,2,14598
9,1,14599
6,4,14603
7,3,14606
9,1,14607
9,1,14608
9,1,14609
9,1,14610
9,1,14611
9,1,14612
9,1,14613
9,1,14614
9,1,14615
9,1,14616
9,1,14617
9,1,14618
8,2,14620
9,1,14621
9,1,14622
9,1,14623
9,1,14624
8,2,14626
9,1,14627
9,1,14628
9,1,14629
9,1,14630
9,1,14631
9,1,14632
9,1,14633
9,1,14634
9,1,14635
9,1,14636
9,1,14637
9,1,14638
9,1,14639
9,1,14640
9,1,14641
5,5,14646
9,1,14647
9,1,14648
9,1,14649
9,1,14650
6,4,14654
6,3,14657
9,1,14658
9,1,14659
9,1,14660
9,1,14661
-11,20,14681
9,1,14682
8,2,14684
9,1,14685
7,3,14688
9,1,14689
9,1,14690
9,1,14691
9,1,14692
9,1,14693
9,1,14694
9,1,14695
9,1,14696
9,1,14697
9,1,14698
9,1,14699
9,1,14700
9,1,14701
9,1,14702
9,1,14703
9,1,14704
9,1,14705
9,1,14706
9,1,14707
9,1,14708
9,1,14709
9,1,14710
9,1,14711
9,1,14712
9,1,14713
8,2,14715
9,1,14716
9,1,14717
9,1,14718
9,1,14719
9,1,14720
9,1,14721
9,1,14722
9,1,14723
9,1,14724
8,2,14726
9,1,14727
9,1,14728
9,1,14729
9,1,14730
6,4,14734
9,1,14735
7,3,14738
9,1,14739
9,1,14740
9,1,14741
9,1,14742
9,1,14743
8,2,14745
9,1,14746
9,1,14747
9,1,14748
9,1,14749
9,1,14750
7,3,14753
9,1,14754
8,2,14756
9,1,14757
9,1,14758
9,1,14759
8,2,14761
9,1,14762
9,1,14763
9,1,14764
9,1,14765
9,1,14766
9,1,14767
9,1,14768
9,1,14769
9,1,14770
9,1,14771
9,1,14772
9,1,14773
9,1,14774
9,1,14775
9,1,14776
9,1,14777
9,1,14778
9,1,14779
9,1,14780
9,1,14781
9,1,14782
9,1,14783
9,1,14784
9,1,14785
8,2,14787
9,1,14788
4,5,14793
9,1,14794
8,2,14796
9,1,14797
9,1,14798
9,1,14799
4,6,14805
9,1,14806
6,4,14810
9,1,14811
9,1,14812
9,1,14813
9,1,14814
9,1,14815
9,1,14816
6,4,14820
9,1,14821
9,1,14822
9,1,14823
9,1,14824
9,1,14825
9,1,14826
9,1,14827
9,1,14828
9,1,14829
9,1,14830
6,3,14833
9,1,14834
6,4,14838
9,1,14839
9,1,14840
9,1,14841
9,1,14842
9,1,14843
9,1,14844
9,1,14845
9,1,14846
9,1,14847
9,1,14848
9,1,14849
9,1,14850
9,1,14851
9,1,14852
9,1,14853
9,1,14854
9,1,14855
9,1,14856
8,2,14858
9,1,14859
9,1,14860
9,1,14861
9,1,14862
8,2,14864
9,1,14865
9,1,14866
8,2,14868
7,3,14871
9,1,14872
9,1,14873
9,1,14874
9,1,14875
9,1,14876
9,1,14877
9,1,14878
9,1,14879
9,1,14880
9,1,14881
9,1,14882
9,1,14883
9,1,14884
9,1,14885
9,1,14886
8,2,14888
9,1,14889
9,1,14890
9,1,14891
9,1,14892
9,1,14893
9,1,14894
9,1,14895
9,1,14896
9,1,14897
9,1,14898
9,1,14899
9,1,14900
9,1,14901
9,1,14902
9,1,14903
9,1,14904
9,1,14905
9,1,14906
9,1,14907
9,1,14908
9,1,14909
7,3,14912
9,1,14913
9,1,14914
9,1,14915
9,1,14916
9,1,14917
9,1,14918
9,1,14919
9,1,14920
7,3,14923
9,1,14924
9,1,14925
9,1,14926
9,1,14927
9,1,14928
9,1,14929
9,1,14930
9,1,14931
9,1,14932
9,1,14933
9,1,14934
9,1,14935
9,1,14936
9,1,14937
9,1,14938
9,1,14939
9,1,14940
9,1,14941
9,1,14942
9,1,14943
9,1,14944
9,1,14945
9,1,14946
9,1,14947
9,1,14948
9,1,14949
8,2,14951
9,1,14952
6,4,14956
8,2,14958
9,1,14959
9,1,14960
9,1,14961
9,1,14962
9,1,14963
9,1,14964
9,1,14965
8,2,14967
9,1,14968
9,1,14969
9,1,14970
9,1,14971
9,1,14972
9,1,14973
9,1,14974
9,1,14975
9,1,14976
9,1,14977
9,1,14978
9,1,14979
9,1,14980
9,1,14981
7,3,14984
9,1,14985
7,3,14988
9,1,14989
9,1,14990
9,1,14991
9,1,14992
9,1,14993
9,1,14994
9,1,14995
7,3,14998
9,1,14999
9,1,15000
9,1,15001
9,1,15002
9,1,15003
9,1,15004
9,1,15005
8,2,15007
9,1,15008
9,1,15009
9,1,15010
9,1,15011
9,1,15012
9,1,15013
9,1,15014
9,1,15015
9,1,15016
9,1,15017
9,1,15018
9,1,15019
9,1,15020
9,1,15021
9,1,15022
9,1,15023
9,1,15024
9,1,15025
9,1,15026
9,1,15027
9,1,15028
9,1,15029
9,1,15030
9,1,15031
5,4,15035
9,1,15036
9,1,15037
9,1,15038
9,1,15039
9,1,15040
9,1,15041
9,1,15042
9,1,15043
9,1,15044
9,1,15045
9,1,15046
9,1,15047
9,1,15048
7,3,15051
9,1,15052
9,1,15053
7,3,15056
8,2,15058
9,1,15059
9,1,15060
9,1,15061
9,1,15062
9,1,15063
9,1,15064
9,1,15065
9,1,15066
9,1,15067
9,1,15068
9,1,15069
9,1,15070
7,3,15073
9,1,15074
9,1,15075
9,1,15076
9,1,15077
9,1,15078
9,1,15079
8,2,15081
9,1,15082
9,1,15083
7,3,15086
6,4,15090
9,1,15091
9,1,15092
9,1,15093
9,1,15094
9,1,15095
9,1,15096
7,3,15099
9,1,15100
9,1,15101
9,1,15102
9,1,15103
9,1,15104
9,1,15105
9,1,15106
9,1,15107
8,2,15109
9,1,15110
7,3,15113
9,1,15114
9,1,15115
9,1,15116
9,1,15117
9,1,15118
9,1,15119
9,1,15120
9,1,15121
9,1,15122
9,1,15123
9,1,15124
9,1,15125
9,1,15126
9,1,15127
9,1,15128
9,1,15129
9,1,15130
9,1,15131
9,1,15132
6,4,15136
9,1,15137
9,1,15138
9,1,15139
9,1,15140
9,1,15141
9,1,15142
7,3,15145
9,1,15146
9,1,15147
9,1,15148
6,4,15152
9,1,15153
9,1,15154
9,1,15155
7,3,15158
9,1,15159
9,1,15160
9,1,15161
9,1,15162
9,1,15163
9,1,15164
9,1,15165
9,1,15166
9,1,15167
9,1,15168
9,1,15169
9,1,15170
9,1,15171
9,1,15172
5,4,15176
9,1,15177
9,1,15178
9,1,15179
6,3,15182
9,1,15183
9,1,15184
9,1,15185
9,1,15186
9,1,15187
9,1,15188
9,1,15189
9,1,15190
9,1,15191
9,1,15192
9,1,15193
9,1,15194
7,3,15197
9,1,15198
9,1,15199
9,1,15200
9,1,15201
9,1,15202
4,5,15207
9,1,15208
9,1,15209
9,1,15210
9,1,15211
9,1,15212
9,1,15213
6,3,15216
9,1,15217
9,1,15218
9,1,15219
9,1,15220
9,1,15221
9,1,15222
9,1,15223
9,1,15224
9,1,15225
9,1,15226
9,1,15227
9,1,15228
9,1,15229
9,1,15230
9,1,15231
9,1,15232
9,1,15233
9,1,15234
9,1,15235
9,1,15236
9,1,15237
9,1,15238
6,4,15242
9,1,15243
8,2,15245
6,4,15249
9,1,15250
9,1,15251
9,1,15252
9,1,15253
9,1,15254
9,1,15255
9,1,15256
9,1,15257
9,1,15258
9,1,15259
9,1,15260
9,1,15261
9,1,15262
6,4,15266
9,1,15267
9,1,15268
9,1,15269
8,2,15271
9,1,15272
9,1,15273
9,1,15274
9,1,15275
9,1,15276
9,1,15277
9,1,15278
8,2,15280
9,1,15281
9,1,15282
9,1,15283
9,1,15284
9,1,15285
9,1,15286
8,2,15288
9,1,15289
9,1,15290
9,1,15291
7,3,15294
9,1,15295
9,1,15296
9,1,15297
9,1,15298
9,1,15299
9,1,15300
9,1,15301
7,3,15304
9,1,15305
9,1,15306
9,1,15307
9,1,15308
9,1,15309
9,1,15310
9,1,15311
6,3,15314
7,3,15317
9,1,15318
9,1,15319
9,1,15320
9,1,15321
9,1,15322
9,1,15323
9,1,15324
9,1,15325
6,4,15329
9,1,15330
9,1,15331
9,1,15332
9,1,15333
9,1,15334
9,1,15335
9,1,15336
8,2,15338
9,1,15339
9,1,15340
9,1,15341
9,1,15342
9,1,15343
9,1,15344
9,1,15345
6,4,15349
9,1,15350
8,2,15352
9,1,15353
8,2,15355
9,1,15356
9,1,15357
9,1,15358
9,1,15359
9,1,15360
9,1,15361
9,1,15362
9,1,15363
9,1,15364
9,1,15365
9,1,15366
9,1,15367
9,1,15368
9,1,15369
7,3,15372
9,1,15373
9,1,15374
9,1,15375
9,1,15376
9,1,15377
9,1,15378
9,1,15379
9,1,15380
9,1,15381
9,1,15382
9,1,15383
9,1,15384
9,1,15385
9,1,15386
9,1,15387
9,1,15388
9,1,15389
9,1,15390
9,1,15391
9,1,15392
7,3,15395
9,1,15396
9,1,15397
9,1,15398
9,1,15399
9,1,15400
8,2,15402
9,1,15403
9,1,15404
8,2,15406
9,1,15407
9,1,15408
9,1,15409
9,1,15410
9,1,15411
9,1,15412
9,1,15413
9,1,15414
9,1,15415
9,1,15416
9,1,15417
9,1,15418
9,1,15419
9,1,15420
9,1,15421
9,1,15422
9,1,15423
9,1,15424
9,1,15425
9,1,15426
9,1,15427
9,1,15428
9,1,15429
9,1,15430
9,1,15431
9,1,15432
9,1,15433
9,1,15434
9,1,15435
9,1,15436
9,1,15437
9,1,15438
9,1,15439
9,1,15440
9,1,15441
9,1,15442
9,1,15443
9,1,15444
9,1,15445
6,4,15449
5,4,15453
9,1,15454
9,1,15455
9,1,15456
9,1,15457
7,3,15460
9,1,15461
9,1,15462
9,1,15463
9,1,15464
9,1,15465
9,1,15466
9,1,15467
9,1,15468
9,1,15469
9,1,15470
8,2,15472
9,1,15473
9,1,15474
7,3,15477
9,1,15478
9,1,15479
9,1,15480
9,1,15481
9,1,15482
9,1,15483
9,1,15484
9,1,15485
9,1,15486
9,1,15487
9,1,15488
9,1,15489
9,1,15490
9,1,15491
9,1,15492
9,1,15493
1,9,15502
9,1,15503
9,1,15504
9,1,15505
9,1,15506
9,1,15507
9,1,15508
9,1,15509
9,1,15510
9,1,15511
9,1,15512
9,1,15513
9,1,15514
9,1,15515
9,1,15516
7,3,15519
2,8,15527
9,1,15528
7,3,15531
9,1,15532
9,1,15533
6,4,15537
-2,11,15548
9,1,15549
8,2,15551
8,2,15553
9,1,15554
5,4,15558
8,2,15560
9,1,15561
9,1,15562
7,3,15565
7,3,15568
9,1,15569
9,1,15570
9,1,15571
9,1,15572
9,1,15573
9,1,15574
9,1,15575
9,1,15576
9,1,15577
9,1,15578
8,2,15580
9,1,15581
9,1,15582
9,1,15583
9,1,15584
8,2,15586
9,1,15587
9,1,15588
9,1,15589
9,1,15590
9,1,15591
9,1,15592
9,1,15593
9,1,15594
9,1,15595
8,2,15597
9,1,15598
9,1,15599
9,1,15600
9,1,15601
9,1,15602
6,4,15606
9,1,15607
7,3,15610
9,1,15611
7,3,15614
9,1,15615
9,1,15616
8,2,15618
9,1,15619
9,1,15620
9,1,15621
9,1,15622
9,1,15623
9,1,15624
9,1,15625
9,1,15626
9,1,15627
9,1,15628
9,1,15629
9,1,15630
9,1,15631
7,3,15634
9,1,15635
9,1,15636
9,1,15637
6,4,15641
7,3,15644
9,1,15645
6,4,15649
9,1,15650
9,1,15651
9,1,15652
9,1,15653
9,1,15654
9,1,15655
9,1,15656
9,1,15657
9,1,15658
9,1,15659
9,1,15660
9,1,15661
9,1,15662
9,1,15663
9,1,15664
9,1,15665
9,1,15666
9,1,15667
9,1,15668
9,1,15669
9,1,15670
9,1,15671
9,1,15672
9,1,15673
9,1,15674
9,1,15675
9,1,15676
9,1,15677
7,3,15680
9,1,15681
9,1,15682
9,1,15683
9,1,15684
9,1,15685
9,1,15686
9,1,15687
9,1,15688
9,1,15689
9,1,15690
9,1,15691
1,7,15698
9,1,15699
9,1,15700
9,1,15701
9,1,15702
9,1,15703
7,3,15706
9,1,15707
9,1,15708
9,1,15709
9,1,15710
7,3,15713
8,2,15715
8,2,15717
9,1,15718
9,1,15719
9,1,15720
9,1,15721
8,2,15723
9,1,15724
9,1,15725
9,1,15726
9,1,15727
4,5,15732
9,1,15733
9,1,15734
6,3,15737
9,1,15738
9,1,15739
9,1,15740
9,1,15741
9,1,15742
9,1,15743
9,1,15744
9,1,15745
7,3,15748
9,1,15749
9,1,15750
9,1,15751
9,1,15752
9,1,15753
9,1,15754
9,1,15755
9,1,15756
9,1,15757
9,1,15758
9,1,15759
7,3,15762
9,1,15763
9,1,15764
8,2,15766
9,1,15767
6,4,15771
7,3,15774
9,1,15775
7,3,15778
8,2,15780
0,10,15790
8,2,15792
9,1,15793
9,1,15794
9,1,15795
9,1,15796
9,1,15797
9,1,15798
9,1,15799
9,1,15800
9,1,15801
9,1,15802
9,1,15803
9,1,15804
9,1,15805
8,2,15807
9,1,15808
9,1,15809
9,1,15810
2,8,15818
9,1,15819
8,2,15821
9,1,15822
9,1,15823
9,1,15824
9,1,15825
9,1,15826
9,1,15827
9,1,15828
9,1,15829
9,1,15830
8,2,15832
9,1,15833
9,1,15834
6,4,15838
9,1,15839
9,1,15840
9,1,15841
9,1,15842
9,1,15843
9,1,15844
9,1,15845
9,1,15846
9,1,15847
9,1,15848
9,1,15849
7,3,15852
9,1,15853
9,1,15854
9,1,15855
9,1,15856
9,1,15857
9,1,15858
9,1,15859
9,1,15860
9,1,15861
9,1,15862
9,1,15863
9,1,15864
9,1,15865
9,1,15866
9,1,15867
9,1,15868
9,1,15869
9,1,15870
9,1,15871
9,1,15872
9,1,15873
9,1,15874
9,1,15875
9,1,15876
9,1,15877
9,1,15878
8,2,15880
9,1,15881
9,1,15882
9,1,15883
1,7,15890
9,1,15891
7,3,15894
8,2,15896
9,1,15897
9,1,15898
9,1,15899
7,3,15902
9,1,15903
9,1,15904
9,1,15905
9,1,15906
9,1,15907
9,1,15908
9,1,15909
9,1,15910
8,2,15912
9,1,15913
8,2,15915
9,1,15916
9,1,15917
9,1,15918
9,1,15919
9,1,15920
9,1,15921
9,1,15922
6,3,15925
9,1,15926
9,1,15927
9,1,15928
9,1,15929
9,1,15930
9,1,15931
9,1,15932
9,1,15933
9,1,15934
9,1,15935
9,1,15936
9,1,15937
9,1,15938
9,1,15939
9,1,15940
9,1,15941
9,1,15942
9,1,15943
9,1,15944
6,4,15948
9,1,15949
9,1,15950
6,4,15954
9,1,15955
9,1,15956
9,1,15957
9,1,15958
9,1,15959
9,1,15960
9,1,15961
9,1,15962
9,1,15963
9,1,15964
9,1,15965
9,1,15966
9,1,15967
9,1,15968
9,1,15969
9,1,15970
7,3,15973
9,1,15974
8,2,15976
9,1,15977
9,1,15978
9,1,15979
9,1,15980
9,1,15981
9,1,15982
9,1,15983
9,1,15984
9,1,15985
9,1,15986
9,1,15987
9,1,15988
9,1,15989
9,1,15990
9,1,15991
9,1,15992
9,1,15993
8,2,15995
9,1,15996
9,1,15997
9,1,15998
9,1,15999
8,2,16001
9,1,16002
9,1,16003
9,1,16004
9,1,16005
9,1,16006
9,1,16007
9,1,16008
9,1,16009
9,1,16010
9,1,16011
9,1,16012
8,2,16014
9,1,16015
4,6,16021
9,1,16022
9,1,16023
9,1,16024
9,1,16025
6,4,16029
9,1,16030
9,1,16031
9,1,16032
9,1,16033
9,1,16034
9,1,16035
9,1,16036
9,1,16037
7,3,16040
6,3,16043
9,1,16044
9,1,16045
9,1,16046
9,1,16047
9,1,16048
9,1,16049
9,1,16050
9,1,16051
9,1,16052
7,3,16055
9,1,16056
9,1,16057
9,1,16058
9,1,16059
9,1,16060
9,1,16061
9,1,16062
9,1,16063
9,1,16064
9,1,16065
9,1,16066
7,3,16069
9,1,16070
9,1,16071
9,1,16072
9,1,16073
9,1,16074
9,1,16075
9,1,16076
9,1,16077
9,1,16078
9,1,16079
9,1,16080
9,1,16081
9,1,16082
9,1,16083
9,1,16084
9,1,16085
8,2,16087
9,1,16088
9,1,16089
9,1,16090
9,1,16091
9,1,16092
9,1,16093
9,1,16094
5,5,16099
9,1,16100
9,1,16101
6,3,16104
9,1,16105
9,1,16106
9,1,16107
9,1,16108
9,1,16109
5,5,16114
9,1,16115
9,1,16116
6,4,16120
9,1,16121
9,1,16122
9,1,16123
9,1,16124
9,1,16125
9,1,16126
9,1,16127
1,6,16133
9,1,16134
9,1,16135
9,1,16136
9,1,16137
9,1,16138
9,1,16139
9,1,16140
9,1,16141
9,1,16142
9,1,16143
9,1,16144
9,1,16145
7,3,16148
9,1,16149
3,6,16155
9,1,16156
6,3,16159
9,1,16160
5,5,16165
9,1,16166
9,1,16167
9,1,16168
9,1,16169
9,1,16170
9,1,16171
9,1,16172
9,1,16173
9,1,16174
9,1,16175
6,4,16179
9,1,16180
9,1,16181
9,1,16182
9,1,16183
4,5,16188
9,1,16189
9,1,16190
9,1,16191
9,1,16192
9,1,16193
9,1,16194
9,1,16195
9,1,16196
9,1,16197
9,1,16198
7,3,16201
9,1,16202
9,1,16203
9,1,16204
9,1,16205
9,1,16206
9,1,16207
8,2,16209
9,1,16210
9,1,16211
9,1,16212
9,1,16213
9,1,16214
9,1,16215
9,1,16216
9,1,16217
9,1,16218
9,1,16219
9,1,16220
9,1,16221
9,1,16222
9,1,16223
9,1,16224
9,1,16225
9,1,16226
9,1,16227
9,1,16228
9,1,16229
8,2,16231
7,3,16234
9,1,16235
9,1,16236
9,1,16237
9,1,16238
9,1,16239
9,1,16240
9,1,16241
9,1,16242
9,1,16243
9,1,16244
9,1,16245
9,1,16246
9,1,16247
9,1,16248
9,1,16249
9,1,16250
9,1,16251
9,1,16252
9,1,16253
9,1,16254
9,1,16255
9,1,16256
6,4,16260
9,1,16261
9,1,16262
9,1,16263
9,1,16264
9,1,16265
9,1,16266
8,2,16268
9,1,16269
9,1,16270
9,1,16271
9,1,16272
9,1,16273
9,1,16274
9,1,16275
9,1,16276
9,1,16277
9,1,16278
9,1,16279
9,1,16280
9,1,16281
9,1,16282
9,1,16283
9,1,16284
9,1,16285
9,1,16286
9,1,16287
9,1,16288
9,1,16289
9,1,16290
9,1,16291
9,1,16292
9,1,16293
6,4,16297
9,1,16298
9,1,16299
6,4,16303
8,2,16305
9,1,16306
9,1,16307
9,1,16308
9,1,16309
9,1,16310
7,3,16313
9,1,16314
9,1,16315
9,1,16316
8,2,16318
6,4,16322
9,1,16323
9,1,16324
3,6,16330
9,1,16331
9,1,16332
9,1,16333
9,1,16334
9,1,16335
5,5,16340
9,1,16341
4,5,16346
9,1,16347
9,1,16348
9,1,16349
9,1,16350
9,1,16351
9,1,16352
9,1,16353
9,1,16354
9,1,16355
9,1,16356
9,1,16357
7,3,16360
5,4,16364
9,1,16365
9,1,16366
9,1,16367
7,3,16370
9,1,16371
9,1,16372
9,1,16373
7,3,16376
9,1,16377
7,3,16380
9,1,16381
9,1,16382
9,1,16383
9,1,16384
9,1,16385
9,1,16386
7,3,16389
7,3,16392
9,1,16393
9,1,16394
9,1,16395
9,1,16396
-2,11,16407
9,1,16408
9,1,16409
9,1,16410
9,1,16411
9,1,16412
9,1,16413
9,1,16414
9,1,16415
9,1,16416
9,1,16417
9,1,16418
9,1,16419
9,1,16420
9,1,16421
9,1,16422
9,1,16423
9,1,16424
9,1,16425
9,1,16426
9,1,16427
9,1,16428
9,1,16429
9,1,16430
9,1,16431
9,1,16432
9,1,16433
9,1,16434
9,1,16435
9,1,16436
9,1,16437
9,1,16438
9,1,16439
9,1,16440
9,1,16441
9,1,16442
9,1,16443
9,1,16444
9,1,16445
9,1,16446
9,1,16447
9,1,16448
9,1,16449
9,1,16450
9,1,16451
9,1,16452
9,1,16453
9,1,16454
9,1,16455
9,1,16456
9,1,16457
8,2,16459
9,1,16460
9,1,16461
9,1,16462
9,1,16463
9,1,16464
9,1,16465
9,1,16466
9,1,16467
9,1,16468
9,1,16469
9,1,16470
9,1,16471
9,1,16472
9,1,16473
9,1,16474
9,1,16475
9,1,16476
9,1,16477
9,1,16478
9,1,16479
9,1,16480
9,1,16481
9,1,16482
9,1,16483
9,1,16484
9,1,16485
9,1,16486
9,1,16487
9,1,16488
9,1,16489
9,1,16490
9,1,16491
8,2,16493
9,1,16494
9,1,16495
9,1,16496
9,1,16497
9,1,16498
9,1,16499
9,1,16500
7,3,16503
9,1,16504
9,1,16505
9,1,16506
9,1,16507
7,3,16510
8,2,16512
9,1,16513
8,2,16515
9,1,16516
8,2,16518
9,1,16519
9,1,16520
9,1,16521
9,1,16522
9,1,16523
9,1,16524
9,1,16525
9,1,16526
9,1,16527
9,1,16528
9,1,16529
9,1,16530
9,1,16531
9,1,16532
9,1,16533
9,1,16534
9,1,16535
9,1,16536
7,3,16539
9,1,16540
9,1,16541
9,1,16542
5,4,16546
9,1,16547
9,1,16548
9,1,16549
9,1,16550
9,1,16551
9,1,16552
9,1,16553
9,1,16554
9,1,16555
9,1,16556
9,1,16557
9,1,16558
9,1,16559
9,1,16560
9,1,16561
9,1,16562
9,1,16563
9,1,16564
9,1,16565
7,3,16568
7,3,16571
9,1,16572
9,1,16573
6,4,16577
9,1,16578
9,1,16579
9,1,16580
9,1,16581
9,1,16582
9,1,16583
9,1,16584
9,1,16585
9,1,16586
9,1,16587
9,1,16588
9,1,16589
8,2,16591
9,1,16592
9,1,16593
9,1,16594
2,8,16602
9,1,16603
8,2,16605
9,1,16606
9,1,16607
9,1,16608
7,3,16611
9,1,16612
9,1,16613
9,1,16614
9,1,16615
7,3,16618
9,1,16619
9,1,16620
9,1,16621
9,1,16622
9,1,16623
9,1,16624
9,1,16625
9,1,16626
9,1,16627
9,1,16628
9,1,16629
9,1,16630
9,1,16631
9,1,16632
9,1,16633
9,1,16634
9,1,16635
9,1,16636
9,1,16637
9,1,16638
9,1,16639
9,1,16640
8,2,16642
8,2,16644
9,1,16645
9,1,16646
9,1,16647
9,1,16648
9,1,16649
7,3,16652
9,1,16653
9,1,16654
8,2,16656
9,1,16657
9,1,16658
9,1,16659
9,1,16660
9,1,16661
9,1,16662
9,1,16663
9,1,16664
9,1,16665
9,1,16666
9,1,16667
8,2,16669
9,1,16670
9,1,16671
9,1,16672
9,1,16673
9,1,16674
9,1,16675
9,1,16676
9,1,16677
9,1,16678
9,1,16679
9,1,16680
9,1,16681
9,1,16682
9,1,16683
9,1,16684
9,1,16685
9,1,16686
9,1,16687
9,1,16688
9,1,16689
9,1,16690
9,1,16691
9,1,16692
9,1,16693
9,1,16694
9,1,16695
9,1,16696
9,1,16697
7,3,16700
9,1,16701
7,3,16704
9,1,16705
9,1,16706
9,1,16707
9,1,16708
9,1,16709
9,1,16710
9,1,16711
9,1,16712
9,1,16713
9,1,16714
9,1,16715
9,1,16716
9,1,16717
6,3,16720
8,2,16722
9,1,16723
9,1,16724
9,1,16725
9,1,16726
9,1,16727
7,3,16730
9,1,16731
9,1,16732
9,1,16733
9,1,16734
9,1,16735
9,1,16736
9,1,16737
9,1,16738
9,1,16739
9,1,16740
9,1,16741
9,1,16742
9,1,16743
9,1,16744
9,1,16745
9,1,16746
9,1,16747
9,1,16748
9,1,16749
9,1,16750
9,1,16751
9,1,16752
7,3,16755
9,1,16756
9,1,16757
9,1,16758
9,1,16759
9,1,16760
5,5,16765
9,1,16766
9,1,16767
9,1,16768
9,1,16769
9,1,16770
5,5,16775
9,1,16776
9,1,16777
9,1,16778
9,1,16779
9,1,16780
9,1,16781
9,1,16782
9,1,16783
9,1,16784
9,1,16785
9,1,16786
9,1,16787
9,1,16788
7,3,16791
9,1,16792
4,6,16798
9,1,16799
9,1,16800
9,1,16801
9,1,16802
9,1,16803
9,1,16804
6,4,16808
9,1,16809
9,1,16810
9,1,16811
9,1,16812
9,1,16813
9,1,16814
9,1,16815
3,6,16821
9,1,16822
9,1,16823
9,1,16824
9,1,16825
9,1,16826
9,1,16827
9,1,16828
9,1,16829
8,2,16831
9,1,16832
9,1,16833
9,1,16834
8,2,16836
9,1,16837
9,1,16838
9,1,16839
9,1,16840
9,1,16841
7,3,16844
9,1,16845
9,1,16846
9,1,16847
9,1,16848
9,1,16849
9,1,16850
9,1,16851
7,3,16854
9,1,16855
9,1,16856
9,1,16857
9,1,16858
9,1,16859
9,1,16860
9,1,16861
9,1,16862
9,1,16863
9,1,16864
9,1,16865
9,1,16866
6,4,16870
9,1,16871
9,1,16872
8,2,16874
9,1,16875
9,1,16876
9,1,16877
9,1,16878
9,1,16879
9,1,16880
9,1,16881
9,1,16882
9,1,16883
9,1,16884
9,1,16885
9,1,16886
8,2,16888
9,1,16889
9,1,16890
9,1,16891
9,1,16892
9,1,16893
9,1,16894
9,1,16895
5,5,16900
9,1,16901
9,1,16902
9,1,16903
9,1,16904
8,2,16906
9,1,16907
9,1,16908
9,1,16909
9,1,16910
6,3,16913
9,1,16914
9,1,16915
9,1,16916
9,1,16917
9,1,16918
9,1,16919
9,1,16920
9,1,16921
9,1,16922
7,3,16925
7,3,16928
9,1,16929
9,1,16930
9,1,16931
9,1,16932
9,1,16933
9,1,16934
9,1,16935
9,1,16936
9,1,16937
9,1,16938
9,1,16939
9,1,16940
9,1,16941
6,4,16945
9,1,16946
9,1,16947
9,1,16948
9,1,16949
9,1,16950
9,1,16951
8,2,16953
9,1,16954
9,1,16955
9,1,16956
9,1,16957
9,1,16958
8,2,16960
9,1,16961
8,2,16963
9,1,16964
9,1,16965
9,1,16966
9,1,16967
8,2,16969
9,1,16970
9,1,16971
8,2,16973
9,1,16974
9,1,16975
9,1,16976
9,1,16977
9,1,16978
9,1,16979
9,1,16980
9,1,16981
9,1,16982
9,1,16983
9,1,16984
9,1,16985
9,1,16986
9,1,16987
9,1,16988
9,1,16989
9,1,16990
9,1,16991
9,1,16992
9,1,16993
8,2,16995
9,1,16996
9,1,16997
9,1,16998
9,1,16999
9,1,17000
9,1,17001
9,1,17002
9,1,17003
9,1,17004
9,1,17005
8,2,17007
9,1,17008
7,3,17011
9,1,17012
7,3,17015
9,1,17016
9,1,17017
9,1,17018
9,1,17019
9,1,17020
9,1,17021
9,1,17022
9,1,17023
9,1,17024
9,1,17025
8,2,17027
9,1,17028
8,2,17030
9,1,17031
9,1,17032
9,1,17033
9,1,17034
9,1,17035
9,1,17036
9,1,17037
7,3,17040
9,1,17041
8,2,17043
9,1,17044
9,1,17045
4,5,17050
9,1,17051
7,3,17054
9,1,17055
9,1,17056
9,1,17057
9,1,17058
9,1,17059
9,1,17060
9,1,17061
9,1,17062
9,1,17063
9,1,17064
9,1,17065
9,1,17066
9,1,17067
6,4,17071
9,1,17072
9,1,17073
9,1,17074
7,3,17077
9,1,17078
9,1,17079
9,1,17080
9,1,17081
9,1,17082
9,1,17083
9,1,17084
9,1,17085
9,1,17086
9,1,17087
9,1,17088
6,4,17092
8,2,17094
9,1,17095
9,1,17096
9,1,17097
9,1,17098
9,1,17099
9,1,17100
9,1,17101
5,4,17105
3,6,17111
9,1,17112
9,1,17113
9,1,17114
9,1,17115
9,1,17116
9,1,17117
9,1,17118
9,1,17119
9,1,17120
8,2,17122
9,1,17123
9,1,17124
9,1,17125
9,1,17126
9,1,17127
9,1,17128
9,1,17129
9,1,17130
9,1,17131
9,1,17132
9,1,17133
8,2,17135
9,1,17136
9,1,17137
9,1,17138
7,3,17141
8,2,17143
7,3,17146
9,1,17147
9,1,17148
9,1,17149
9,1,17150
9,1,17151
9,1,17152
9,1,17153
9,1,17154
9,1,17155
9,1,17156
7,3,17159
9,1,17160
9,1,17161
9,1,17162
9,1,17163
9,1,17164
9,1,17165
9,1,17166
9,1,17167
9,1,17168
9,1,17169
9,1,17170
9,1,17171
9,1,17172
9,1,17173
9,1,17174
8,2,17176
9,1,17177
9,1,17178
9,1,17179
9,1,17180
9,1,17181
9,1,17182
9,1,17183
9,1,17184
9,1,17185
9,1,17186
9,1,17187
9,1,17188
9,1,17189
9,1,17190
9,1,17191
9,1,17192
9,1,17193
9,1,17194
9,1,17195
9,1,17196
9,1,17197
9,1,17198
9,1,17199
9,1,17200
9,1,17201
9,1,17202
9,1,17203
9,1,17204
9,1,17205
8,2,17207
9,1,17208
8,2,17210
9,1,17211
9,1,17212
9,1,17213
9,1,17214
9,1,17215
9,1,17216
9,1,17217
9,1,17218
9,1,17219
9,1,17220
9,1,17221
9,1,17222
9,1,17223
6,4,17227
8,2,17229
9,1,17230
9,1,17231
9,1,17232
9,1,17233
9,1,17234
9,1,17235
9,1,17236
9,1,17237
9,1,17238
9,1,17239
9,1,17240
9,1,17241
9,1,17242
8,2,17244
9,1,17245
9,1,17246
9,1,17247
9,1,17248
9,1,17249
8,2,17251
9,1,17252
9,1,17253
9,1,17254
9,1,17255
9,1,17256
8,2,17258
9,1,17259
9,1,17260
9,1,17261
9,1,17262
9,1,17263
9,1,17264
9,1,17265
9,1,17266
9,1,17267
9,1,17268
9,1,17269
9,1,17270
9,1,17271
9,1,17272
9,1,17273
9,1,17274
8,2,17276
9,1,17277
7,3,17280
9,1,17281
9,1,17282
9,1,17283
9,1,17284
9,1,17285
7,3,17288
9,1,17289
9,1,17290
7,3,17293
9,1,17294
7,3,17297
9,1,17298
9,1,17299
9,1,17300
9,1,17301
9,1,17302
9,1,17303
9,1,17304
8,2,17306
9,1,17307
9,1,17308
9,1,17309
2,7,17316
9,1,17317
9,1,17318
2,7,17325
9,1,17326
9,1,17327
9,1,17328
9,1,17329
9,1,17330
9,1,17331
8,2,17333
8,2,17335
9,1,17336
9,1,17337
9,1,17338
9,1,17339
9,1,17340
9,1,17341
5,4,17345
9,1,17346
6,4,17350
9,1,17351
9,1,17352
8,2,17354
9,1,17355
9,1,17356
9,1,17357
9,1,17358
9,1,17359
9,1,17360
9,1,17361
9,1,17362
9,1,17363
9,1,17364
9,1,17365
9,1,17366
9,1,17367
9,1,17368
9,1,17369
9,1,17370
9,1,17371
9,1,17372
9,1,17373
9,1,17374
9,1,17375
9,1,17376
7,3,17379
9,1,17380
9,1,17381
8,2,17383
9,1,17384
9,1,17385
9,1,17386
9,1,17387
9,1,17388
9,1,17389
9,1,17390
9,1,17391
9,1,17392
9,1,17393
9,1,17394
9,1,17395
9,1,17396
9,1,17397
9,1,17398
9,1,17399
9,1,17400
9,1,17401
9,1,17402
9,1,17403
9,1,17404
7,3,17407
9,1,17408
9,1,17409
9,1,17410
9,1,17411
9,1,17412
9,1,17413
9,1,17414
9,1,17415
9,1,17416
7,3,17419
9,1,17420
9,1,17421
9,1,17422
9,1,17423
9,1,17424
5,4,17428
9,1,17429
9,1,17430
9,1,17431
9,1,17432
9,1,17433
9,1,17434
9,1,17435
9,1,17436
9,1,17437
9,1,17438
9,1,17439
9,1,17440
9,1,17441
9,1,17442
9,1,17443
9,1,17444
9,1,17445
9,1,17446
9,1,17447
9,1,17448
9,1,17449
9,1,17450
9,1,17451
9,1,17452
9,1,17453
8,2,17455
9,1,17456
9,1,17457
9,1,17458
9,1,17459
9,1,17460
9,1,17461
9,1,17462
9,1,17463
9,1,17464
9,1,17465
9,1,17466
9,1,17467
9,1,17468
9,1,17469
9,1,17470
9,1,17471
9,1,17472
9,1,17473
9,1,17474
9,1,17475
9,1,17476
9,1,17477
7,3,17480
9,1,17481
9,1,17482
9,1,17483
9,1,17484
9,1,17485
8,2,17487
9,1,17488
9,1,17489
9,1,17490
9,1,17491
9,1,17492
5,4,17496
8,2,17498
9,1,17499
9,1,17500
9,1,17501
9,1,17502
9,1,17503
9,1,17504
9,1,17505
9,1,17506
9,1,17507
9,1,17508
9,1,17509
9,1,17510
9,1,17511
9,1,17512
9,1,17513
9,1,17514
8,2,17516
9,1,17517
9,1,17518
9,1,17519
9,1,17520
9,1,17521
6,4,17525
9,1,17526
9,1,17527
8,2,17529
9,1,17530
9,1,17531
9,1,17532
9,1,17533
9,1,17534
9,1,17535
9,1,17536
9,1,17537
9,1,17538
9,1,17539
7,3,17542
9,1,17543
9,1,17544
8,2,17546
-10,19,17565
9,1,17566
9,1,17567
9,1,17568
9,1,17569
9,1,17570
9,1,17571
9,1,17572
9,1,17573
9,1,17574
9,1,17575
9,1,17576
9,1,17577
9,1,17578
3,7,17585
9,1,17586
9,1,17587
9,1,17588
9,1,17589
9,1,17590
9,1,17591
9,1,17592
8,2,17594
9,1,17595
9,1,17596
9,1,17597
9,1,17598
9,1,17599
9,1,17600
9,1,17601
9,1,17602
9,1,17603
9,1,17604
9,1,17605
9,1,17606
9,1,17607
9,1,17608
9,1,17609
9,1,17610
9,1,17611
9,1,17612
9,1,17613
9,1,17614
9,1,17615
9,1,17616
9,1,17617
9,1,17618
9,1,17619
9,1,17620
9,1,17621
9,1,17622
9,1,17623
9,1,17624
9,1,17625
5,4,17629
9,1,17630
8,2,17632
8,2,17634
5,4,17638
9,1,17639
9,1,17640
9,1,17641
9,1,17642
9,1,17643
9,1,17644
9,1,17645
4,6,17651
9,1,17652
9,1,17653
7,3,17656
9,1,17657
9,1,17658
9,1,17659
9,1,17660
7,3,17663
9,1,17664
9,1,17665
9,1,17666
9,1,17667
9,1,17668
9,1,17669
9,1,17670
9,1,17671
9,1,17672
9,1,17673
7,3,17676
9,1,17677
7,3,17680
9,1,17681
9,1,17682
9,1,17683
9,1,17684
9,1,17685
9,1,17686
9,1,17687
6,4,17691
8,2,17693
9,1,17694
9,1,17695
9,1,17696
8,2,17698
9,1,17699
9,1,17700
9,1,17701
9,1,17702
9,1,17703
9,1,17704
9,1,17705
9,1,17706
9,1,17707
9,1,17708
9,1,17709
9,1,17710
9,1,17711
9,1,17712
9,1,17713
9,1,17714
5,5,17719
9,1,17720
9,1,17721
9,1,17722
9,1,17723
9,1,17724
9,1,17725
6,4,17729
9,1,17730
9,1,17731
9,1,17732
8,2,17734
9,1,17735
9,1,17736
9,1,17737
9,1,17738
9,1,17739
9,1,17740
9,1,17741
8,2,17743
9,1,17744
8,2,17746
9,1,17747
9,1,17748
9,1,17749
9,1,17750
9,1,17751
9,1,17752
9,1,17753
9,1,17754
9,1,17755
9,1,17756
9,1,17757
9,1,17758
9,1,17759
9,1,17760
9,1,17761
9,1,17762
9,1,17763
3,7,17770
9,1,17771
9,1,17772
9,1,17773
7,3,17776
9,1,17777
9,1,17778
9,1,17779
9,1,17780
9,1,17781
9,1,17782
9,1,17783
9,1,17784
8,2,17786
9,1,17787
9,1,17788
9,1,17789
9,1,17790
9,1,17791
9,1,17792
9,1,17793
9,1,17794
9,1,17795
9,1,17796
9,1,17797
9,1,17798
9,1,17799
9,1,17800
9,1,17801
9,1,17802
4,5,17807
9,1,17808
9,1,17809
9,1,17810
9,1,17811
9,1,17812
9,1,17813
9,1,17814
9,1,17815
9,1,17816
9,1,17817
9,1,17818
9,1,17819
9,1,17820
9,1,17821
9,1,17822
5,4,17826
9,1,17827
9,1,17828
9,1,17829
9,1,17830
9,1,17831
7,3,17834
9,1,17835
9,1,17836
9,1,17837
9,1,17838
9,1,17839
5,4,17843
9,1,17844
9,1,17845
9,1,17846
9,1,17847
9,1,17848
9,1,17849
9,1,17850
9,1,17851
9,1,17852
9,1,17853
9,1,17854
9,1,17855
9,1,17856
9,1,17857
9,1,17858
9,1,17859
9,1,17860
9,1,17861
9,1,17862
9,1,17863
9,1,17864
6,4,17868
9,1,17869
7,3,17872
9,1,17873
9,1,17874
7,3,17877
9,1,17878
9,1,17879
9,1,17880
9,1,17881
9,1,17882
9,1,17883
9,1,17884
9,1,17885
9,1,17886
9,1,17887
9,1,17888
9,1,17889
8,2,17891
9,1,17892
9,1,17893
7,3,17896
9,1,17897
9,1,17898
8,2,17900
9,1,17901
9,1,17902
9,1,17903
7,3,17906
9,1,17907
9,1,17908
9,1,17909
9,1,17910
9,1,17911
9,1,17912
9,1,17913
9,1,17914
9,1,17915
9,1,17916
9,1,17917
9,1,17918
6,3,17921
9,1,17922
9,1,17923
9,1,17924
9,1,17925
9,1,17926
9,1,17927
9,1,17928
9,1,17929
9,1,17930
9,1,17931
7,3,17934
9,1,17935
9,1,17936
9,1,17937
9,1,17938
9,1,17939
9,1,17940
9,1,17941
9,1,17942
8,2,17944
9,1,17945
6,4,17949
9,1,17950
0,9,17959
9,1,17960
9,1,17961
9,1,17962
9,1,17963
9,1,17964
9,1,17965
9,1,17966
9,1,17967
5,5,17972
9,1,17973
9,1,17974
9,1,17975
9,1,17976
9,1,17977
9,1,17978
9,1,17979
9,1,17980
9,1,17981
9,1,17982
8,2,17984
9,1,17985
9,1,17986
9,1,17987
9,1,17988
7,3,17991
9,1,17992
9,1,17993
9,1,17994
9,1,17995
9,1,17996
9,1,17997
9,1,17998
9,1,17999
9,1,18000
8,2,18002
9,1,18003
9,1,18004
8,2,18006
9,1,18007
9,1,18008
9,1,18009
3,7,18016
9,1,18017
9,1,18018
9,1,18019
7,3,18022
9,1,18023
9,1,18024
9,1,18025
9,1,18026
9,1,18027
9,1,18028
9,1,18029
9,1,18030
8,2,18032
9,1,18033
9,1,18034
9,1,18035
9,1,18036
9,1,18037
9,1,18038
9,1,18039
9,1,18040
2,7,18047
5,5,18052
9,1,18053
9,1,18054
9,1,18055
9,1,18056
9,1,18057
9,1,18058
9,1,18059
9,1,18060
9,1,18061
6,4,18065
8,2,18067
8,2,18069
9,1,18070
9,1,18071
9,1,18072
9,1,18073
9,1,18074
9,1,18075
5,5,18080
9,1,18081
9,1,18082
9,1,18083
9,1,18084
9,1,18085
9,1,18086
9,1,18087
9,1,18088
9,1,18089
9,1,18090
9,1,18091
9,1,18092
9,1,18093
9,1,18094
9,1,18095
9,1,18096
7,3,18099
6,4,18103
9,1,18104
9,1,18105
8,2,18107
9,1,18108
9,1,18109
9,1,18110
8,2,18112
9,1,18113
9,1,18114
9,1,18115
9,1,18116
9,1,18117
9,1,18118
9,1,18119
9,1,18120
9,1,18121
9,1,18122
9,1,18123
9,1,18124
9,1,18125
9,1,18126
9,1,18127
9,1,18128
9,1,18129
9,1,18130
9,1,18131
8,2,18133
8,2,18135
9,1,18136
9,1,18137
9,1,18138
9,1,18139
9,1,18140
9,1,18141
9,1,18142
9,1,18143
9,1,18144
9,1,18145
9,1,18146
9,1,18147
9,1,18148
9,1,18149
9,1,18150
9,1,18151
9,1,18152
9,1,18153
9,1,18154
9,1,18155
9,1,18156
9,1,18157
9,1,18158
9,1,18159
9,1,18160
9,1,18161
9,1,18162
9,1,18163
9,1,18164
9,1,18165
9,1,18166
9,1,18167
9,1,18168
9,1,18169
9,1,18170
9,1,18171
9,1,18172
9,1,18173
9,1,18174
9,1,18175
9,1,18176
9,1,18177
9,1,18178
9,1,18179
9,1,18180
9,1,18181
9,1,18182
9,1,18183
9,1,18184
4,6,18190
9,1,18191
9,1,18192
9,1,18193
9,1,18194
9,1,18195
9,1,18196
9,1,18197
5,5,18202
9,1,18203
9,1,18204
9,1,18205
9,1,18206
8,2,18208
9,1,18209
9,1,18210
9,1,18211
7,3,18214
9,1,18215
9,1,18216
9,1,18217
9,1,18218
9,1,18219
9,1,18220
9,1,18221
9,1,18222
9,1,18223
9,1,18224
9,1,18225
7,3,18228
9,1,18229
9,1,18230
9,1,18231
9,1,18232
9,1,18233
9,1,18234
9,1,18235
9,1,18236
9,1,18237
9,1,18238
6,4,18242
9,1,18243
9,1,18244
9,1,18245
9,1,18246
9,1,18247
9,1,18248
9,1,18249
9,1,18250
9,1,18251
9,1,18252
9,1,18253
9,1,18254
8,2,18256
6,4,18260
9,1,18261
8,2,18263
9,1,18264
9,1,18265
9,1,18266
9,1,18267
9,1,18268
9,1,18269
9,1,18270
9,1,18271
9,1,18272
9,1,18273
9,1,18274
9,1,18275
5,5,18280
9,1,18281
9,1,18282
9,1,18283
9,1,18284
9,1,18285
9,1,18286
9,1,18287
9,1,18288
9,1,18289
9,1,18290
9,1,18291
9,1,18292
7,3,18295
9,1,18296
9,1,18297
8,2,18299
9,1,18300
8,2,18302
9,1,18303
7,3,18306
9,1,18307
9,1,18308
9,1,18309
9,1,18310
9,1,18311
9,1,18312
9,1,18313
9,1,18314
9,1,18315
9,1,18316
9,1,18317
9,1,18318
9,1,18319
9,1,18320
9,1,18321
9,1,18322
9,1,18323
7,3,18326
9,1,18327
3,6,18333
9,1,18334
9,1,18335
9,1,18336
9,1,18337
9,1,18338
9,1,18339
9,1,18340
9,1,18341
9,1,18342
9,1,18343
9,1,18344
9,1,18345
9,1,18346
9,1,18347
9,1,18348
9,1,18349
9,1,18350
9,1,18351
9,1,18352
9,1,18353
9,1,18354
9,1,18355
9,1,18356
9,1,18357
9,1,18358
9,1,18359
9,1,18360
5,5,18365
9,1,18366
7,3,18369
9,1,18370
9,1,18371
9,1,18372
8,2,18374
9,1,18375
9,1,18376
9,1,18377
9,1,18378
9,1,18379
9,1,18380
9,1,18381
9,1,18382
9,1,18383
9,1,18384
9,1,18385
9,1,18386
8,2,18388
9,1,18389
9,1,18390
9,1,18391
9,1,18392
9,1,18393
9,1,18394
9,1,18395
9,1,18396
9,1,18397
9,1,18398
9,1,18399
8,2,18401
9,1,18402
9,1,18403
9,1,18404
8,2,18406
9,1,18407
9,1,18408
9,1,18409
9,1,18410
9,1,18411
9,1,18412
4,6,18418
9,1,18419
9,1,18420
9,1,18421
9,1,18422
9,1,18423
9,1,18424
9,1,18425
9,1,18426
9,1,18427
9,1,18428
9,1,18429
9,1,18430
9,1,18431
9,1,18432
9,1,18433
9,1,18434
9,1,18435
9,1,18436
9,1,18437
4,6,18443
9,1,18444
9,1,18445
9,1,18446
9,1,18447
9,1,18448
9,1,18449
9,1,18450
9,1,18451
9,1,18452
9,1,18453
9,1,18454
9,1,18455
9,1,18456
9,1,18457
9,1,18458
9,1,18459
8,2,18461
9,1,18462
9,1,18463
9,1,18464
9,1,18465
9,1,18466
9,1,18467
9,1,18468
9,1,18469
9,1,18470
9,1,18471
9,1,18472
9,1,18473
9,1,18474
9,1,18475
9,1,18476
9,1,18477
9,1,18478
9,1,18479
9,1,18480
9,1,18481
9,1,18482
9,1,18483
8,2,18485
9,1,18486
9,1,18487
6,4,18491
9,1,18492
8,2,18494
9,1,18495
9,1,18496
9,1,18497
9,1,18498
9,1,18499
9,1,18500
9,1,18501
9,1,18502
9,1,18503
9,1,18504
9,1,18505
9,1,18506
9,1,18507
9,1,18508
9,1,18509
9,1,18510
9,1,18511
9,1,18512
9,1,18513
9,1,18514
9,1,18515
9,1,18516
9,1,18517
9,1,18518
9,1,18519
9,1,18520
9,1,18521
9,1,18522
9,1,18523
9,1,18524
9,1,18525
9,1,18526
9,1,18527
9,1,18528
9,1,18529
9,1,18530
9,1,18531
9,1,18532
9,1,18533
9,1,18534
9,1,18535
9,1,18536
9,1,18537
9,1,18538
9,1,18539
9,1,18540
9,1,18541
8,2,18543
9,1,18544
9,1,18545
7,3,18548
9,1,18549
8,2,18551
9,1,18552
9,1,18553
9,1,18554
9,1,18555
9,1,18556
9,1,18557
9,1,18558
9,1,18559
9,1,18560
9,1,18561
9,1,18562
9,1,18563
9,1,18564
9,1,18565
9,1,18566
9,1,18567
7,3,18570
7,3,18573
9,1,18574
9,1,18575
9,1,18576
9,1,18577
9,1,18578
9,1,18579
8,2,18581
9,1,18582
9,1,18583
9,1,18584
9,1,18585
9,1,18586
9,1,18587
9,1,18588
9,1,18589
9,1,18590
9,1,18591
9,1,18592
9,1,18593
9,1,18594
9,1,18595
9,1,18596
9,1,18597
9,1,18598
9,1,18599
9,1,18600
9,1,18601
9,1,18602
9,1,18603
9,1,18604
9,1,18605
9,1,18606
9,1,18607
9,1,18608
9,1,18609
9,1,18610
9,1,18611
9,1,18612
9,1,18613
9,1,18614
8,2,18616
9,1,18617
9,1,18618
9,1,18619
9,1,18620
9,1,18621
9,1,18622
9,1,18623
9,1,18624
9,1,18625
9,1,18626
9,1,18627
9,1,18628
9,1,18629
9,1,18630
9,1,18631
9,1,18632
9,1,18633
9,1,18634
9,1,18635
9,1,18636
9,1,18637
9,1,18638
9,1,18639
9,1,18640
9,1,18641
9,1,18642
9,1,18643
8,2,18645
9,1,18646
9,1,18647
9,1,18648
9,1,18649
9,1,18650
9,1,18651
9,1,18652
9,1,18653
9,1,18654
8,2,18656
9,1,18657
9,1,18658
9,1,18659
9,1,18660
9,1,18661
9,1,18662
3,7,18669
9,1,18670
8,2,18672
9,1,18673
9,1,18674
7,3,18677
8,2,18679
9,1,18680
9,1,18681
9,1,18682
9,1,18683
9,1,18684
9,1,18685
9,1,18686
9,1,18687
9,1,18688
7,3,18691
9,1,18692
9,1,18693
9,1,18694
9,1,18695
9,1,18696
9,1,18697
9,1,18698
8,2,18700
9,1,18701
9,1,18702
9,1,18703
9,1,18704
9,1,18705
9,1,18706
9,1,18707
9,1,18708
9,1,18709
9,1,18710
9,1,18711
9,1,18712
9,1,18713
9,1,18714
9,1,18715
9,1,18716
9,1,18717
7,3,18720
9,1,18721
8,2,18723
9,1,18724
9,1,18725
9,1,18726
9,1,18727
9,1,18728
9,1,18729
9,1,18730
9,1,18731
9,1,18732
9,1,18733
9,1,18734
9,1,18735
9,1,18736
8,2,18738
9,1,18739
9,1,18740
7,3,18743
9,1,18744
9,1,18745
4,6,18751
7,3,18754
9,1,18755
9,1,18756
9,1,18757
8,2,18759
9,1,18760
8,2,18762
9,1,18763
9,1,18764
9,1,18765
7,3,18768
9,1,18769
9,1,18770
9,1,18771
9,1,18772
9,1,18773
9,1,18774
9,1,18775
9,1,18776
6,4,18780
9,1,18781
9,1,18782
9,1,18783
9,1,18784
9,1,18785
9,1,18786
9,1,18787
9,1,18788
9,1,18789
4,5,18794
9,1,18795
9,1,18796
9,1,18797
9,1,18798
9,1,18799
9,1,18800
9,1,18801
9,1,18802
9,1,18803
9,1,18804
9,1,18805
9,1,18806
9,1,18807
9,1,18808
9,1,18809
9,1,18810
9,1,18811
9,1,18812
9,1,18813
9,1,18814
7,3,18817
9,1,18818
9,1,18819
9,1,18820
9,1,18821
9,1,18822
9,1,18823
9,1,18824
9,1,18825
9,1,18826
9,1,18827
9,1,18828
9,1,18829
9,1,18830
9,1,18831
9,1,18832
9,1,18833
9,1,18834
9,1,18835
9,1,18836
9,1,18837
9,1,18838
9,1,18839
5,5,18844
6,4,18848
9,1,18849
9,1,18850
9,1,18851
9,1,18852
9,1,18853
9,1,18854
9,1,18855
9,1,18856
9,1,18857
9,1,18858
9,1,18859
8,2,18861
9,1,18862
9,1,18863
9,1,18864
7,3,18867
9,1,18868
8,2,18870
9,1,18871
3,7,18878
9,1,18879
9,1,18880
9,1,18881
9,1,18882
9,1,18883
9,1,18884
9,1,18885
9,1,18886
9,1,18887
9,1,18888
9,1,18889
9,1,18890
6,4,18894
9,1,18895
9,1,18896
9,1,18897
9,1,18898
9,1,18899
9,1,18900
9,1,18901
9,1,18902
9,1,18903
9,1,18904
9,1,18905
9,1,18906
9,1,18907
9,1,18908
9,1,18909
9,1,18910
9,1,18911
9,1,18912
9,1,18913
9,1,18914
9,1,18915
9,1,18916
9,1,18917
9,1,18918
9,1,18919
9,1,18920
9,1,18921
9,1,18922
9,1,18923
9,1,18924
9,1,18925
7,3,18928
9,1,18929
9,1,18930
9,1,18931
9,1,18932
9,1,18933
9,1,18934
9,1,18935
9,1,18936
9,1,18937
9,1,18938
9,1,18939
9,1,18940
9,1,18941
9,1,18942
9,1,18943
9,1,18944
9,1,18945
9,1,18946
9,1,18947
9,1,18948
9,1,18949
9,1,18950
9,1,18951
9,1,18952
9,1,18953
-6,16,18969
9,1,18970
6,3,18973
9,1,18974
9,1,18975
9,1,18976
9,1,18977
9,1,18978
9,1,18979
9,1,18980
9,1,18981
9,1,18982
9,1,18983
9,1,18984
9,1,18985
9,1,18986
8,2,18988
9,1,18989
9,1,18990
9,1,18991
9,1,18992
9,1,18993
9,1,18994
9,1,18995
7,3,18998
9,1,18999
9,1,19000
6,4,19004
9,1,19005
9,1,19006
9,1,19007
9,1,19008
9,1,19009
9,1,19010
9,1,19011
9,1,19012
5,5,19017
9,1,19018
9,1,19019
9,1,19020
9,1,19021
9,1,19022
9,1,19023
9,1,19024
5,5,19029
9,1,19030
9,1,19031
9,1,19032
9,1,19033
9,1,19034
9,1,19035
9,1,19036
9,1,19037
9,1,19038
9,1,19039
9,1,19040
9,1,19041
9,1,19042
6,4,19046
9,1,19047
9,1,19048
9,1,19049
9,1,19050
9,1,19051
9,1,19052
9,1,19053
9,1,19054
9,1,19055
9,1,19056
9,1,19057
9,1,19058
9,1,19059
4,5,19064
9,1,19065
9,1,19066
9,1,19067
9,1,19068
9,1,19069
9,1,19070
9,1,19071
9,1,19072
9,1,19073
9,1,19074
9,1,19075
9,1,19076
9,1,19077
9,1,19078
9,1,19079
9,1,19080
9,1,19081
9,1,19082
9,1,19083
9,1,19084
9,1,19085
9,1,19086
9,1,19087
8,2,19089
9,1,19090
9,1,19091
9,1,19092
9,1,19093
9,1,19094
9,1,19095
9,1,19096
9,1,19097
9,1,19098
1,9,19107
9,1,19108
9,1,19109
9,1,19110
9,1,19111
7,3,19114
9,1,19115
9,1,19116
9,1,19117
9,1,19118
7,3,19121
9,1,19122
9,1,19123
9,1,19124
9,1,19125
9,1,19126
8,2,19128
8,2,19130
9,1,19131
9,1,19132
8,2,19134
9,1,19135
9,1,19136
9,1,19137
9,1,19138
9,1,19139
5,5,19144
9,1,19145
9,1,19146
8,2,19148
9,1,19149
9,1,19150
4,5,19155
9,1,19156
9,1,19157
9,1,19158
9,1,19159
8,2,19161
9,1,19162
9,1,19163
9,1,19164
9,1,19165
9,1,19166
9,1,19167
9,1,19168
9,1,19169
9,1,19170
9,1,19171
9,1,19172
9,1,19173
9,1,19174
9,1,19175
9,1,19176
9,1,19177
9,1,19178
9,1,19179
9,1,19180
9,1,19181
9,1,19182
5,5,19187
9,1,19188
9,1,19189
8,2,19191
9,1,19192
9,1,19193
9,1,19194
7,3,19197
9,1,19198
9,1,19199
9,1,19200
9,1,19201
9,1,19202
8,2,19204
9,1,19205
9,1,19206
9,1,19207
9,1,19208
9,1,19209
9,1,19210
9,1,19211
9,1,19212
9,1,19213
9,1,19214
9,1,19215
9,1,19216
9,1,19217
9,1,19218
9,1,19219
9,1,19220
9,1,19221
7,3,19224
9,1,19225
9,1,19226
9,1,19227
9,1,19228
9,1,19229
9,1,19230
7,3,19233
9,1,19234
9,1,19235
9,1,19236
9,1,19237
9,1,19238
9,1,19239
9,1,19240
9,1,19241
9,1,19242
9,1,19243
9,1,19244
9,1,19245
9,1,19246
9,1,19247
9,1,19248
9,1,19249
9,1,19250
9,1,19251
9,1,19252
9,1,19253
9,1,19254
7,3,19257
9,1,19258
9,1,19259
9,1,19260
9,1,19261
9,1,19262
9,1,19263
9,1,19264
9,1,19265
9,1,19266
9,1,19267
9,1,19268
9,1,19269
9,1,19270
9,1,19271
9,1,19272
9,1,19273
9,1,19274
9,1,19275
9,1,19276
9,1,19277
9,1,19278
9,1,19279
9,1,19280
9,1,19281
9,1,19282
9,1,19283
9,1,19284
9,1,19285
9,1,19286
9,1,19287
9,1,19288
9,1,19289
9,1,19290
9,1,19291
9,1,19292
9,1,19293
9,1,19294
9,1,19295
9,1,19296
9,1,19297
7,3,19300
9,1,19301
9,1,19302
9,1,19303
9,1,19304
