episode_return,episode_length,total_steps
0,0,0
9,1,1
-7,10,11
-10,12,23
-15,15,38
-33,20,58
-15,14,72
-20,18,90
2,6,96
8,2,98
-11,14,112
9,1,113
-11,12,125
4,5,130
-13,16,146
4,5,151
-28,20,171
-40,20,191
-2,8,199
-11,12,211
-13,16,227
9,1,228
7,3,231
-16,16,247
-40,20,267
-28,20,287
1,8,295
8,2,297
6,4,301
9,1,302
5,5,307
1,6,313
8,2,315
5,3,318
6,4,322
8,2,324
-9,12,336
8,2,338
9,1,339
6,4,343
-15,13,356
-21,18,374
-7,12,386
3,7,393
-36,20,413
-39,20,433
6,4,437
9,1,438
-39,20,458
5,5,463
-39,20,483
-26,20,503
-21,18,521
-35,20,541
9,1,542
-40,20,562
-37,20,582
9,1,583
9,1,584
0,7,591
9,1,592
8,2,594
7,3,597
-6,9,606
-13,15,621
-27,20,641
4,5,646
-10,12,658
8,2,660
8,2,662
-16,15,677
-11,12,689
3,7,696
9,1,697
9,1,698
8,2,700
8,2,702
9,1,703
7,3,706
5,5,711
1,6,717
8,2,719
9,1,720
-2,11,731
9,1,732
9,1,733
-22,17,750
7,3,753
9,1,754
9,1,755
-17,20,775
9,1,776
9,1,777
9,1,778
5,4,782
9,1,783
9,1,784
6,4,788
9,1,789
4,5,794
9,1,795
5,5,800
9,1,801
9,1,802
4,6,808
8,2,810
4,4,814
9,1,815
1,8,823
9,1,824
1,8,832
9,1,833
2,8,841
9,1,842
8,2,844
2,7,851
-6,13,864
8,2,866
5,4,870
8,2,872
9,1,873
7,3,876
-4,13,889
0,9,898
-3,12,910
5,4,914
4,6,920
9,1,921
-1,10,931
9,1,932
4,5,937
5,4,941
7,3,944
5,4,948
5,4,952
6,3,955
9,1,956
4,5,961
5,5,966
5,5,971
4,5,976
9,1,977
3,6,983
5,4,987
5,4,991
6,3,994
2,6,1000
3,6,1006
9,1,1007
7,3,1010
9,1,1011
8,2,1013
5,4,1017
9,1,1018
6,3,1021
7,3,1024
9,1,1025
5,4,1029
6,4,1033
3,5,1038
5,4,1042
0,9,1051
7,3,1054
5,4,1058
7,3,1061
-2,8,1069
5,4,1073
5,4,1077
7,3,1080
6,3,1083
6,3,1086
9,1,1087
6,3,1090
6,3,1093
5,4,1097
7,3,1100
5,4,1104
5,4,1108
6,3,1111
6,3,1114
7,3,1117
7,3,1120
6,3,1123
6,3,1126
5,4,1130
6,3,1133
9,1,1134
5,4,1138
7,3,1141
5,4,1145
5,4,1149
6,4,1153
6,3,1156
9,1,1157
9,1,1158
6,3,1161
6,3,1164
6,3,1167
7,2,1169
5,4,1173
6,4,1177
6,3,1180
4,5,1185
5,4,1189
5,4,1193
5,4,1197
6,3,1200
7,3,1203
7,3,1206
7,3,1209
3,6,1215
6,3,1218
7,3,1221
6,3,1224
9,1,1225
4,4,1229
6,3,1232
6,3,1235
7,3,1238
7,3,1241
4,4,1245
9,1,1246
7,3,1249
7,3,1252
9,1,1253
9,1,1254
6,3,1257
5,4,1261
5,4,1265
6,3,1268
6,3,1271
8,2,1273
6,3,1276
6,3,1279
6,3,1282
7,3,1285
7,3,1288
6,3,1291
8,2,1293
6,3,1296
6,3,1299
7,3,1302
7,3,1305
7,3,1308
7,3,1311
6,3,1314
6,3,1317
5,4,1321
2,7,1328
7,3,1331
5,4,1335
4,5,1340
5,4,1344
6,3,1347
6,3,1350
5,5,1355
4,4,1359
7,3,1362
5,4,1366
6,3,1369
6,3,1372
5,4,1376
6,3,1379
6,3,1382
6,3,1385
9,1,1386
6,3,1389
6,4,1393
4,4,1397
2,5,1402
6,3,1405
6,3,1408
8,2,1410
5,4,1414
7,3,1417
4,4,1421
6,4,1425
6,3,1428
6,3,1431
6,3,1434
7,3,1437
6,3,1440
6,3,1443
6,3,1446
6,3,1449
5,4,1453
7,3,1456
6,3,1459
7,3,1462
6,4,1466
6,3,1469
6,3,1472
5,4,1476
9,1,1477
6,3,1480
5,4,1484
6,3,1487
4,5,1492
9,1,1493
5,4,1497
6,3,1500
6,3,1503
6,3,1506
9,1,1507
7,3,1510
6,3,1513
9,1,1514
6,3,1517
6,3,1520
9,1,1521
6,3,1524
4,4,1528
6,3,1531
6,3,1534
6,3,1537
6,3,1540
9,1,1541
6,3,1544
7,3,1547
6,3,1550
5,4,1554
9,1,1555
6,3,1558
6,3,1561
6,3,1564
6,3,1567
6,3,1570
5,4,1574
6,3,1577
6,3,1580
9,1,1581
6,4,1585
6,3,1588
6,3,1591
7,3,1594
6,3,1597
7,3,1600
6,3,1603
7,3,1606
9,1,1607
6,4,1611
5,4,1615
6,3,1618
6,3,1621
7,3,1624
6,3,1627
5,4,1631
7,3,1634
6,3,1637
5,4,1641
6,3,1644
9,1,1645
5,4,1649
5,4,1653
3,5,1658
5,4,1662
6,3,1665
6,3,1668
1,6,1674
7,3,1677
2,5,1682
6,4,1686
6,3,1689
9,1,1690
9,1,1691
5,4,1695
6,3,1698
7,3,1701
7,3,1704
6,3,1707
5,4,1711
6,3,1714
6,3,1717
6,3,1720
5,4,1724
7,3,1727
5,4,1731
7,3,1734
6,3,1737
5,4,1741
6,4,1745
6,3,1748
9,1,1749
5,4,1753
9,1,1754
7,3,1757
7,3,1760
8,2,1762
8,2,1764
6,3,1767
9,1,1768
5,4,1772
6,3,1775
9,1,1776
6,3,1779
9,1,1780
4,4,1784
5,4,1788
7,3,1791
5,4,1795
-2,7,1802
2,5,1807
4,5,1812
5,4,1816
7,3,1819
6,3,1822
6,4,1826
9,1,1827
7,3,1830
4,4,1834
-26,19,1853
6,3,1856
5,4,1860
9,1,1861
7,3,1864
6,3,1867
6,3,1870
6,4,1874
-10,11,1885
6,3,1888
7,3,1891
5,4,1895
6,3,1898
4,4,1902
6,3,1905
8,2,1907
5,4,1911
6,3,1914
6,3,1917
6,4,1921
5,4,1925
9,1,1926
1,6,1932
6,3,1935
6,3,1938
5,4,1942
6,3,1945
4,4,1949
4,5,1954
2,6,1960
-3,8,1968
2,5,1973
6,4,1977
9,1,1978
5,4,1982
7,3,1985
6,3,1988
4,4,1992
9,1,1993
8,2,1995
7,3,1998
6,3,2001
6,3,2004
4,4,2008
3,5,2013
3,5,2018
6,4,2022
3,5,2027
9,1,2028
6,3,2031
7,3,2034
8,2,2036
7,3,2039
5,4,2043
6,3,2046
-4,8,2054
4,5,2059
6,3,2062
7,3,2065
5,4,2069
6,4,2073
5,4,2077
4,4,2081
6,4,2085
6,3,2088
6,4,2092
6,3,2095
6,3,2098
9,1,2099
6,3,2102
4,4,2106
3,5,2111
7,3,2114
7,3,2117
3,6,2123
6,3,2126
-4,9,2135
3,5,2140
7,2,2142
4,4,2146
7,3,2149
5,4,2153
5,4,2157
6,3,2160
9,1,2161
6,4,2165
6,3,2168
6,3,2171
8,2,2173
6,4,2177
2,6,2183
5,4,2187
9,1,2188
6,3,2191
6,3,2194
5,4,2198
6,3,2201
6,3,2204
7,3,2207
5,4,2211
6,4,2215
-2,7,2222
6,3,2225
8,2,2227
4,4,2231
6,3,2234
9,1,2235
4,4,2239
0,6,2245
8,2,2247
7,3,2250
5,4,2254
3,5,2259
6,4,2263
6,3,2266
5,4,2270
9,1,2271
4,4,2275
5,4,2279
6,3,2282
5,4,2286
9,1,2287
3,5,2292
1,6,2298
5,4,2302
3,5,2307
6,3,2310
5,5,2315
8,2,2317
4,4,2321
6,4,2325
7,3,2328
6,4,2332
-1,7,2339
5,4,2343
5,5,2348
4,4,2352
6,3,2355
4,5,2360
6,3,2363
6,3,2366
8,2,2368
6,3,2371
6,3,2374
3,5,2379
5,4,2383
5,4,2387
6,3,2390
4,5,2395
6,4,2399
5,4,2403
3,5,2408
4,4,2412
1,6,2418
8,2,2420
7,3,2423
6,3,2426
6,3,2429
9,1,2430
5,4,2434
6,3,2437
7,3,2440
6,3,2443
9,1,2444
6,3,2447
5,4,2451
9,1,2452
4,6,2458
4,5,2463
6,4,2467
9,1,2468
9,1,2469
4,5,2474
5,4,2478
4,4,2482
9,1,2483
9,1,2484
5,4,2488
6,4,2492
6,4,2496
8,2,2498
5,4,2502
6,4,2506
9,1,2507
7,3,2510
7,3,2513
6,3,2516
9,1,2517
8,2,2519
5,4,2523
6,3,2526
5,4,2530
6,3,2533
8,2,2535
5,4,2539
4,4,2543
9,1,2544
6,3,2547
9,1,2548
5,4,2552
6,3,2555
5,4,2559
9,1,2560
6,4,2564
5,4,2568
9,1,2569
2,7,2576
6,3,2579
6,3,2582
6,3,2585
9,1,2586
6,3,2589
4,4,2593
5,4,2597
6,3,2600
8,2,2602
9,1,2603
4,5,2608
6,3,2611
6,3,2614
6,4,2618
9,1,2619
4,5,2624
4,5,2629
6,3,2632
9,1,2633
5,4,2637
9,1,2638
4,4,2642
5,4,2646
5,4,2650
6,4,2654
5,4,2658
3,5,2663
7,3,2666
6,3,2669
7,3,2672
9,1,2673
4,5,2678
5,4,2682
3,5,2687
5,4,2691
9,1,2692
9,1,2693
6,4,2697
5,4,2701
4,4,2705
4,4,2709
6,3,2712
6,3,2715
3,6,2721
6,4,2725
6,3,2728
6,3,2731
6,3,2734
5,4,2738
5,4,2742
-7,10,2752
6,3,2755
9,1,2756
6,3,2759
5,4,2763
9,1,2764
4,4,2768
5,4,2772
4,5,2777
8,2,2779
5,4,2783
6,3,2786
6,4,2790
6,3,2793
5,4,2797
4,6,2803
5,4,2807
6,3,2810
4,4,2814
9,1,2815
5,4,2819
6,4,2823
5,4,2827
4,5,2832
5,4,2836
6,3,2839
7,3,2842
6,3,2845
-1,7,2852
5,4,2856
5,4,2860
5,4,2864
6,3,2867
6,3,2870
9,1,2871
9,1,2872
6,3,2875
3,5,2880
6,3,2883
6,3,2886
5,4,2890
8,2,2892
7,3,2895
4,5,2900
6,3,2903
9,1,2904
8,2,2906
9,1,2907
7,3,2910
9,1,2911
5,4,2915
6,3,2918
9,1,2919
5,4,2923
9,1,2924
7,3,2927
5,4,2931
7,3,2934
6,4,2938
7,3,2941
6,3,2944
6,3,2947
9,1,2948
9,1,2949
9,1,2950
5,4,2954
9,1,2955
6,3,2958
5,4,2962
8,2,2964
5,4,2968
6,3,2971
9,1,2972
9,1,2973
9,1,2974
6,3,2977
3,5,2982
7,3,2985
5,4,2989
8,2,2991
5,4,2995
6,4,2999
6,3,3002
9,1,3003
9,1,3004
5,4,3008
9,1,3009
3,5,3014
6,4,3018
4,6,3024
4,5,3029
5,4,3033
6,3,3036
5,4,3040
9,1,3041
5,4,3045
8,2,3047
8,2,3049
6,3,3052
6,4,3056
6,3,3059
5,4,3063
9,1,3064
9,1,3065
7,3,3068
6,3,3071
9,1,3072
7,3,3075
6,3,3078
6,3,3081
6,3,3084
1,6,3090
4,5,3095
9,1,3096
9,1,3097
6,3,3100
2,5,3105
6,3,3108
8,2,3110
6,3,3113
4,4,3117
6,3,3120
6,4,3124
7,3,3127
5,4,3131
8,2,3133
9,1,3134
9,1,3135
5,4,3139
8,2,3141
6,3,3144
8,2,3146
9,1,3147
5,4,3151
6,4,3155
5,4,3159
6,3,3162
9,1,3163
7,3,3166
6,3,3169
9,1,3170
6,4,3174
5,4,3178
6,3,3181
5,4,3185
5,4,3189
9,1,3190
9,1,3191
5,4,3195
6,4,3199
8,2,3201
5,4,3205
9,1,3206
7,3,3209
6,3,3212
5,5,3217
5,4,3221
9,1,3222
2,5,3227
5,4,3231
6,3,3234
5,4,3238
9,1,3239
9,1,3240
5,4,3244
9,1,3245
5,4,3249
6,4,3253
5,4,3257
9,1,3258
6,3,3261
6,3,3264
1,7,3271
8,2,3273
6,3,3276
9,1,3277
4,5,3282
6,3,3285
9,1,3286
9,1,3287
9,1,3288
6,3,3291
6,3,3294
4,4,3298
5,4,3302
4,5,3307
6,3,3310
8,2,3312
6,3,3315
8,2,3317
7,3,3320
5,4,3324
8,2,3326
6,4,3330
8,2,3332
5,4,3336
6,3,3339
8,2,3341
6,3,3344
6,4,3348
4,4,3352
6,3,3355
9,1,3356
8,2,3358
8,2,3360
5,4,3364
9,1,3365
6,3,3368
8,2,3370
9,1,3371
5,4,3375
9,1,3376
6,4,3380
6,3,3383
9,1,3384
6,3,3387
5,4,3391
6,3,3394
5,4,3398
6,3,3401
6,3,3404
8,2,3406
6,4,3410
9,1,3411
2,5,3416
9,1,3417
6,3,3420
9,1,3421
6,3,3424
9,1,3425
7,3,3428
9,1,3429
9,1,3430
9,1,3431
9,1,3432
5,4,3436
6,4,3440
6,3,3443
5,4,3447
5,4,3451
9,1,3452
5,4,3456
9,1,3457
6,3,3460
6,3,3463
5,4,3467
9,1,3468
6,3,3471
4,6,3477
5,4,3481
8,2,3483
9,1,3484
9,1,3485
8,2,3487
5,4,3491
7,3,3494
9,1,3495
6,4,3499
6,3,3502
5,4,3506
4,4,3510
6,3,3513
6,3,3516
8,2,3518
9,1,3519
5,4,3523
8,2,3525
8,2,3527
6,3,3530
7,3,3533
6,3,3536
9,1,3537
7,3,3540
9,1,3541
6,3,3544
6,3,3547
9,1,3548
6,4,3552
6,3,3555
6,4,3559
9,1,3560
6,3,3563
9,1,3564
9,1,3565
9,1,3566
5,4,3570
5,4,3574
5,4,3578
9,1,3579
5,4,3583
9,1,3584
6,4,3588
5,4,3592
9,1,3593
5,4,3597
5,4,3601
8,2,3603
8,2,3605
8,2,3607
8,2,3609
9,1,3610
6,3,3613
9,1,3614
5,4,3618
7,2,3620
9,1,3621
5,4,3625
6,3,3628
5,4,3632
3,7,3639
9,1,3640
9,1,3641
7,3,3644
8,2,3646
5,4,3650
9,1,3651
6,3,3654
9,1,3655
8,2,3657
7,3,3660
6,3,3663
9,1,3664
7,3,3667
9,1,3668
3,5,3673
9,1,3674
7,3,3677
5,4,3681
5,5,3686
6,3,3689
6,3,3692
5,4,3696
8,2,3698
5,4,3702
9,1,3703
7,3,3706
5,4,3710
2,5,3715
6,3,3718
6,3,3721
6,3,3724
6,3,3727
6,3,3730
9,1,3731
7,3,3734
8,2,3736
9,1,3737
6,3,3740
9,1,3741
9,1,3742
5,4,3746
6,3,3749
8,2,3751
5,4,3755
9,1,3756
9,1,3757
7,3,3760
6,4,3764
9,1,3765
5,4,3769
6,3,3772
8,2,3774
6,4,3778
5,4,3782
2,7,3789
9,1,3790
5,4,3794
9,1,3795
9,1,3796
5,4,3800
8,2,3802
3,6,3808
9,1,3809
4,4,3813
9,1,3814
9,1,3815
8,2,3817
5,4,3821
5,4,3825
7,3,3828
9,1,3829
9,1,3830
5,4,3834
6,3,3837
6,3,3840
4,5,3845
6,3,3848
5,4,3852
6,3,3855
6,3,3858
6,3,3861
9,1,3862
9,1,3863
6,3,3866
8,2,3868
8,2,3870
9,1,3871
8,2,3873
9,1,3874
9,1,3875
6,3,3878
6,4,3882
9,1,3883
6,3,3886
6,4,3890
4,5,3895
5,4,3899
6,3,3902
9,1,3903
7,3,3906
9,1,3907
9,1,3908
5,4,3912
8,2,3914
9,1,3915
6,3,3918
5,4,3922
9,1,3923
7,3,3926
5,4,3930
4,4,3934
4,4,3938
9,1,3939
9,1,3940
6,3,3943
4,4,3947
6,3,3950
5,4,3954
8,2,3956
6,3,3959
9,1,3960
6,3,3963
9,1,3964
9,1,3965
9,1,3966
7,3,3969
6,3,3972
9,1,3973
4,5,3978
6,3,3981
6,4,3985
5,4,3989
5,4,3993
9,1,3994
9,1,3995
8,2,3997
6,4,4001
6,3,4004
9,1,4005
9,1,4006
9,1,4007
7,3,4010
9,1,4011
7,3,4014
6,3,4017
5,4,4021
8,2,4023
7,2,4025
9,1,4026
6,3,4029
9,1,4030
5,4,4034
9,1,4035
9,1,4036
9,1,4037
5,4,4041
9,1,4042
9,1,4043
7,3,4046
6,3,4049
8,2,4051
8,2,4053
5,4,4057
5,4,4061
6,3,4064
5,4,4068
5,5,4073
5,4,4077
6,3,4080
6,3,4083
9,1,4084
8,2,4086
3,6,4092
9,1,4093
5,4,4097
6,3,4100
8,2,4102
6,4,4106
9,1,4107
9,1,4108
9,1,4109
8,2,4111
5,4,4115
9,1,4116
8,2,4118
6,4,4122
7,3,4125
9,1,4126
6,3,4129
9,1,4130
5,4,4134
6,3,4137
6,3,4140
8,2,4142
4,4,4146
5,4,4150
6,3,4153
6,3,4156
9,1,4157
6,3,4160
9,1,4161
7,3,4164
6,3,4167
7,3,4170
3,5,4175
9,1,4176
7,3,4179
9,1,4180
5,4,4184
6,3,4187
6,3,4190
9,1,4191
9,1,4192
7,3,4195
5,4,4199
9,1,4200
6,3,4203
6,3,4206
7,3,4209
8,2,4211
5,4,4215
6,4,4219
9,1,4220
5,4,4224
2,5,4229
6,4,4233
7,3,4236
7,3,4239
5,4,4243
9,1,4244
8,2,4246
5,5,4251
6,3,4254
6,4,4258
7,3,4261
6,3,4264
5,4,4268
6,3,4271
7,3,4274
9,1,4275
5,4,4279
9,1,4280
8,2,4282
9,1,4283
9,1,4284
6,3,4287
5,4,4291
6,4,4295
9,1,4296
5,4,4300
9,1,4301
8,2,4303
9,1,4304
5,4,4308
7,3,4311
6,3,4314
5,4,4318
6,3,4321
6,3,4324
6,3,4327
5,4,4331
7,3,4334
8,2,4336
9,1,4337
5,4,4341
8,2,4343
9,1,4344
6,3,4347
9,1,4348
8,2,4350
9,1,4351
6,4,4355
9,1,4356
6,3,4359
6,3,4362
8,2,4364
8,2,4366
9,1,4367
9,1,4368
6,3,4371
8,2,4373
8,2,4375
8,2,4377
6,3,4380
6,3,4383
7,3,4386
9,1,4387
9,1,4388
9,1,4389
7,3,4392
9,1,4393
5,4,4397
9,1,4398
9,1,4399
3,5,4404
8,2,4406
9,1,4407
7,3,4410
9,1,4411
4,4,4415
6,3,4418
5,4,4422
9,1,4423
6,3,4426
8,2,4428
7,3,4431
9,1,4432
3,5,4437
6,3,4440
9,1,4441
9,1,4442
6,3,4445
6,3,4448
6,3,4451
6,3,4454
9,1,4455
8,2,4457
9,1,4458
9,1,4459
9,1,4460
9,1,4461
7,3,4464
6,3,4467
9,1,4468
9,1,4469
8,2,4471
6,3,4474
9,1,4475
5,4,4479
6,3,4482
9,1,4483
8,2,4485
8,2,4487
9,1,4488
7,3,4491
7,3,4494
7,3,4497
9,1,4498
6,3,4501
6,4,4505
4,4,4509
9,1,4510
5,4,4514
9,1,4515
9,1,4516
7,3,4519
9,1,4520
8,2,4522
7,3,4525
6,3,4528
4,4,4532
9,1,4533
6,3,4536
8,2,4538
5,4,4542
9,1,4543
9,1,4544
7,3,4547
9,1,4548
6,3,4551
4,5,4556
6,4,4560
9,1,4561
8,2,4563
8,2,4565
6,3,4568
6,3,4571
9,1,4572
9,1,4573
6,3,4576
6,3,4579
5,4,4583
5,4,4587
9,1,4588
9,1,4589
9,1,4590
9,1,4591
5,4,4595
9,1,4596
9,1,4597
8,2,4599
5,4,4603
6,3,4606
5,4,4610
5,4,4614
9,1,4615
9,1,4616
9,1,4617
8,2,4619
5,4,4623
4,4,4627
4,4,4631
9,1,4632
9,1,4633
9,1,4634
5,5,4639
6,3,4642
6,3,4645
7,3,4648
6,3,4651
5,4,4655
6,3,4658
9,1,4659
9,1,4660
2,5,4665
8,2,4667
8,2,4669
5,4,4673
9,1,4674
8,2,4676
7,3,4679
9,1,4680
8,2,4682
9,1,4683
6,3,4686
8,2,4688
5,4,4692
5,4,4696
9,1,4697
7,3,4700
9,1,4701
4,5,4706
9,1,4707
9,1,4708
9,1,4709
7,3,4712
4,5,4717
9,1,4718
8,2,4720
9,1,4721
7,3,4724
9,1,4725
9,1,4726
8,2,4728
9,1,4729
9,1,4730
8,2,4732
9,1,4733
8,2,4735
6,3,4738
9,1,4739
6,3,4742
9,1,4743
5,4,4747
9,1,4748
8,2,4750
7,3,4753
7,3,4756
9,1,4757
9,1,4758
4,4,4762
9,1,4763
8,2,4765
9,1,4766
9,1,4767
8,2,4769
8,2,4771
9,1,4772
9,1,4773
8,2,4775
5,4,4779
9,1,4780
5,4,4784
6,4,4788
6,4,4792
8,2,4794
9,1,4795
9,1,4796
9,1,4797
9,1,4798
8,2,4800
8,2,4802
9,1,4803
9,1,4804
8,2,4806
8,2,4808
6,4,4812
7,3,4815
9,1,4816
7,3,4819
8,2,4821
6,3,4824
7,3,4827
9,1,4828
9,1,4829
6,3,4832
9,1,4833
8,2,4835
9,1,4836
9,1,4837
8,2,4839
8,2,4841
9,1,4842
6,3,4845
8,2,4847
6,3,4850
5,4,4854
6,3,4857
7,3,4860
8,2,4862
3,5,4867
8,2,4869
9,1,4870
7,3,4873
9,1,4874
6,3,4877
-40,20,4897
9,1,4898
9,1,4899
6,3,4902
5,4,4906
7,3,4909
8,2,4911
8,2,4913
6,4,4917
8,2,4919
6,4,4923
9,1,4924
8,2,4926
9,1,4927
9,1,4928
8,2,4930
8,2,4932
7,3,4935
6,3,4938
9,1,4939
7,3,4942
6,3,4945
7,3,4948
9,1,4949
8,2,4951
9,1,4952
9,1,4953
9,1,4954
9,1,4955
8,2,4957
9,1,4958
9,1,4959
5,4,4963
6,3,4966
8,2,4968
8,2,4970
8,2,4972
8,2,4974
9,1,4975
9,1,4976
7,3,4979
7,3,4982
8,2,4984
7,3,4987
9,1,4988
9,1,4989
6,3,4992
6,3,4995
9,1,4996
8,2,4998
9,1,4999
8,2,5001
9,1,5002
7,3,5005
6,3,5008
9,1,5009
9,1,5010
9,1,5011
8,2,5013
9,1,5014
9,1,5015
7,3,5018
9,1,5019
9,1,5020
9,1,5021
5,4,5025
6,4,5029
9,1,5030
9,1,5031
8,2,5033
9,1,5034
8,2,5036
9,1,5037
9,1,5038
9,1,5039
9,1,5040
9,1,5041
9,1,5042
6,3,5045
8,2,5047
8,2,5049
2,5,5054
6,3,5057
9,1,5058
5,4,5062
9,1,5063
6,3,5066
2,5,5071
9,1,5072
8,2,5074
9,1,5075
9,1,5076
9,1,5077
8,2,5079
7,3,5082
7,3,5085
9,1,5086
9,1,5087
9,1,5088
8,2,5090
9,1,5091
7,3,5094
9,1,5095
9,1,5096
9,1,5097
9,1,5098
8,2,5100
5,4,5104
9,1,5105
8,2,5107
9,1,5108
8,2,5110
9,1,5111
8,2,5113
5,4,5117
7,3,5120
7,3,5123
9,1,5124
8,2,5126
9,1,5127
8,2,5129
9,1,5130
9,1,5131
8,2,5133
9,1,5134
6,4,5138
8,2,5140
8,2,5142
8,2,5144
9,1,5145
6,3,5148
8,2,5150
9,1,5151
8,2,5153
9,1,5154
8,2,5156
9,1,5157
6,4,5161
8,2,5163
7,3,5166
7,3,5169
9,1,5170
6,3,5173
9,1,5174
9,1,5175
6,3,5178
8,2,5180
8,2,5182
9,1,5183
4,4,5187
2,5,5192
6,3,5195
6,3,5198
8,2,5200
8,2,5202
9,1,5203
5,4,5207
9,1,5208
8,2,5210
8,2,5212
8,2,5214
9,1,5215
8,2,5217
9,1,5218
9,1,5219
8,2,5221
7,3,5224
8,2,5226
9,1,5227
9,1,5228
6,3,5231
9,1,5232
9,1,5233
8,2,5235
4,4,5239
0,6,5245
8,2,5247
9,1,5248
6,3,5251
9,1,5252
9,1,5253
9,1,5254
6,4,5258
9,1,5259
9,1,5260
9,1,5261
8,2,5263
7,3,5266
9,1,5267
7,3,5270
9,1,5271
8,2,5273
6,3,5276
7,3,5279
9,1,5280
6,3,5283
6,3,5286
6,3,5289
9,1,5290
5,4,5294
8,2,5296
6,3,5299
9,1,5300
9,1,5301
7,3,5304
6,4,5308
6,3,5311
8,2,5313
9,1,5314
5,4,5318
8,2,5320
9,1,5321
9,1,5322
8,2,5324
9,1,5325
7,3,5328
9,1,5329
9,1,5330
8,2,5332
9,1,5333
8,2,5335
6,3,5338
6,3,5341
9,1,5342
9,1,5343
1,6,5349
9,1,5350
9,1,5351
8,2,5353
5,4,5357
6,3,5360
6,3,5363
8,2,5365
9,1,5366
8,2,5368
8,2,5370
9,1,5371
8,2,5373
9,1,5374
9,1,5375
9,1,5376
6,3,5379
9,1,5380
6,3,5383
9,1,5384
8,2,5386
6,3,5389
9,1,5390
9,1,5391
9,1,5392
5,4,5396
9,1,5397
9,1,5398
9,1,5399
5,4,5403
6,4,5407
8,2,5409
8,2,5411
9,1,5412
7,3,5415
9,1,5416
9,1,5417
8,2,5419
8,2,5421
7,3,5424
7,3,5427
8,2,5429
8,2,5431
9,1,5432
9,1,5433
9,1,5434
9,1,5435
9,1,5436
8,2,5438
9,1,5439
9,1,5440
8,2,5442
6,3,5445
7,3,5448
8,2,5450
9,1,5451
8,2,5453
6,3,5456
9,1,5457
9,1,5458
9,1,5459
7,3,5462
9,1,5463
9,1,5464
9,1,5465
8,2,5467
6,3,5470
6,3,5473
9,1,5474
8,2,5476
9,1,5477
9,1,5478
7,3,5481
7,3,5484
6,4,5488
9,1,5489
7,3,5492
7,3,5495
8,2,5497
9,1,5498
9,1,5499
9,1,5500
7,3,5503
7,3,5506
9,1,5507
7,3,5510
6,3,5513
8,2,5515
5,4,5519
7,3,5522
4,4,5526
9,1,5527
9,1,5528
7,3,5531
5,4,5535
8,2,5537
4,4,5541
8,2,5543
9,1,5544
6,3,5547
7,3,5550
9,1,5551
8,2,5553
9,1,5554
7,3,5557
9,1,5558
6,3,5561
7,3,5564
6,4,5568
9,1,5569
8,2,5571
8,2,5573
8,2,5575
9,1,5576
7,3,5579
9,1,5580
8,2,5582
8,2,5584
8,2,5586
7,3,5589
-27,20,5609
9,1,5610
9,1,5611
6,3,5614
9,1,5615
8,2,5617
9,1,5618
8,2,5620
6,3,5623
6,3,5626
8,2,5628
5,4,5632
4,5,5637
6,3,5640
9,1,5641
6,3,5644
4,4,5648
9,1,5649
8,2,5651
9,1,5652
7,3,5655
9,1,5656
8,2,5658
8,2,5660
8,2,5662
9,1,5663
7,3,5666
9,1,5667
8,2,5669
6,4,5673
8,2,5675
7,3,5678
6,4,5682
9,1,5683
9,1,5684
9,1,5685
6,3,5688
9,1,5689
9,1,5690
9,1,5691
9,1,5692
8,2,5694
7,3,5697
9,1,5698
9,1,5699
8,2,5701
8,2,5703
4,4,5707
9,1,5708
5,4,5712
9,1,5713
9,1,5714
8,2,5716
8,2,5718
9,1,5719
8,2,5721
8,2,5723
9,1,5724
9,1,5725
9,1,5726
8,2,5728
9,1,5729
8,2,5731
9,1,5732
7,3,5735
7,3,5738
8,2,5740
9,1,5741
5,4,5745
8,2,5747
9,1,5748
9,1,5749
9,1,5750
8,2,5752
9,1,5753
9,1,5754
8,2,5756
9,1,5757
9,1,5758
9,1,5759
5,4,5763
9,1,5764
9,1,5765
9,1,5766
8,2,5768
9,1,5769
9,1,5770
9,1,5771
9,1,5772
4,5,5777
8,2,5779
8,2,5781
9,1,5782
6,3,5785
4,4,5789
9,1,5790
7,3,5793
9,1,5794
8,2,5796
9,1,5797
9,1,5798
6,3,5801
9,1,5802
9,1,5803
5,4,5807
8,2,5809
9,1,5810
6,4,5814
8,2,5816
8,2,5818
7,3,5821
5,4,5825
9,1,5826
9,1,5827
9,1,5828
6,3,5831
8,2,5833
9,1,5834
5,4,5838
5,5,5843
8,2,5845
9,1,5846
9,1,5847
9,1,5848
8,2,5850
8,2,5852
8,2,5854
8,2,5856
9,1,5857
8,2,5859
9,1,5860
9,1,5861
6,3,5864
9,1,5865
6,3,5868
5,4,5872
6,3,5875
8,2,5877
9,1,5878
8,2,5880
8,2,5882
8,2,5884
9,1,5885
9,1,5886
9,1,5887
9,1,5888
8,2,5890
6,3,5893
9,1,5894
9,1,5895
9,1,5896
9,1,5897
8,2,5899
9,1,5900
9,1,5901
6,3,5904
9,1,5905
9,1,5906
9,1,5907
8,2,5909
8,2,5911
9,1,5912
8,2,5914
6,3,5917
6,4,5921
6,3,5924
9,1,5925
9,1,5926
0,6,5932
8,2,5934
9,1,5935
8,2,5937
8,2,5939
9,1,5940
9,1,5941
8,2,5943
9,1,5944
9,1,5945
9,1,5946
9,1,5947
9,1,5948
7,3,5951
9,1,5952
9,1,5953
8,2,5955
7,3,5958
8,2,5960
9,1,5961
9,1,5962
8,2,5964
9,1,5965
9,1,5966
9,1,5967
9,1,5968
5,4,5972
9,1,5973
8,2,5975
4,4,5979
9,1,5980
9,1,5981
8,2,5983
9,1,5984
8,2,5986
8,2,5988
8,2,5990
9,1,5991
9,1,5992
9,1,5993
9,1,5994
9,1,5995
9,1,5996
8,2,5998
9,1,5999
9,1,6000
8,2,6002
9,1,6003
7,3,6006
9,1,6007
8,2,6009
9,1,6010
4,4,6014
9,1,6015
8,2,6017
9,1,6018
9,1,6019
8,2,6021
9,1,6022
9,1,6023
5,4,6027
8,2,6029
9,1,6030
7,3,6033
4,4,6037
0,7,6044
-40,20,6064
9,1,6065
9,1,6066
9,1,6067
8,2,6069
8,2,6071
8,2,6073
8,2,6075
9,1,6076
9,1,6077
8,2,6079
8,2,6081
2,5,6086
8,2,6088
8,2,6090
9,1,6091
8,2,6093
9,1,6094
9,1,6095
7,3,6098
8,2,6100
9,1,6101
8,2,6103
8,2,6105
9,1,6106
8,2,6108
7,3,6111
8,2,6113
8,2,6115
9,1,6116
9,1,6117
9,1,6118
8,2,6120
9,1,6121
9,1,6122
9,1,6123
9,1,6124
7,3,6127
9,1,6128
9,1,6129
4,5,6134
9,1,6135
9,1,6136
9,1,6137
8,2,6139
8,2,6141
8,2,6143
9,1,6144
9,1,6145
8,2,6147
9,1,6148
9,1,6149
8,2,6151
9,1,6152
3,5,6157
7,3,6160
9,1,6161
8,2,6163
9,1,6164
8,2,6166
9,1,6167
9,1,6168
9,1,6169
9,1,6170
9,1,6171
8,2,6173
9,1,6174
8,2,6176
8,2,6178
6,3,6181
5,4,6185
9,1,6186
9,1,6187
8,2,6189
6,3,6192
8,2,6194
3,6,6200
9,1,6201
9,1,6202
9,1,6203
8,2,6205
9,1,6206
8,2,6208
9,1,6209
9,1,6210
9,1,6211
9,1,6212
9,1,6213
9,1,6214
9,1,6215
7,3,6218
8,2,6220
5,4,6224
8,2,6226
9,1,6227
9,1,6228
9,1,6229
8,2,6231
8,2,6233
9,1,6234
9,1,6235
6,4,6239
9,1,6240
8,2,6242
8,2,6244
8,2,6246
6,3,6249
6,3,6252
5,4,6256
7,3,6259
9,1,6260
9,1,6261
9,1,6262
8,2,6264
9,1,6265
8,2,6267
8,2,6269
9,1,6270
8,2,6272
8,2,6274
6,3,6277
9,1,6278
8,2,6280
9,1,6281
9,1,6282
8,2,6284
8,2,6286
9,1,6287
9,1,6288
9,1,6289
7,3,6292
8,2,6294
9,1,6295
9,1,6296
7,3,6299
8,2,6301
9,1,6302
6,3,6305
8,2,6307
9,1,6308
8,2,6310
9,1,6311
7,3,6314
9,1,6315
8,2,6317
8,2,6319
9,1,6320
9,1,6321
9,1,6322
5,4,6326
8,2,6328
9,1,6329
7,3,6332
9,1,6333
6,4,6337
6,4,6341
8,2,6343
7,3,6346
9,1,6347
8,2,6349
7,3,6352
9,1,6353
8,2,6355
9,1,6356
9,1,6357
8,2,6359
8,2,6361
8,2,6363
9,1,6364
9,1,6365
9,1,6366
9,1,6367
9,1,6368
9,1,6369
8,2,6371
8,2,6373
9,1,6374
7,3,6377
5,4,6381
7,3,6384
7,3,6387
9,1,6388
6,3,6391
9,1,6392
6,3,6395
9,1,6396
8,2,6398
5,4,6402
9,1,6403
9,1,6404
9,1,6405
8,2,6407
8,2,6409
7,3,6412
9,1,6413
9,1,6414
8,2,6416
8,2,6418
8,2,6420
7,3,6423
6,4,6427
8,2,6429
8,2,6431
8,2,6433
8,2,6435
9,1,6436
9,1,6437
9,1,6438
9,1,6439
9,1,6440
8,2,6442
8,2,6444
9,1,6445
8,2,6447
9,1,6448
9,1,6449
8,2,6451
8,2,6453
8,2,6455
9,1,6456
9,1,6457
9,1,6458
8,2,6460
9,1,6461
9,1,6462
9,1,6463
9,1,6464
8,2,6466
9,1,6467
9,1,6468
9,1,6469
9,1,6470
8,2,6472
7,3,6475
8,2,6477
9,1,6478
8,2,6480
9,1,6481
8,2,6483
8,2,6485
9,1,6486
9,1,6487
9,1,6488
9,1,6489
7,3,6492
9,1,6493
9,1,6494
9,1,6495
9,1,6496
9,1,6497
9,1,6498
7,3,6501
9,1,6502
8,2,6504
9,1,6505
8,2,6507
8,2,6509
8,2,6511
8,2,6513
9,1,6514
8,2,6516
9,1,6517
9,1,6518
8,2,6520
8,2,6522
8,2,6524
9,1,6525
9,1,6526
7,3,6529
9,1,6530
9,1,6531
9,1,6532
1,6,6538
9,1,6539
9,1,6540
9,1,6541
9,1,6542
9,1,6543
9,1,6544
9,1,6545
7,3,6548
8,2,6550
9,1,6551
9,1,6552
9,1,6553
6,4,6557
9,1,6558
9,1,6559
8,2,6561
9,1,6562
6,4,6566
8,2,6568
7,3,6571
1,7,6578
8,2,6580
8,2,6582
8,2,6584
9,1,6585
9,1,6586
9,1,6587
8,2,6589
9,1,6590
9,1,6591
6,4,6595
8,2,6597
8,2,6599
7,3,6602
8,2,6604
8,2,6606
9,1,6607
9,1,6608
9,1,6609
9,1,6610
8,2,6612
9,1,6613
8,2,6615
8,2,6617
9,1,6618
9,1,6619
8,2,6621
9,1,6622
6,4,6626
9,1,6627
8,2,6629
7,3,6632
7,3,6635
3,5,6640
9,1,6641
8,2,6643
8,2,6645
9,1,6646
9,1,6647
6,4,6651
9,1,6652
8,2,6654
9,1,6655
9,1,6656
8,2,6658
8,2,6660
7,3,6663
8,2,6665
9,1,6666
7,3,6669
9,1,6670
9,1,6671
9,1,6672
6,4,6676
9,1,6677
9,1,6678
8,2,6680
9,1,6681
1,7,6688
8,2,6690
9,1,6691
7,3,6694
8,2,6696
7,3,6699
6,3,6702
8,2,6704
9,1,6705
8,2,6707
7,3,6710
9,1,6711
9,1,6712
9,1,6713
9,1,6714
5,5,6719
9,1,6720
9,1,6721
8,2,6723
9,1,6724
9,1,6725
8,2,6727
8,2,6729
8,2,6731
8,2,6733
9,1,6734
9,1,6735
9,1,6736
8,2,6738
9,1,6739
7,3,6742
9,1,6743
8,2,6745
7,3,6748
9,1,6749
9,1,6750
9,1,6751
8,2,6753
9,1,6754
6,3,6757
9,1,6758
8,2,6760
8,2,6762
8,2,6764
8,2,6766
9,1,6767
0,8,6775
8,2,6777
8,2,6779
8,2,6781
7,3,6784
8,2,6786
9,1,6787
9,1,6788
9,1,6789
7,3,6792
9,1,6793
8,2,6795
8,2,6797
9,1,6798
9,1,6799
8,2,6801
9,1,6802
9,1,6803
8,2,6805
8,2,6807
9,1,6808
8,2,6810
9,1,6811
7,3,6814
6,3,6817
9,1,6818
8,2,6820
8,2,6822
8,2,6824
7,3,6827
6,3,6830
9,1,6831
9,1,6832
9,1,6833
9,1,6834
9,1,6835
9,1,6836
9,1,6837
8,2,6839
9,1,6840
8,2,6842
5,4,6846
9,1,6847
9,1,6848
8,2,6850
9,1,6851
9,1,6852
8,2,6854
9,1,6855
6,4,6859
8,2,6861
8,2,6863
8,2,6865
9,1,6866
9,1,6867
9,1,6868
8,2,6870
8,2,6872
9,1,6873
8,2,6875
9,1,6876
9,1,6877
8,2,6879
7,3,6882
8,2,6884
9,1,6885
9,1,6886
8,2,6888
6,4,6892
7,3,6895
8,2,6897
8,2,6899
8,2,6901
7,3,6904
8,2,6906
9,1,6907
9,1,6908
8,2,6910
8,2,6912
9,1,6913
9,1,6914
8,2,6916
9,1,6917
8,2,6919
8,2,6921
9,1,6922
9,1,6923
9,1,6924
8,2,6926
9,1,6927
9,1,6928
8,2,6930
8,2,6932
8,2,6934
8,2,6936
8,2,6938
9,1,6939
9,1,6940
9,1,6941
9,1,6942
9,1,6943
9,1,6944
7,3,6947
9,1,6948
9,1,6949
8,2,6951
9,1,6952
9,1,6953
9,1,6954
8,2,6956
9,1,6957
8,2,6959
8,2,6961
8,2,6963
9,1,6964
9,1,6965
9,1,6966
8,2,6968
8,2,6970
8,2,6972
8,2,6974
8,2,6976
8,2,6978
9,1,6979
8,2,6981
9,1,6982
9,1,6983
9,1,6984
9,1,6985
8,2,6987
9,1,6988
8,2,6990
7,3,6993
8,2,6995
8,2,6997
9,1,6998
9,1,6999
9,1,7000
9,1,7001
9,1,7002
8,2,7004
8,2,7006
9,1,7007
8,2,7009
8,2,7011
9,1,7012
7,3,7015
7,3,7018
9,1,7019
9,1,7020
9,1,7021
9,1,7022
8,2,7024
8,2,7026
8,2,7028
9,1,7029
9,1,7030
8,2,7032
9,1,7033
8,2,7035
9,1,7036
9,1,7037
9,1,7038
7,3,7041
9,1,7042
9,1,7043
9,1,7044
9,1,7045
9,1,7046
8,2,7048
7,3,7051
9,1,7052
9,1,7053
8,2,7055
7,3,7058
8,2,7060
8,2,7062
8,2,7064
9,1,7065
8,2,7067
9,1,7068
9,1,7069
8,2,7071
6,3,7074
7,3,7077
7,3,7080
8,2,7082
9,1,7083
8,2,7085
8,2,7087
9,1,7088
8,2,7090
8,2,7092
8,2,7094
9,1,7095
9,1,7096
8,2,7098
8,2,7100
9,1,7101
6,3,7104
9,1,7105
7,3,7108
5,4,7112
9,1,7113
7,3,7116
8,2,7118
8,2,7120
9,1,7121
8,2,7123
8,2,7125
8,2,7127
8,2,7129
8,2,7131
8,2,7133
8,2,7135
4,6,7141
8,2,7143
9,1,7144
8,2,7146
9,1,7147
8,2,7149
7,3,7152
7,3,7155
6,3,7158
3,6,7164
9,1,7165
9,1,7166
9,1,7167
7,3,7170
8,2,7172
8,2,7174
8,2,7176
9,1,7177
8,2,7179
8,2,7181
8,2,7183
9,1,7184
8,2,7186
9,1,7187
9,1,7188
8,2,7190
9,1,7191
8,2,7193
9,1,7194
9,1,7195
8,2,7197
5,4,7201
9,1,7202
8,2,7204
7,3,7207
9,1,7208
8,2,7210
9,1,7211
7,3,7214
8,2,7216
8,2,7218
8,2,7220
8,2,7222
8,2,7224
8,2,7226
9,1,7227
7,3,7230
9,1,7231
9,1,7232
8,2,7234
9,1,7235
9,1,7236
9,1,7237
8,2,7239
9,1,7240
8,2,7242
8,2,7244
9,1,7245
8,2,7247
9,1,7248
9,1,7249
8,2,7251
8,2,7253
7,3,7256
8,2,7258
9,1,7259
8,2,7261
8,2,7263
8,2,7265
8,2,7267
9,1,7268
8,2,7270
9,1,7271
9,1,7272
8,2,7274
7,3,7277
8,2,7279
9,1,7280
7,3,7283
9,1,7284
9,1,7285
7,3,7288
8,2,7290
9,1,7291
8,2,7293
8,2,7295
8,2,7297
9,1,7298
9,1,7299
8,2,7301
4,5,7306
9,1,7307
8,2,7309
8,2,7311
9,1,7312
7,3,7315
8,2,7317
6,3,7320
8,2,7322
9,1,7323
9,1,7324
7,3,7327
9,1,7328
8,2,7330
9,1,7331
7,3,7334
9,1,7335
9,1,7336
8,2,7338
9,1,7339
9,1,7340
8,2,7342
8,2,7344
8,2,7346
8,2,7348
9,1,7349
8,2,7351
8,2,7353
8,2,7355
8,2,7357
9,1,7358
8,2,7360
9,1,7361
7,3,7364
9,1,7365
8,2,7367
8,2,7369
9,1,7370
8,2,7372
8,2,7374
8,2,7376
8,2,7378
8,2,7380
8,2,7382
6,4,7386
9,1,7387
9,1,7388
9,1,7389
9,1,7390
4,6,7396
9,1,7397
7,3,7400
8,2,7402
6,4,7406
8,2,7408
6,4,7412
8,2,7414
9,1,7415
9,1,7416
8,2,7418
9,1,7419
8,2,7421
9,1,7422
7,3,7425
8,2,7427
8,2,7429
9,1,7430
8,2,7432
9,1,7433
8,2,7435
7,3,7438
8,2,7440
9,1,7441
9,1,7442
9,1,7443
8,2,7445
9,1,7446
9,1,7447
8,2,7449
8,2,7451
7,3,7454
9,1,7455
8,2,7457
8,2,7459
9,1,7460
8,2,7462
8,2,7464
9,1,7465
9,1,7466
3,5,7471
8,2,7473
8,2,7475
8,2,7477
9,1,7478
8,2,7480
8,2,7482
8,2,7484
8,2,7486
8,2,7488
9,1,7489
9,1,7490
8,2,7492
8,2,7494
8,2,7496
8,2,7498
8,2,7500
9,1,7501
9,1,7502
9,1,7503
9,1,7504
8,2,7506
8,2,7508
8,2,7510
7,3,7513
8,2,7515
8,2,7517
9,1,7518
7,3,7521
9,1,7522
9,1,7523
9,1,7524
8,2,7526
9,1,7527
7,3,7530
9,1,7531
9,1,7532
8,2,7534
9,1,7535
9,1,7536
9,1,7537
8,2,7539
9,1,7540
9,1,7541
7,3,7544
8,2,7546
9,1,7547
8,2,7549
8,2,7551
9,1,7552
9,1,7553
8,2,7555
9,1,7556
8,2,7558
9,1,7559
9,1,7560
8,2,7562
8,2,7564
9,1,7565
7,3,7568
8,2,7570
8,2,7572
8,2,7574
8,2,7576
8,2,7578
9,1,7579
9,1,7580
6,4,7584
8,2,7586
7,3,7589
8,2,7591
8,2,7593
9,1,7594
9,1,7595
8,2,7597
8,2,7599
8,2,7601
9,1,7602
8,2,7604
8,2,7606
1,6,7612
9,1,7613
9,1,7614
8,2,7616
9,1,7617
9,1,7618
9,1,7619
8,2,7621
8,2,7623
9,1,7624
7,3,7627
8,2,7629
8,2,7631
8,2,7633
9,1,7634
-1,7,7641
9,1,7642
6,4,7646
8,2,7648
9,1,7649
7,3,7652
7,3,7655
9,1,7656
9,1,7657
8,2,7659
9,1,7660
9,1,7661
9,1,7662
9,1,7663
8,2,7665
8,2,7667
9,1,7668
9,1,7669
6,4,7673
8,2,7675
9,1,7676
9,1,7677
8,2,7679
8,2,7681
9,1,7682
8,2,7684
9,1,7685
9,1,7686
8,2,7688
9,1,7689
9,1,7690
9,1,7691
9,1,7692
9,1,7693
9,1,7694
8,2,7696
9,1,7697
9,1,7698
9,1,7699
9,1,7700
9,1,7701
8,2,7703
8,2,7705
7,3,7708
9,1,7709
9,1,7710
8,2,7712
9,1,7713
9,1,7714
6,4,7718
9,1,7719
9,1,7720
9,1,7721
9,1,7722
6,4,7726
9,1,7727
8,2,7729
9,1,7730
9,1,7731
9,1,7732
8,2,7734
9,1,7735
9,1,7736
9,1,7737
7,3,7740
9,1,7741
9,1,7742
8,2,7744
9,1,7745
8,2,7747
9,1,7748
9,1,7749
8,2,7751
8,2,7753
7,3,7756
6,4,7760
9,1,7761
9,1,7762
6,4,7766
7,3,7769
8,2,7771
9,1,7772
8,2,7774
8,2,7776
5,4,7780
8,2,7782
8,2,7784
9,1,7785
8,2,7787
9,1,7788
9,1,7789
8,2,7791
8,2,7793
7,3,7796
9,1,7797
8,2,7799
8,2,7801
9,1,7802
9,1,7803
8,2,7805
8,2,7807
8,2,7809
8,2,7811
9,1,7812
9,1,7813
8,2,7815
8,2,7817
9,1,7818
9,1,7819
8,2,7821
8,2,7823
7,3,7826
9,1,7827
8,2,7829
8,2,7831
8,2,7833
9,1,7834
9,1,7835
9,1,7836
7,3,7839
8,2,7841
8,2,7843
8,2,7845
9,1,7846
6,4,7850
7,3,7853
9,1,7854
9,1,7855
8,2,7857
8,2,7859
9,1,7860
9,1,7861
8,2,7863
8,2,7865
8,2,7867
9,1,7868
9,1,7869
8,2,7871
8,2,7873
8,2,7875
9,1,7876
9,1,7877
9,1,7878
9,1,7879
9,1,7880
9,1,7881
8,2,7883
9,1,7884
9,1,7885
8,2,7887
8,2,7889
7,3,7892
5,5,7897
9,1,7898
9,1,7899
8,2,7901
8,2,7903
9,1,7904
8,2,7906
8,2,7908
8,2,7910
8,2,7912
9,1,7913
9,1,7914
9,1,7915
8,2,7917
8,2,7919
8,2,7921
9,1,7922
8,2,7924
9,1,7925
9,1,7926
9,1,7927
8,2,7929
9,1,7930
8,2,7932
8,2,7934
8,2,7936
9,1,7937
8,2,7939
9,1,7940
9,1,7941
2,8,7949
9,1,7950
-39,20,7970
7,3,7973
9,1,7974
9,1,7975
9,1,7976
8,2,7978
8,2,7980
9,1,7981
8,2,7983
8,2,7985
5,4,7989
6,4,7993
9,1,7994
7,3,7997
8,2,7999
8,2,8001
9,1,8002
8,2,8004
8,2,8006
9,1,8007
9,1,8008
5,5,8013
8,2,8015
9,1,8016
8,2,8018
8,2,8020
8,2,8022
8,2,8024
9,1,8025
8,2,8027
8,2,8029
8,2,8031
9,1,8032
8,2,8034
8,2,8036
6,4,8040
6,4,8044
9,1,8045
8,2,8047
6,4,8051
9,1,8052
7,3,8055
9,1,8056
9,1,8057
8,2,8059
8,2,8061
9,1,8062
9,1,8063
8,2,8065
9,1,8066
9,1,8067
8,2,8069
8,2,8071
9,1,8072
8,2,8074
8,2,8076
8,2,8078
9,1,8079
8,2,8081
9,1,8082
8,2,8084
8,2,8086
9,1,8087
9,1,8088
8,2,8090
8,2,8092
7,3,8095
9,1,8096
8,2,8098
7,3,8101
9,1,8102
8,2,8104
7,3,8107
9,1,8108
9,1,8109
8,2,8111
9,1,8112
8,2,8114
9,1,8115
8,2,8117
8,2,8119
9,1,8120
8,2,8122
7,3,8125
8,2,8127
8,2,8129
9,1,8130
8,2,8132
8,2,8134
9,1,8135
6,4,8139
8,2,8141
9,1,8142
9,1,8143
3,6,8149
9,1,8150
8,2,8152
8,2,8154
9,1,8155
8,2,8157
8,2,8159
9,1,8160
8,2,8162
9,1,8163
9,1,8164
8,2,8166
5,5,8171
8,2,8173
9,1,8174
9,1,8175
8,2,8177
8,2,8179
8,2,8181
8,2,8183
8,2,8185
7,3,8188
8,2,8190
9,1,8191
9,1,8192
9,1,8193
9,1,8194
6,4,8198
9,1,8199
9,1,8200
8,2,8202
8,2,8204
8,2,8206
8,2,8208
8,2,8210
9,1,8211
7,3,8214
8,2,8216
9,1,8217
4,6,8223
8,2,8225
7,3,8228
8,2,8230
9,1,8231
8,2,8233
9,1,8234
9,1,8235
8,2,8237
8,2,8239
8,2,8241
9,1,8242
7,3,8245
9,1,8246
8,2,8248
9,1,8249
8,2,8251
7,3,8254
8,2,8256
9,1,8257
9,1,8258
9,1,8259
8,2,8261
7,3,8264
9,1,8265
9,1,8266
8,2,8268
7,3,8271
6,4,8275
8,2,8277
8,2,8279
8,2,8281
8,2,8283
9,1,8284
5,5,8289
9,1,8290
8,2,8292
9,1,8293
8,2,8295
8,2,8297
8,2,8299
9,1,8300
9,1,8301
8,2,8303
8,2,8305
8,2,8307
9,1,8308
9,1,8309
8,2,8311
8,2,8313
9,1,8314
5,4,8318
9,1,8319
7,3,8322
8,2,8324
7,3,8327
8,2,8329
7,3,8332
8,2,8334
9,1,8335
8,2,8337
7,3,8340
8,2,8342
9,1,8343
9,1,8344
8,2,8346
7,3,8349
8,2,8351
9,1,8352
9,1,8353
9,1,8354
8,2,8356
9,1,8357
8,2,8359
9,1,8360
9,1,8361
7,3,8364
8,2,8366
8,2,8368
8,2,8370
7,3,8373
8,2,8375
9,1,8376
9,1,8377
8,2,8379
8,2,8381
8,2,8383
9,1,8384
9,1,8385
9,1,8386
8,2,8388
8,2,8390
8,2,8392
9,1,8393
9,1,8394
8,2,8396
9,1,8397
8,2,8399
5,5,8404
9,1,8405
7,3,8408
9,1,8409
9,1,8410
9,1,8411
6,4,8415
8,2,8417
8,2,8419
9,1,8420
8,2,8422
9,1,8423
9,1,8424
9,1,8425
7,3,8428
8,2,8430
9,1,8431
4,5,8436
9,1,8437
8,2,8439
9,1,8440
9,1,8441
8,2,8443
9,1,8444
9,1,8445
8,2,8447
9,1,8448
9,1,8449
9,1,8450
8,2,8452
9,1,8453
8,2,8455
9,1,8456
8,2,8458
9,1,8459
8,2,8461
9,1,8462
8,2,8464
7,3,8467
9,1,8468
9,1,8469
9,1,8470
7,3,8473
7,3,8476
8,2,8478
9,1,8479
8,2,8481
9,1,8482
9,1,8483
9,1,8484
8,2,8486
9,1,8487
9,1,8488
7,3,8491
9,1,8492
9,1,8493
6,4,8497
9,1,8498
8,2,8500
8,2,8502
9,1,8503
6,4,8507
8,2,8509
9,1,8510
8,2,8512
9,1,8513
9,1,8514
7,3,8517
8,2,8519
9,1,8520
9,1,8521
9,1,8522
8,2,8524
8,2,8526
6,4,8530
8,2,8532
8,2,8534
8,2,8536
8,2,8538
9,1,8539
9,1,8540
8,2,8542
9,1,8543
8,2,8545
9,1,8546
8,2,8548
8,2,8550
8,2,8552
9,1,8553
8,2,8555
9,1,8556
8,2,8558
9,1,8559
7,3,8562
9,1,8563
9,1,8564
8,2,8566
7,3,8569
9,1,8570
9,1,8571
9,1,8572
5,5,8577
9,1,8578
8,2,8580
9,1,8581
9,1,8582
9,1,8583
9,1,8584
9,1,8585
8,2,8587
9,1,8588
8,2,8590
8,2,8592
9,1,8593
8,2,8595
9,1,8596
9,1,8597
8,2,8599
7,3,8602
8,2,8604
9,1,8605
8,2,8607
9,1,8608
7,3,8611
6,4,8615
9,1,8616
9,1,8617
6,4,8621
9,1,8622
9,1,8623
6,4,8627
7,3,8630
8,2,8632
9,1,8633
8,2,8635
9,1,8636
7,3,8639
8,2,8641
9,1,8642
8,2,8644
8,2,8646
9,1,8647
7,3,8650
9,1,8651
5,4,8655
9,1,8656
8,2,8658
8,2,8660
7,3,8663
9,1,8664
8,2,8666
4,6,8672
9,1,8673
9,1,8674
9,1,8675
8,2,8677
9,1,8678
9,1,8679
8,2,8681
8,2,8683
9,1,8684
9,1,8685
9,1,8686
9,1,8687
8,2,8689
9,1,8690
9,1,8691
8,2,8693
3,5,8698
9,1,8699
4,6,8705
9,1,8706
8,2,8708
8,2,8710
8,2,8712
9,1,8713
9,1,8714
7,3,8717
8,2,8719
8,2,8721
8,2,8723
9,1,8724
9,1,8725
8,2,8727
6,4,8731
8,2,8733
9,1,8734
8,2,8736
8,2,8738
9,1,8739
9,1,8740
9,1,8741
9,1,8742
9,1,8743
8,2,8745
9,1,8746
9,1,8747
6,4,8751
9,1,8752
9,1,8753
9,1,8754
8,2,8756
7,3,8759
7,3,8762
7,3,8765
9,1,8766
7,3,8769
9,1,8770
9,1,8771
8,2,8773
9,1,8774
9,1,8775
8,2,8777
4,4,8781
9,1,8782
9,1,8783
7,3,8786
8,2,8788
8,2,8790
8,2,8792
9,1,8793
9,1,8794
9,1,8795
9,1,8796
9,1,8797
7,3,8800
8,2,8802
7,3,8805
9,1,8806
9,1,8807
9,1,8808
8,2,8810
9,1,8811
9,1,8812
9,1,8813
8,2,8815
9,1,8816
9,1,8817
9,1,8818
9,1,8819
8,2,8821
9,1,8822
9,1,8823
8,2,8825
9,1,8826
8,2,8828
7,3,8831
5,5,8836
8,2,8838
8,2,8840
9,1,8841
9,1,8842
7,3,8845
9,1,8846
8,2,8848
9,1,8849
8,2,8851
8,2,8853
8,2,8855
9,1,8856
9,1,8857
5,5,8862
9,1,8863
8,2,8865
7,3,8868
9,1,8869
9,1,8870
9,1,8871
8,2,8873
7,3,8876
9,1,8877
9,1,8878
7,3,8881
8,2,8883
8,2,8885
8,2,8887
8,2,8889
9,1,8890
9,1,8891
9,1,8892
9,1,8893
9,1,8894
7,3,8897
8,2,8899
9,1,8900
9,1,8901
8,2,8903
9,1,8904
9,1,8905
8,2,8907
9,1,8908
9,1,8909
7,3,8912
9,1,8913
8,2,8915
9,1,8916
8,2,8918
9,1,8919
9,1,8920
9,1,8921
8,2,8923
8,2,8925
8,2,8927
8,2,8929
9,1,8930
9,1,8931
9,1,8932
9,1,8933
9,1,8934
4,5,8939
7,3,8942
6,4,8946
9,1,8947
8,2,8949
7,3,8952
8,2,8954
8,2,8956
8,2,8958
8,2,8960
9,1,8961
5,4,8965
6,4,8969
8,2,8971
9,1,8972
8,2,8974
9,1,8975
9,1,8976
9,1,8977
9,1,8978
8,2,8980
9,1,8981
8,2,8983
9,1,8984
9,1,8985
9,1,8986
9,1,8987
9,1,8988
9,1,8989
8,2,8991
8,2,8993
7,3,8996
9,1,8997
9,1,8998
9,1,8999
7,3,9002
8,2,9004
8,2,9006
8,2,9008
8,2,9010
8,2,9012
8,2,9014
6,4,9018
9,1,9019
8,2,9021
7,3,9024
9,1,9025
9,1,9026
9,1,9027
9,1,9028
9,1,9029
6,4,9033
9,1,9034
9,1,9035
9,1,9036
8,2,9038
8,2,9040
9,1,9041
9,1,9042
8,2,9044
8,2,9046
8,2,9048
8,2,9050
9,1,9051
9,1,9052
9,1,9053
9,1,9054
9,1,9055
6,4,9059
9,1,9060
9,1,9061
6,4,9065
9,1,9066
8,2,9068
8,2,9070
8,2,9072
8,2,9074
7,3,9077
9,1,9078
8,2,9080
8,2,9082
8,2,9084
9,1,9085
9,1,9086
9,1,9087
9,1,9088
9,1,9089
8,2,9091
7,3,9094
9,1,9095
9,1,9096
7,3,9099
3,7,9106
8,2,9108
8,2,9110
7,3,9113
9,1,9114
9,1,9115
8,2,9117
6,3,9120
9,1,9121
8,2,9123
8,2,9125
8,2,9127
7,3,9130
9,1,9131
9,1,9132
5,4,9136
8,2,9138
9,1,9139
8,2,9141
9,1,9142
8,2,9144
9,1,9145
8,2,9147
8,2,9149
9,1,9150
8,2,9152
9,1,9153
9,1,9154
9,1,9155
9,1,9156
9,1,9157
8,2,9159
9,1,9160
9,1,9161
8,2,9163
9,1,9164
9,1,9165
9,1,9166
8,2,9168
7,3,9171
9,1,9172
8,2,9174
9,1,9175
8,2,9177
9,1,9178
9,1,9179
8,2,9181
6,4,9185
9,1,9186
8,2,9188
7,3,9191
8,2,9193
9,1,9194
9,1,9195
8,2,9197
9,1,9198
9,1,9199
8,2,9201
9,1,9202
2,8,9210
7,3,9213
9,1,9214
6,4,9218
9,1,9219
9,1,9220
4,4,9224
8,2,9226
7,3,9229
9,1,9230
9,1,9231
9,1,9232
9,1,9233
9,1,9234
9,1,9235
8,2,9237
7,3,9240
9,1,9241
8,2,9243
8,2,9245
9,1,9246
9,1,9247
9,1,9248
9,1,9249
9,1,9250
9,1,9251
7,3,9254
9,1,9255
8,2,9257
9,1,9258
9,1,9259
9,1,9260
8,2,9262
9,1,9263
8,2,9265
9,1,9266
9,1,9267
8,2,9269
8,2,9271
8,2,9273
9,1,9274
8,2,9276
8,2,9278
9,1,9279
9,1,9280
8,2,9282
7,3,9285
4,5,9290
9,1,9291
9,1,9292
9,1,9293
8,2,9295
8,2,9297
7,3,9300
9,1,9301
8,2,9303
9,1,9304
8,2,9306
8,2,9308
9,1,9309
8,2,9311
9,1,9312
8,2,9314
9,1,9315
9,1,9316
8,2,9318
9,1,9319
7,3,9322
8,2,9324
9,1,9325
5,5,9330
8,2,9332
9,1,9333
7,3,9336
6,4,9340
2,5,9345
8,2,9347
9,1,9348
8,2,9350
5,5,9355
7,3,9358
7,3,9361
9,1,9362
9,1,9363
9,1,9364
9,1,9365
9,1,9366
9,1,9367
9,1,9368
9,1,9369
8,2,9371
9,1,9372
9,1,9373
8,2,9375
9,1,9376
7,3,9379
9,1,9380
9,1,9381
9,1,9382
8,2,9384
8,2,9386
3,7,9393
9,1,9394
8,2,9396
8,2,9398
9,1,9399
9,1,9400
9,1,9401
9,1,9402
9,1,9403
9,1,9404
9,1,9405
8,2,9407
7,3,9410
8,2,9412
7,3,9415
6,3,9418
8,2,9420
8,2,9422
8,2,9424
8,2,9426
9,1,9427
8,2,9429
8,2,9431
9,1,9432
8,2,9434
9,1,9435
9,1,9436
7,3,9439
9,1,9440
8,2,9442
9,1,9443
9,1,9444
7,3,9447
8,2,9449
8,2,9451
9,1,9452
9,1,9453
9,1,9454
7,3,9457
9,1,9458
9,1,9459
9,1,9460
9,1,9461
9,1,9462
9,1,9463
9,1,9464
8,2,9466
8,2,9468
9,1,9469
8,2,9471
9,1,9472
9,1,9473
9,1,9474
9,1,9475
8,2,9477
9,1,9478
7,3,9481
9,1,9482
8,2,9484
9,1,9485
9,1,9486
9,1,9487
7,3,9490
9,1,9491
9,1,9492
6,4,9496
9,1,9497
9,1,9498
8,2,9500
9,1,9501
8,2,9503
8,2,9505
6,4,9509
7,3,9512
9,1,9513
8,2,9515
8,2,9517
7,3,9520
9,1,9521
9,1,9522
7,3,9525
9,1,9526
9,1,9527
9,1,9528
7,3,9531
8,2,9533
9,1,9534
9,1,9535
9,1,9536
8,2,9538
8,2,9540
8,2,9542
9,1,9543
7,3,9546
7,3,9549
8,2,9551
9,1,9552
9,1,9553
8,2,9555
6,4,9559
9,1,9560
8,2,9562
9,1,9563
7,3,9566
9,1,9567
9,1,9568
7,3,9571
9,1,9572
8,2,9574
9,1,9575
6,4,9579
9,1,9580
6,4,9584
9,1,9585
7,3,9588
9,1,9589
9,1,9590
7,3,9593
9,1,9594
9,1,9595
7,3,9598
9,1,9599
9,1,9600
9,1,9601
4,6,9607
6,4,9611
5,5,9616
8,2,9618
8,2,9620
9,1,9621
8,2,9623
9,1,9624
8,2,9626
8,2,9628
6,4,9632
9,1,9633
8,2,9635
9,1,9636
8,2,9638
8,2,9640
9,1,9641
7,3,9644
9,1,9645
8,2,9647
9,1,9648
6,4,9652
9,1,9653
9,1,9654
9,1,9655
9,1,9656
9,1,9657
8,2,9659
7,3,9662
7,3,9665
9,1,9666
9,1,9667
9,1,9668
8,2,9670
9,1,9671
6,4,9675
8,2,9677
9,1,9678
9,1,9679
8,2,9681
9,1,9682
9,1,9683
9,1,9684
7,3,9687
9,1,9688
5,5,9693
8,2,9695
9,1,9696
9,1,9697
5,5,9702
9,1,9703
7,3,9706
9,1,9707
9,1,9708
8,2,9710
5,5,9715
7,3,9718
8,2,9720
8,2,9722
7,3,9725
8,2,9727
9,1,9728
8,2,9730
8,2,9732
9,1,9733
9,1,9734
9,1,9735
9,1,9736
9,1,9737
9,1,9738
5,4,9742
9,1,9743
7,3,9746
9,1,9747
8,2,9749
9,1,9750
9,1,9751
9,1,9752
9,1,9753
9,1,9754
9,1,9755
8,2,9757
9,1,9758
9,1,9759
8,2,9761
8,2,9763
9,1,9764
9,1,9765
8,2,9767
9,1,9768
8,2,9770
9,1,9771
8,2,9773
8,2,9775
9,1,9776
9,1,9777
8,2,9779
8,2,9781
7,3,9784
8,2,9786
9,1,9787
6,4,9791
8,2,9793
9,1,9794
7,3,9797
8,2,9799
8,2,9801
9,1,9802
9,1,9803
9,1,9804
9,1,9805
9,1,9806
7,3,9809
9,1,9810
6,4,9814
9,1,9815
9,1,9816
9,1,9817
8,2,9819
8,2,9821
8,2,9823
9,1,9824
